4.904671392000000000e+09 2.952875407159999099e+02 0.000000000000000000e+00
4.904762976000000000e+09 2.958114079270000616e+02 0.000000000000000000e+00
4.904854560000000000e+09 2.970963844060000270e+02 0.000000000000000000e+00
4.904934912000000000e+09 2.993885874499999318e+02 0.000000000000000000e+00
4.905021312000000000e+09 3.018939466599999832e+02 0.000000000000000000e+00
4.905101664000000000e+09 3.044980930930000227e+02 0.000000000000000000e+00
4.905193248000000000e+09 3.072271299920000160e+02 0.000000000000000000e+00
4.905273600000000000e+09 3.095849970209999356e+02 0.000000000000000000e+00
4.905325440000000000e+09 3.110170958069999756e+02 0.000000000000000000e+00
4.905410976000000000e+09 3.125935281859999577e+02 0.000000000000000000e+00
4.905508608000000000e+09 3.132090275610000276e+02 0.000000000000000000e+00
4.905571680000000000e+09 3.133089894069999559e+02 0.000000000000000000e+00
4.905658944000000000e+09 3.125587719799999604e+02 0.000000000000000000e+00
4.905743616000000000e+09 3.117593665259998943e+02 0.000000000000000000e+00
4.905831744000000000e+09 3.111322726600000124e+02 0.000000000000000000e+00
4.905909504000000000e+09 3.104263692770000489e+02 0.000000000000000000e+00
4.905996768000000000e+09 3.102006981790000282e+02 0.000000000000000000e+00
4.906082304000000000e+09 3.101427894410000476e+02 0.000000000000000000e+00
4.906203264000000000e+09 3.110113673280000626e+02 0.000000000000000000e+00
4.906288800000000000e+09 3.132684209399999986e+02 0.000000000000000000e+00
4.906370016000000000e+09 3.153638140659999181e+02 0.000000000000000000e+00
4.906421856000000000e+09 3.164169421270000271e+02 0.000000000000000000e+00
4.906507392000000000e+09 3.172803750770000875e+02 0.000000000000000000e+00
4.906593792000000000e+09 3.168074336930000072e+02 0.000000000000000000e+00
4.906679328000000000e+09 3.154074575370000275e+02 0.000000000000000000e+00
4.906765728000000000e+09 3.129655891979999751e+02 0.000000000000000000e+00
4.906852128000000000e+09 3.114337554330000444e+02 0.000000000000000000e+00
4.906932480000000000e+09 3.110200995179999381e+02 0.000000000000000000e+00
4.907018016000000000e+09 3.115325421750000032e+02 0.000000000000000000e+00
4.907109600000000000e+09 3.119713131619999444e+02 0.000000000000000000e+00
4.907183904000000000e+09 3.116677950489998921e+02 0.000000000000000000e+00
4.907267712000000000e+09 3.115089636520000340e+02 0.000000000000000000e+00
4.907356704000000000e+09 3.118722546269999043e+02 0.000000000000000000e+00
4.907447424000000000e+09 3.126191129260000707e+02 0.000000000000000000e+00
4.907521728000000000e+09 3.131835159310000449e+02 0.000000000000000000e+00
4.907608992000000000e+09 3.135523568929999669e+02 0.000000000000000000e+00
4.907694528000000000e+09 3.136125410840000427e+02 0.000000000000000000e+00
4.907780064000000000e+09 3.134734170570000629e+02 0.000000000000000000e+00
4.907952000000000000e+09 3.119995612699999583e+02 0.000000000000000000e+00
4.908037536000000000e+09 3.114668504729999654e+02 0.000000000000000000e+00
4.908135168000000000e+09 3.109164001830000075e+02 0.000000000000000000e+00
4.908215520000000000e+09 3.104693749830000229e+02 0.000000000000000000e+00
4.908307104000000000e+09 3.099641816129999370e+02 0.000000000000000000e+00
4.908376224000000000e+09 3.098696725100000435e+02 0.000000000000000000e+00
4.908456576000000000e+09 3.101931744579999304e+02 0.000000000000000000e+00
4.908559392000000000e+09 3.104028396179999731e+02 0.000000000000000000e+00
4.908639744000000000e+09 3.107305981910000128e+02 0.000000000000000000e+00
4.908737376000000000e+09 3.117452291959999684e+02 0.000000000000000000e+00
4.908806496000000000e+09 3.125341354890001071e+02 0.000000000000000000e+00
4.908909312000000000e+09 3.145359722540000007e+02 0.000000000000000000e+00
4.908983616000000000e+09 3.161132349200000249e+02 0.000000000000000000e+00
4.909069152000000000e+09 3.188442920810000487e+02 0.000000000000000000e+00
4.909155552000000000e+09 3.225609614290000309e+02 0.000000000000000000e+00
4.909225536000000000e+09 3.262918938950000438e+02 0.000000000000000000e+00
4.909333536000000000e+09 3.309057256210001015e+02 0.000000000000000000e+00
4.909408704000000000e+09 3.329713913769999749e+02 0.000000000000000000e+00
4.909489056000000000e+09 3.337725968729999408e+02 0.000000000000000000e+00
4.909580640000000000e+09 3.337239039500000786e+02 0.000000000000000000e+00
4.909648896000000000e+09 3.334478257609999901e+02 0.000000000000000000e+00
4.909736160000000000e+09 3.330583981770000150e+02 0.000000000000000000e+00
4.909844160000000000e+09 3.312195385439999313e+02 0.000000000000000000e+00
4.909919328000000000e+09 3.286007540429999949e+02 0.000000000000000000e+00
4.909981536000000000e+09 3.261488964530000203e+02 0.000000000000000000e+00
4.910079168000000000e+09 3.217146516719999454e+02 0.000000000000000000e+00
4.910153472000000000e+09 3.187525832290000380e+02 0.000000000000000000e+00
4.910257152000000000e+09 3.154870646890000216e+02 0.000000000000000000e+00
4.910308128000000000e+09 3.144474280300000828e+02 0.000000000000000000e+00
4.910440320000000000e+09 3.136310139550000144e+02 0.000000000000000000e+00
4.910526720000000000e+09 3.141634238889999438e+02 0.000000000000000000e+00
4.910612256000000000e+09 3.147353956759999960e+02 0.000000000000000000e+00
4.910648544000000000e+09 3.148329090390000715e+02 0.000000000000000000e+00
4.910772960000000000e+09 3.143117461589999380e+02 0.000000000000000000e+00
4.910818752000000000e+09 3.139742828049999162e+02 0.000000000000000000e+00
4.910906880000000000e+09 3.133155203019999249e+02 0.000000000000000000e+00
4.910987232000000000e+09 3.126442057690000524e+02 0.000000000000000000e+00
4.911078816000000000e+09 3.122446790520000377e+02 0.000000000000000000e+00
4.911165216000000000e+09 3.121945349340000462e+02 0.000000000000000000e+00
4.911245568000000000e+09 3.115696244069999921e+02 0.000000000000000000e+00
4.911337152000000000e+09 3.099852577990000100e+02 0.000000000000000000e+00
4.911409728000000000e+09 3.082576923230000148e+02 0.000000000000000000e+00
4.911503904000000000e+09 3.062464430999999649e+02 0.000000000000000000e+00
4.911584256000000000e+09 3.048748364679999554e+02 0.000000000000000000e+00
4.911669792000000000e+09 3.036085888270001192e+02 0.000000000000000000e+00
4.911761376000000000e+09 3.023152970860000437e+02 0.000000000000000000e+00
4.911840000000000000e+09 3.010096489500000416e+02 0.000000000000000000e+00
4.911920352000000000e+09 2.994297327900000596e+02 0.000000000000000000e+00
4.912005888000000000e+09 2.973869697300000325e+02 0.000000000000000000e+00
4.912092288000000000e+09 2.953391141788000027e+02 0.000000000000000000e+00
4.912189920000000000e+09 2.933938787043999810e+02 0.000000000000000000e+00
4.912276320000000000e+09 2.927607105586000102e+02 0.000000000000000000e+00
4.912373088000000000e+09 2.920133519113000489e+02 0.000000000000000000e+00
4.912459488000000000e+09 2.924044652325000015e+02 0.000000000000000000e+00
4.912538976000000000e+09 2.935341677709999431e+02 0.000000000000000000e+00
4.912608096000000000e+09 2.950128101250000441e+02 0.000000000000000000e+00
4.912710912000000000e+09 2.973024937289999912e+02 0.000000000000000000e+00
4.912786080000000000e+09 2.981252312610000672e+02 0.000000000000000000e+00
4.912860384000000000e+09 2.979784769519999941e+02 0.000000000000000000e+00
4.912951968000000000e+09 2.973975688840000657e+02 0.000000000000000000e+00
4.913038368000000000e+09 2.969149069440000517e+02 0.000000000000000000e+00
4.913123904000000000e+09 2.967953986780000264e+02 0.000000000000000000e+00
4.913215488000000000e+09 2.976589368909999962e+02 0.000000000000000000e+00
