HEADER
56767.03
56768.09
56769.15
56770.08
56771.08
56772.01
56773.07
56774
56774.6
56775.59
56776.72
56777.45
56778.46
56779.44
56780.46
56781.36
56782.37
56783.36
56784.76
56785.75
56786.69
56787.29
56788.28
56789.28
56790.27
56791.27
56792.27
56793.2
56794.19
56795.25
56796.11
56797.08
56798.11
56799.16
56800.02
56801.03
56802.02
56803.01
56805
56805.99
56807.12
56808.05
56809.11
56809.91
56810.84
56812.03
56812.96
56814.09
56814.89
56816.08
56816.94
56817.93
56818.93
56819.74
56820.99
56821.86
56822.79
56823.85
56824.64
56825.65
56826.9
56827.77
56828.49
56829.62
56830.48
56831.68
56832.27
56833.8
56834.8
56835.79
56836.21
56837.65
56838.18
56839.2
56840.13
56841.19
56842.19
56843.12
56844.18
56845.02
56846.11
56847.04
56848.03
56849.09
56850
56850.93
56851.92
56852.92
56854.05
56855.05
56856.17
56857.17
56858.09
56858.89
56860.08
56860.95
56861.81
56862.87
56863.87
56864.86
56865.92
