4.898068704000000000e+09 2.034901565728090418e+02 1.464351005484461066e-01
4.898149056000000000e+09 2.037356103212120786e+02 1.513711151736746308e-01
4.898222496000000000e+09 2.038169698936879684e+02 1.563071297989030994e-01
4.898302848000000000e+09 2.040984919753344968e+02 1.612431444241316791e-01
4.898471328000000000e+09 2.050893362447649793e+02 1.628884826325411872e-01
4.898556000000000000e+09 2.057013854492690541e+02 1.727605118829982078e-01
4.898647584000000000e+09 2.059925058553955068e+02 1.776965265082267598e-01
4.898733120000000000e+09 2.065702747151858318e+02 1.859232175502742446e-01
4.898813472000000000e+09 2.059980236895696919e+02 1.809872029250457481e-01
4.898899872000000000e+09 2.060725111894938379e+02 1.776965265082267598e-01
4.898997504000000000e+09 2.063207382912358980e+02 1.776965265082267598e-01
4.899066624000000000e+09 2.063886539316042388e+02 1.826325411334552840e-01
4.899152160000000000e+09 2.069244572361255337e+02 1.859232175502742446e-01
4.899341376000000000e+09 2.061281050284677576e+02 1.793418647166362678e-01
4.899416544000000000e+09 2.059414126189661545e+02 1.744058500914077436e-01
4.899502080000000000e+09 2.061734914913072885e+02 1.776965265082267598e-01
4.899593664000000000e+09 2.054870477919126017e+02 1.678244972577696836e-01
4.899680064000000000e+09 2.050485052516933706e+02 1.628884826325411872e-01
4.899766464000000000e+09 2.037198321812102506e+02 1.513711151736746308e-01
4.899840768000000000e+09 2.032494178893066703e+02 1.447897623400366263e-01
4.899932352000000000e+09 2.033926272490268161e+02 1.480804387568556146e-01
4.900018752000000000e+09 2.030698091441641395e+02 1.464351005484461066e-01
4.900110336000000000e+09 2.031789002636414807e+02 1.447897623400366263e-01
4.900179456000000000e+09 2.030514819151530332e+02 1.382084095063985663e-01
4.900253760000000000e+09 2.025690788732665339e+02 1.365630712979890582e-01
4.900334976000000000e+09 2.024247868256700826e+02 1.332723948811700698e-01
4.900506912000000000e+09 2.019096958618676751e+02 1.266910420475320098e-01
4.900620960000000000e+09 2.015579722230522179e+02 1.250457038391225295e-01
4.900696128000000000e+09 2.012541469761101496e+02 1.201096892138939914e-01
4.900788576000000000e+09 2.011322016756942901e+02 1.184643510054844695e-01
4.900879296000000000e+09 2.010861260706734868e+02 1.184643510054844695e-01
4.901131584000000000e+09 2.010227828543911812e+02 1.217550274223034856e-01
4.901217984000000000e+09 2.013055383888826668e+02 1.168190127970749753e-01
4.901281056000000000e+09 2.014830817187834953e+02 1.201096892138939914e-01
4.901378688000000000e+09 2.012421373829311335e+02 1.217550274223034856e-01
4.901452992000000000e+09 2.016599231692538012e+02 1.234003656307130214e-01
4.901545440000000000e+09 2.017023982533762307e+02 1.234003656307130214e-01
4.901642208000000000e+09 2.013379563547458702e+02 1.234003656307130214e-01
4.901723424000000000e+09 2.013978360819178590e+02 1.217550274223034856e-01
4.901804640000000000e+09 2.015190701818509638e+02 1.250457038391225295e-01
4.901890176000000000e+09 2.022570119724638857e+02 1.332723948811700698e-01
4.901977440000000000e+09 2.037490903681882628e+02 1.464351005484461066e-01
4.902028416000000000e+09 2.043287025533396957e+02 1.546617915904936469e-01
4.902136416000000000e+09 2.044251205620236362e+02 1.579524680073126630e-01
4.902206400000000000e+09 2.047853392000992869e+02 1.612431444241316791e-01
4.902308352000000000e+09 2.057619040858056678e+02 1.727605118829982078e-01
4.902367104000000000e+09 2.057217876962145340e+02 1.826325411334552840e-01
4.902452640000000000e+09 2.061040553406593006e+02 1.744058500914077436e-01
4.902716160000000000e+09 2.080246808058248860e+02 1.974405850091408288e-01
4.902789600000000000e+09 2.075742976270324789e+02 1.957952468007312929e-01
4.902876000000000000e+09 2.075288968790623869e+02 1.941499085923217849e-01
4.902956352000000000e+09 2.076278709457018010e+02 1.990859232175503091e-01
4.903047936000000000e+09 2.076975303384334950e+02 1.990859232175503091e-01
4.903128288000000000e+09 2.075397163953867050e+02 1.908592321755027688e-01
4.903225920000000000e+09 2.065810158006965480e+02 1.859232175502742446e-01
4.903300224000000000e+09 2.067014854938888391e+02 1.809872029250457481e-01
4.903374528000000000e+09 2.060049785384720451e+02 1.809872029250457481e-01
4.903460928000000000e+09 2.049072167344337458e+02 1.595978062157221433e-01
4.903543008000000000e+09 2.036214226511471850e+02 1.464351005484461066e-01
4.903650144000000000e+09 2.033730938956003342e+02 1.464351005484461066e-01
4.903730496000000000e+09 2.035965702461706428e+02 1.480804387568556146e-01
4.903816896000000000e+09 2.035792994947652232e+02 1.513711151736746308e-01
4.904000064000000000e+09 2.034870300229065379e+02 1.480804387568556146e-01
4.904074368000000000e+09 2.037184491909496273e+02 1.497257769652651227e-01
4.904154720000000000e+09 2.043061850709312353e+02 1.579524680073126630e-01
4.904247168000000000e+09 2.045876046596634126e+02 1.579524680073126630e-01
4.904327520000000000e+09 2.049400046624094216e+02 1.595978062157221433e-01
4.904430336000000000e+09 2.045736845131476969e+02 1.628884826325411872e-01
4.904510688000000000e+09 2.046712949602299716e+02 1.563071297989030994e-01
4.904579808000000000e+09 2.045700683921527343e+02 1.595978062157221433e-01
4.904671392000000000e+09 2.047728670248418155e+02 1.628884826325411872e-01
4.904762976000000000e+09 2.053543824582618242e+02 1.678244972577696836e-01
4.904854560000000000e+09 2.060676706104497384e+02 1.793418647166362678e-01
4.904934912000000000e+09 2.067529666620627893e+02 1.842778793418647920e-01
4.905021312000000000e+09 2.065969220686307608e+02 1.859232175502742446e-01
4.905101664000000000e+09 2.072171177885842894e+02 1.925045703839122768e-01
4.905193248000000000e+09 2.075715760779537788e+02 1.908592321755027688e-01
4.905273600000000000e+09 2.074535916677497482e+02 1.892138939670932885e-01
4.905325440000000000e+09 2.074954322073274398e+02 1.908592321755027688e-01
4.905410976000000000e+09 2.066773983170973565e+02 1.875685557586837526e-01
4.905508608000000000e+09 2.061238034832448420e+02 1.776965265082267598e-01
4.905571680000000000e+09 2.062414757863987802e+02 1.809872029250457481e-01
4.905658944000000000e+09 2.053239891257292697e+02 1.760511882998172517e-01
4.905743616000000000e+09 2.054673968859258935e+02 1.760511882998172517e-01
4.905831744000000000e+09 2.059146282111867094e+02 1.744058500914077436e-01
4.905909504000000000e+09 2.055475396751710662e+02 1.727605118829982078e-01
4.905996768000000000e+09 2.054019163422376550e+02 1.661791590493602033e-01
4.906082304000000000e+09 2.065494965592424705e+02 1.776965265082267598e-01
4.906203264000000000e+09 2.069109283646568826e+02 1.908592321755027688e-01
4.906288800000000000e+09 2.077984812121303264e+02 1.990859232175503091e-01
4.906370016000000000e+09 2.068458652356910363e+02 1.892138939670932885e-01
4.906421856000000000e+09 2.066135592202967075e+02 1.875685557586837526e-01
4.906507392000000000e+09 2.063575027246788238e+02 1.842778793418647920e-01
4.906593792000000000e+09 2.058128086899747871e+02 1.727605118829982078e-01
4.906679328000000000e+09 2.049123825834742263e+02 1.661791590493602033e-01
4.906765728000000000e+09 2.049819747062095132e+02 1.661791590493602033e-01
4.906852128000000000e+09 2.060242211468044218e+02 1.793418647166362678e-01
4.906932480000000000e+09 2.062510939651840545e+02 1.826325411334552840e-01
4.907018016000000000e+09 2.057830796994013838e+02 1.760511882998172517e-01
4.907109600000000000e+09 2.057550603692072855e+02 1.694698354661792472e-01
4.907183904000000000e+09 2.061475569679508624e+02 1.711151736745886998e-01
4.907267712000000000e+09 2.062874748941941903e+02 1.842778793418647920e-01
4.907356704000000000e+09 2.066160117806565495e+02 1.809872029250457481e-01
4.907447424000000000e+09 2.065939102092135613e+02 1.793418647166362678e-01
4.907521728000000000e+09 2.065477727863097073e+02 1.809872029250457481e-01
4.907608992000000000e+09 2.062339029405547421e+02 1.793418647166362678e-01
4.907694528000000000e+09 2.065808989859053497e+02 1.793418647166362678e-01
4.907780064000000000e+09 2.060267184189642933e+02 1.776965265082267598e-01
4.907952000000000000e+09 2.059597927290754455e+02 1.727605118829982078e-01
4.908037536000000000e+09 2.059031070295604309e+02 1.711151736745886998e-01
4.908135168000000000e+09 2.053646698873178877e+02 1.694698354661792472e-01
4.908215520000000000e+09 2.059460207091295558e+02 1.727605118829982078e-01
4.908307104000000000e+09 2.059748065295590891e+02 1.760511882998172517e-01
4.908376224000000000e+09 2.059448874288608806e+02 1.744058500914077436e-01
4.908456576000000000e+09 2.061401117831582610e+02 1.727605118829982078e-01
4.908559392000000000e+09 2.064275334138237668e+02 1.793418647166362678e-01
4.908639744000000000e+09 2.062418953608049890e+02 1.826325411334552840e-01
4.908737376000000000e+09 2.067989869424846177e+02 1.842778793418647920e-01
4.908806496000000000e+09 2.068567875314290632e+02 1.908592321755027688e-01
4.908909312000000000e+09 2.072220770920989708e+02 1.941499085923217849e-01
4.908983616000000000e+09 2.086236936828820490e+02 2.040219378427788333e-01
4.909069152000000000e+09 2.092669038217806019e+02 2.155393053016453897e-01
4.909155552000000000e+09 2.100637215152906947e+02 2.204753199268739416e-01
4.909225536000000000e+09 2.104499249659853888e+02 2.204753199268739416e-01
4.909333536000000000e+09 2.091723731064693936e+02 2.122486288848264013e-01
4.909408704000000000e+09 2.082244869480469731e+02 2.073126142595978494e-01
4.909489056000000000e+09 2.080204575356549697e+02 2.007312614259597894e-01
4.909580640000000000e+09 2.086173905966446398e+02 1.974405850091408288e-01
4.909648896000000000e+09 2.077552865142948804e+02 1.941499085923217849e-01
4.909736160000000000e+09 2.070095346409703723e+02 1.875685557586837526e-01
4.909844160000000000e+09 2.058963659882536206e+02 1.694698354661792472e-01
4.909919328000000000e+09 2.050405416664487177e+02 1.694698354661792472e-01
4.909981536000000000e+09 2.048504430823963673e+02 1.678244972577696836e-01
4.910079168000000000e+09 2.046401523222838534e+02 1.579524680073126630e-01
4.910153472000000000e+09 2.042874358468228593e+02 1.579524680073126630e-01
4.910257152000000000e+09 2.049249491427646888e+02 1.661791590493602033e-01
4.910308128000000000e+09 2.048686432674332139e+02 1.678244972577696836e-01
4.910440320000000000e+09 2.061806705952635070e+02 1.793418647166362678e-01
4.910526720000000000e+09 2.062584121020033194e+02 1.826325411334552840e-01
4.910612256000000000e+09 2.060832204682741917e+02 1.711151736745886998e-01
4.910648544000000000e+09 2.055061564617936085e+02 1.711151736745886998e-01
4.910772960000000000e+09 2.058167171550444721e+02 1.727605118829982078e-01
4.910818752000000000e+09 2.059897652496659362e+02 1.711151736745886998e-01
4.910906880000000000e+09 2.055733554068144429e+02 1.744058500914077436e-01
4.910987232000000000e+09 2.058598018207830194e+02 1.776965265082267598e-01
4.911078816000000000e+09 2.056357372156473389e+02 1.711151736745886998e-01
4.911165216000000000e+09 2.057142349108719372e+02 1.711151736745886998e-01
4.911245568000000000e+09 2.048205742389926058e+02 1.678244972577696836e-01
4.911337152000000000e+09 2.049482822212623034e+02 1.612431444241316791e-01
4.911409728000000000e+09 2.044709329888458740e+02 1.612431444241316791e-01
4.911503904000000000e+09 2.044263325691473483e+02 1.628884826325411872e-01
4.911584256000000000e+09 2.044984160736293006e+02 1.579524680073126630e-01
4.911669792000000000e+09 2.040622977278571284e+02 1.563071297989030994e-01
4.911761376000000000e+09 2.042070894037134110e+02 1.563071297989030994e-01
4.911840000000000000e+09 2.039887613279550749e+02 1.480804387568556146e-01
4.911920352000000000e+09 2.030880613005060980e+02 1.447897623400366263e-01
4.912005888000000000e+09 2.030889436570537612e+02 1.464351005484461066e-01
4.912092288000000000e+09 2.039488682418928818e+02 1.480804387568556146e-01
4.912189920000000000e+09 2.031461447747082332e+02 1.431444241316270627e-01
4.912276320000000000e+09 2.037562313456877519e+02 1.480804387568556146e-01
4.912373088000000000e+09 2.044614589454714917e+02 1.563071297989030994e-01
4.912459488000000000e+09 2.050171018196127477e+02 1.694698354661792472e-01
4.912538976000000000e+09 2.058415945637706841e+02 1.776965265082267598e-01
4.912608096000000000e+09 2.058264611738457859e+02 1.678244972577696836e-01
4.912710912000000000e+09 2.046811775633808850e+02 1.645338208409506675e-01
4.912786080000000000e+09 2.046635450695588077e+02 1.645338208409506675e-01
4.912860384000000000e+09 2.046627087440224386e+02 1.579524680073126630e-01
4.912951968000000000e+09 2.043270651347707769e+02 1.563071297989030994e-01
4.913038368000000000e+09 2.044895187800358940e+02 1.661791590493602033e-01
4.913123904000000000e+09 2.053245824621237148e+02 1.678244972577696836e-01
4.913215488000000000e+09 2.063243963203923101e+02 1.809872029250457481e-01
