56690.61 278.07724291750685 5.673303608721028
56691.54 293.37603916574335 5.864538561823984
56692.39 310.58718494500937 6.05577351492694
56693.32 320.78638244383376 6.247008468029896
56695.27 333.5353793173641 6.310753452397548
56696.25 364.13297181383706 6.69322335860346
56697.31 381.98156743677964 6.884458311706417
56698.3 406.20466149648746 7.203183233544675
56699.23 385.80626649883874 7.011948280441721
56700.23 379.43176806207356 6.884458311706417
56701.36 383.8939169678092 6.884458311706417
56702.16 397.28036368501614 7.075693264809373
56703.15 408.117011027517 7.203183233544675
56705.34 383.8939169678092 6.948203296074069
56706.21 369.87002040692573 6.7569683429711125
56707.2 385.1688166551623 6.884458311706417
56708.26 348.19672572192405 6.501988405500504
56709.26 330.9855799426581 6.310753452397548
56710.26 295.2883886967729 5.864538561823984
56711.12 269.1529451060356 5.609558624353376
56712.18 279.9895924485364 5.73704859308868
56713.18 278.07724291750685 5.673303608721028
56714.24 272.34019432441823 5.609558624353376
56715.04 251.94179932676957 5.354578686882768
56715.9 246.8422005773574 5.2908337025151155
56716.84 232.18085417279744 5.163343733779812
56718.83 219.43185729926705 4.908363796309204
56720.15 208.5952099567662 4.844618811941553
56721.02 195.20876323955926 4.653383858838596
56722.09 190.74661433382363 4.5896388744709435
56723.14 185.00956574073498 4.5896388744709435
56726.06 202.220711520001 4.717128843206248
56727.06 187.55936511544104 4.5258938901032915
56727.79 195.20876323955926 4.653383858838596
56728.92 197.75856261426537 4.717128843206248
56729.78 206.68286042573664 4.7808738275739
56730.85 206.04541058206013 4.7808738275739
56731.97 203.49561120735407 4.7808738275739
56732.91 200.30836198897146 4.717128843206248
56733.85 212.41990901882534 4.844618811941553
56734.84 233.45575386015048 5.163343733779812
56735.85 275.5274435428008 5.673303608721028
56736.44 306.7624858829503 5.9920285305592875
56737.69 316.9616833817746 6.119518499294592
56738.5 327.7983307242755 6.247008468029896
56739.68 366.6827711885432 6.69322335860346
56740.36 390.26841540457445 7.075693264809373
56741.35 367.3202210322197 6.7569683429711125
56744.4 447.63890133546124 7.649398124118239
56745.25 439.3520533676665 7.585653139750588
56746.25 435.52735430560733 7.521908155382935
56747.18 452.73850008487335 7.713143108485892
56748.24 454.650849615903 7.713143108485892
56749.17 427.8779561814891 7.394418186647631
56750.3 411.9417100895761 7.203183233544675
56751.16 393.455664622957 7.011948280441721
56752.02 388.9935157172214 7.011948280441721
56753.02 322.0612821311868 6.183263483662244
56753.97 280.627042292213 5.673303608721028
56755.21 275.5274435428008 5.673303608721028
56756.14 284.4517413542721 5.73704859308868
56757.14 293.37603916574335 5.864538561823984
56759.26 281.901941979566 5.73704859308868
56760.12 288.2764404163312 5.800793577456332
56761.05 311.22463478868593 6.119518499294592
56762.12 316.3242335380981 6.119518499294592
56763.05 322.6987319748633 6.183263483662244
56764.24 326.5234310369224 6.310753452397548
56765.17 307.39993572662684 6.05577351492694
56765.97 319.5114827564807 6.183263483662244
56767.03 334.1728291610406 6.310753452397548
56768.09 346.28437619089453 6.501988405500504
56769.15 385.1688166551623 6.948203296074069
56770.08 397.91781352869265 7.139438249177025
56771.08 408.7544608711935 7.203183233544675
56772.01 432.97755493090125 7.458163171015284
56773.07 426.60305649413607 7.394418186647631
56774.0 421.5034577447239 7.330673202279979
56774.6 426.60305649413607 7.394418186647631
56775.59 408.7544608711935 7.266928217912327
56776.72 378.15686837472055 6.884458311706417
56777.45 395.36801415398656 7.011948280441721
56778.46 373.0572696253083 6.820713327338765
56779.44 372.4198197816319 6.820713327338765
56780.46 369.87002040692573 6.7569683429711125
56781.36 360.94572259545447 6.69322335860346
56782.37 341.8222272851589 6.438243421132852
56783.36 384.5313668114857 6.884458311706417
56784.76 426.60305649413607 7.394418186647631
56785.75 454.0133997722264 7.713143108485892
56786.69 422.1409075884004 7.330673202279979
56787.29 411.3042602458995 7.266928217912327
56788.28 404.2923119654578 7.139438249177025
56789.28 367.9576708758962 6.69322335860346
56790.27 343.7345768161885 6.438243421132852
56791.27 340.54732759780586 6.438243421132852
56792.27 387.0811661861918 6.948203296074069
56793.2 393.455664622957 7.075693264809373
56794.19 376.8819686873675 6.820713327338765
56795.25 357.7584733770719 6.565733389868156
56796.11 359.03337306442495 6.629478374235808
56797.08 403.6548621217813 7.139438249177025
56798.11 392.8182147792805 7.011948280441721
56799.16 383.8939169678092 6.948203296074069
56800.02 392.180764935604 7.011948280441721
56801.03 387.7186160298683 6.948203296074069
56802.02 384.5313668114857 6.948203296074069
56803.01 381.34411759310314 6.884458311706417
56805.0 359.6708229081015 6.69322335860346
56805.99 360.94572259545447 6.629478374235808
56807.12 353.9337743150127 6.565733389868156
56808.05 365.40787150119013 6.69322335860346
56809.11 376.24451884369097 6.820713327338765
56809.91 368.5951207195728 6.7569683429711125
56810.84 360.30827275177796 6.69322335860346
56812.03 387.0811661861918 6.948203296074069
56812.96 399.1927132160457 7.075693264809373
56814.09 403.6548621217813 7.139438249177025
56814.89 426.60305649413607 7.394418186647631
56816.08 436.16480414928384 7.521908155382935
56816.94 466.7623966457568 7.904378061588847
56817.93 508.8340863284071 8.350592952162412
56818.93 533.6946302317914 8.541827905265368
56819.74 526.6826819513497 8.541827905265368
56820.99 501.82213804796544 8.22310298342711
56821.86 482.06119289399334 8.031868030324153
56822.79 457.8380988342855 7.776888092853543
56823.85 452.73850008487335 7.649398124118239
56824.64 441.9018527423725 7.521908155382935
56825.65 415.1289593079587 7.266928217912327
56826.9 352.0214247839832 6.565733389868156
56827.77 350.7465250966302 6.565733389868156
56828.49 341.1847774414823 6.501988405500504
56829.62 317.5991332254511 6.119518499294592
56830.48 319.5114827564807 6.119518499294592
56831.68 344.37202665986496 6.438243421132852
56832.27 347.55927587824755 6.501988405500504
56833.8 385.1688166551623 6.948203296074069
56834.8 392.180764935604 7.075693264809373
56835.79 359.6708229081015 6.629478374235808
56836.21 361.58317243913103 6.629478374235808
56837.65 364.13297181383706 6.69322335860346
56838.18 360.30827275177796 6.629478374235808
56839.2 367.9576708758962 6.7569683429711125
56840.13 376.8819686873675 6.884458311706417
56841.19 359.03337306442495 6.629478374235808
56842.19 360.94572259545447 6.629478374235808
56843.12 346.28437619089453 6.501988405500504
56844.18 324.61108150589286 6.247008468029896
56845.02 325.24853134956936 6.247008468029896
56846.11 327.7983307242755 6.310753452397548
56847.04 315.0493338507451 6.119518499294592
56848.03 313.1369843197155 6.05577351492694
56849.09 308.03738557030334 6.05577351492694
56850.0 282.53939182324257 5.73704859308868
56850.93 272.97764416809474 5.609558624353376
56851.92 272.97764416809474 5.673303608721028
56852.92 280.627042292213 5.73704859308868
56854.05 267.240595575006 5.545813639985724
56855.05 283.1768416669191 5.73704859308868
56856.17 310.58718494500937 6.05577351492694
56857.17 350.7465250966302 6.565733389868156
56858.09 374.3321693126614 6.884458311706417
56858.89 352.0214247839832 6.501988405500504
56860.08 335.4477288483937 6.3744984367652
56860.95 332.8979294736876 6.3744984367652
56861.81 316.3242335380981 6.119518499294592
56862.87 307.39993572662684 6.05577351492694
56863.87 337.9975282230998 6.438243421132852
56864.86 346.9218260345711 6.501988405500504
56865.92 394.09311446663355 7.011948280441721
