6.204125485000000481e+03 1.326031761078304196e-03 2.590441736850164426e-06
6.212122455000000627e+03 1.321991284984364457e-03 2.590441736850164426e-06
6.220119425000000774e+03 1.315763547356078172e-03 2.590441736850164426e-06
6.228116395000000011e+03 1.314834515929453858e-03 2.590441736850164426e-06
6.236113365000000158e+03 1.314280873787880945e-03 2.590441736850164426e-06
6.244110335000000305e+03 1.311931876850436782e-03 2.590441736850164426e-06
6.252107305000000451e+03 1.309845479538854609e-03 2.590441736850164426e-06
6.260104275000000598e+03 1.307455655600728338e-03 2.590441736850164426e-06
6.268101244999999835e+03 1.296860679680158232e-03 2.590441736850164426e-06
6.276098214999999982e+03 1.300824841973549596e-03 2.590441736850164426e-06
6.284095185000000129e+03 1.294380467584708505e-03 2.590441736850164426e-06
6.292092155000000275e+03 1.294717733726774133e-03 2.590441736850164426e-06
6.300089125000000422e+03 1.288700586016613752e-03 2.590441736850164426e-06
6.308086095000000569e+03 1.281167074199560931e-03 2.590441736850164426e-06
6.316083065000000715e+03 1.280868329471531765e-03 2.590441736850164426e-06
6.324080034999999953e+03 1.272479071052670012e-03 2.590441736850164426e-06
6.332077005000000099e+03 1.270359484836341198e-03 2.590441736850164426e-06
6.340073975000000246e+03 1.270203005371960603e-03 2.590441736850164426e-06
6.348070945000000393e+03 1.266864563655837207e-03 2.590441736850164426e-06
6.356067915000000539e+03 1.267717857320549207e-03 2.590441736850164426e-06
6.364064884999999776e+03 1.261197341044689594e-03 2.590441736850164426e-06
6.372061854999999923e+03 1.253275930418620496e-03 2.590441736850164426e-06
6.380058825000000070e+03 1.253299283745052447e-03 2.590441736850164426e-06
6.388055795000000217e+03 1.249092541275501024e-03 2.590441736850164426e-06
6.396052765000000363e+03 1.246480286134866566e-03 2.590441736850164426e-06
6.404049735000000510e+03 1.246012980810319365e-03 2.590441736850164426e-06
6.412046705000000657e+03 1.246382064330615576e-03 2.590441736850164426e-06
6.420043674999999894e+03 1.243110663381900806e-03 2.590441736850164426e-06
6.428040645000000040e+03 1.246821951629070420e-03 2.590441736850164426e-06
6.436037615000000187e+03 1.251431076653327680e-03 2.590441736850164426e-06
6.444034585000000334e+03 1.248108735219449717e-03 2.590441736850164426e-06
6.452031555000000481e+03 1.256343810555566503e-03 2.590441736850164426e-06
6.460028524999999718e+03 1.257894908782202122e-03 2.590441736850164426e-06
6.468025494999999864e+03 1.272299480546764229e-03 2.590441736850164426e-06
6.476022465000000011e+03 1.281414693681620426e-03 2.590441736850164426e-06
6.484019435000000158e+03 1.305066291574721957e-03 2.590441736850164426e-06
6.492016405000000304e+03 1.323582267248611926e-03 2.590441736850164426e-06
6.500013375000000451e+03 1.334216370474495964e-03 2.590441736850164426e-06
6.508010345000000598e+03 1.345319995012471057e-03 2.590441736850164426e-06
6.516007314999999835e+03 1.345581186769686296e-03 2.590441736850164426e-06
6.524004284999999982e+03 1.342167700505303299e-03 2.590441736850164426e-06
6.532001255000000128e+03 1.330148485534987613e-03 2.590441736850164426e-06
6.539998225000000275e+03 1.320310840001265047e-03 2.590441736850164426e-06
6.547995194999999512e+03 1.312987158218637245e-03 2.590441736850164426e-06
6.555992164999999659e+03 1.305690461024514113e-03 2.590441736850164426e-06
6.563989134999999806e+03 1.304765199328512294e-03 2.590441736850164426e-06
6.571986104999999952e+03 1.304471504400895590e-03 2.590441736850164426e-06
6.579983075000000099e+03 1.303897278348301264e-03 2.590441736850164426e-06
6.587980045000000246e+03 1.313207804208265999e-03 2.590441736850164426e-06
6.595977015000000392e+03 1.327369678871945322e-03 2.590441736850164426e-06
6.603973985000000539e+03 1.335731837612840573e-03 2.590441736850164426e-06
6.611970954999999776e+03 1.336864167492897914e-03 2.590441736850164426e-06
6.619967924999999923e+03 1.327049060447051294e-03 2.590441736850164426e-06
6.627964895000000070e+03 1.313976311680635847e-03 2.590441736850164426e-06
6.635961865000000216e+03 1.290643894037407863e-03 2.590441736850164426e-06
6.643958834999999453e+03 1.263034018213301211e-03 2.590441736850164426e-06
6.651955804999999600e+03 1.231187045731231208e-03 2.590441736850164426e-06
6.659952774999999747e+03 1.213771950109214601e-03 2.590441736850164426e-06
6.667949744999999893e+03 1.191041519572770113e-03 2.590441736850164426e-06
6.675946715000000040e+03 1.184140071937665436e-03 2.590441736850164426e-06
6.683943685000000187e+03 1.165966955670709503e-03 2.590441736850164426e-06
6.691940655000000334e+03 1.157164735170024706e-03 2.590441736850164426e-06
6.699937624999999571e+03 1.151895544841630798e-03 2.590441736850164426e-06
6.707934594999999717e+03 1.137208322719299213e-03 2.590441736850164426e-06
6.715931564999999864e+03 1.129806531374943305e-03 2.590441736850164426e-06
6.723928535000000011e+03 1.121361512835922572e-03 2.590441736850164426e-06
6.731925505000000157e+03 1.123680658074210957e-03 2.590441736850164426e-06
6.739922474999999395e+03 1.115212427895917891e-03 2.590441736850164426e-06
6.747919444999999541e+03 1.109455130109898843e-03 2.590441736850164426e-06
6.755916414999999688e+03 1.107600421090674950e-03 2.590441736850164426e-06
6.763913384999999835e+03 1.100282022828987351e-03 2.590441736850164426e-06
6.771910354999999981e+03 1.105862859277985128e-03 2.590441736850164426e-06
6.779907325000000128e+03 1.103306769615380401e-03 2.590441736850164426e-06
6.787904295000000275e+03 1.098024479730158555e-03 2.590441736850164426e-06
6.795901264999999512e+03 1.090781660187158499e-03 2.590441736850164426e-06
6.803898234999999659e+03 1.089874674025806097e-03 2.590441736850164426e-06
6.811895204999999805e+03 1.090385351829520734e-03 2.590441736850164426e-06
6.819892174999999952e+03 1.083387981701704845e-03 2.590441736850164426e-06
6.827889145000000099e+03 1.076728962148374314e-03 2.590441736850164426e-06
6.835886114999999336e+03 1.077015027143085699e-03 2.590441736850164426e-06
6.843883084999999483e+03 1.072380896057718641e-03 2.590441736850164426e-06
6.851880054999999629e+03 1.068067864280490510e-03 2.590441736850164426e-06
6.859877024999999776e+03 1.066096196768230283e-03 2.590441736850164426e-06
6.867873994999999923e+03 1.066099210925433409e-03 2.590441736850164426e-06
6.875870965000000069e+03 1.060758696458059596e-03 2.590441736850164426e-06
6.883867935000000216e+03 1.059701580434829673e-03 2.590441736850164426e-06
6.891864904999999453e+03 1.058731408435912950e-03 2.590441736850164426e-06
6.899861874999999600e+03 1.053586209221018784e-03 2.590441736850164426e-06
6.907858844999999747e+03 1.052728443748982392e-03 2.590441736850164426e-06
6.915855814999999893e+03 1.048197003625263128e-03 2.590441736850164426e-06
6.923852784999999130e+03 1.038104145553309619e-03 2.590441736850164426e-06
6.931849754999999277e+03 1.040139644184593076e-03 2.590441736850164426e-06
6.939846724999999424e+03 1.034453260561079288e-03 2.590441736850164426e-06
6.947843694999999570e+03 1.036570812876899585e-03 2.590441736850164426e-06
6.955840664999999717e+03 1.037027414193978855e-03 2.590441736850164426e-06
6.963837634999999864e+03 1.028611072491868216e-03 2.590441736850164426e-06
6.971834605000000010e+03 1.024938335592733701e-03 2.590441736850164426e-06
6.979831575000000157e+03 1.019146117792070656e-03 2.590441736850164426e-06
6.987828544999999394e+03 1.020107741374872649e-03 2.590441736850164426e-06
6.995825514999999541e+03 1.020540524120039805e-03 2.590441736850164426e-06
