6.204125485000000481e+03 1.390992754695635596e-03 2.590441736850164426e-06
6.212122455000000627e+03 1.384730246743446453e-03 2.590441736850164426e-06
6.220119425000000774e+03 1.375824416355726689e-03 2.590441736850164426e-06
6.228116395000000011e+03 1.381499645870190671e-03 2.590441736850164426e-06
6.236113365000000158e+03 1.374487719438476866e-03 2.590441736850164426e-06
6.244110335000000305e+03 1.374594429809607860e-03 2.590441736850164426e-06
6.252107305000000451e+03 1.367259459692173442e-03 2.590441736850164426e-06
6.260104275000000598e+03 1.368387595096453224e-03 2.590441736850164426e-06
6.268101244999999835e+03 1.354221923469398027e-03 2.590441736850164426e-06
6.276098214999999982e+03 1.355179231606814215e-03 2.590441736850164426e-06
6.284095185000000129e+03 1.351379889365771775e-03 2.590441736850164426e-06
6.292092155000000275e+03 1.350159575976675290e-03 2.590441736850164426e-06
6.300089125000000422e+03 1.346330388607581410e-03 2.590441736850164426e-06
6.308086095000000569e+03 1.344924829695564802e-03 2.590441736850164426e-06
6.316083065000000715e+03 1.339280592584558881e-03 2.590441736850164426e-06
6.324080034999999953e+03 1.338005161451471733e-03 2.590441736850164426e-06
6.332077005000000099e+03 1.335717862474661505e-03 2.590441736850164426e-06
6.340073975000000246e+03 1.331945679848018987e-03 2.590441736850164426e-06
6.348070945000000393e+03 1.325996644196628625e-03 2.590441736850164426e-06
6.356067915000000539e+03 1.323566625335260115e-03 2.590441736850164426e-06
6.364064884999999776e+03 1.317315674298276612e-03 2.590441736850164426e-06
6.372061854999999923e+03 1.310076032349484065e-03 2.590441736850164426e-06
6.380058825000000070e+03 1.307684952039072507e-03 2.590441736850164426e-06
6.388055795000000217e+03 1.314465698385941213e-03 2.590441736850164426e-06
6.396052765000000363e+03 1.302661596049645284e-03 2.590441736850164426e-06
6.404049735000000510e+03 1.301970723491264678e-03 2.590441736850164426e-06
6.412046705000000657e+03 1.304936039186178421e-03 2.590441736850164426e-06
6.420043674999999894e+03 1.299528678754557215e-03 2.590441736850164426e-06
6.428040645000000040e+03 1.300179066828973176e-03 2.590441736850164426e-06
6.436037615000000187e+03 1.302349039623266645e-03 2.590441736850164426e-06
6.444034585000000334e+03 1.307906396377392887e-03 2.590441736850164426e-06
6.452031555000000481e+03 1.313088988981990068e-03 2.590441736850164426e-06
6.460028524999999718e+03 1.322184331141732861e-03 2.590441736850164426e-06
6.468025494999999864e+03 1.331614741129992291e-03 2.590441736850164426e-06
6.476022465000000011e+03 1.340014901800243036e-03 2.590441736850164426e-06
6.484019435000000158e+03 1.362778678668582957e-03 2.590441736850164426e-06
6.492016405000000304e+03 1.380092943029766336e-03 2.590441736850164426e-06
6.500013375000000451e+03 1.396155834022937137e-03 2.590441736850164426e-06
6.508010345000000598e+03 1.396607996797348886e-03 2.590441736850164426e-06
6.516007314999999835e+03 1.392785982695760386e-03 2.590441736850164426e-06
6.524004284999999982e+03 1.384560951460693610e-03 2.590441736850164426e-06
6.532001255000000128e+03 1.369426296045501675e-03 2.590441736850164426e-06
6.539998225000000275e+03 1.362226371336800520e-03 2.590441736850164426e-06
6.547995194999999512e+03 1.358928345815141195e-03 2.590441736850164426e-06
6.555992164999999659e+03 1.359885421857993980e-03 2.590441736850164426e-06
6.563989134999999806e+03 1.356554474059110159e-03 2.590441736850164426e-06
6.571986104999999952e+03 1.354683047050302428e-03 2.590441736850164426e-06
6.579983075000000099e+03 1.354302228996570557e-03 2.590441736850164426e-06
6.587980045000000246e+03 1.357805878954523003e-03 2.590441736850164426e-06
6.595977015000000392e+03 1.375642088126003510e-03 2.590441736850164426e-06
6.603973985000000539e+03 1.377154609191982675e-03 2.590441736850164426e-06
6.611970954999999776e+03 1.379675940043841942e-03 2.590441736850164426e-06
6.619967924999999923e+03 1.379601209520158215e-03 2.590441736850164426e-06
6.627964895000000070e+03 1.374341832319418959e-03 2.590441736850164426e-06
6.635961865000000216e+03 1.347451812743473811e-03 2.590441736850164426e-06
6.643958834999999453e+03 1.319984586413250815e-03 2.590441736850164426e-06
6.651955804999999600e+03 1.290006692358963789e-03 2.590441736850164426e-06
6.659952774999999747e+03 1.267197321833357562e-03 2.590441736850164426e-06
6.667949744999999893e+03 1.244687161718727349e-03 2.590441736850164426e-06
6.675946715000000040e+03 1.229515444819954126e-03 2.590441736850164426e-06
6.683943685000000187e+03 1.219111166782682436e-03 2.590441736850164426e-06
6.691940655000000334e+03 1.200890398395682143e-03 2.590441736850164426e-06
6.699937624999999571e+03 1.189905545735812226e-03 2.590441736850164426e-06
6.707934594999999717e+03 1.186059774771600550e-03 2.590441736850164426e-06
6.715931564999999864e+03 1.175131494106371535e-03 2.590441736850164426e-06
6.723928535000000011e+03 1.172787014979345026e-03 2.590441736850164426e-06
6.731925505000000157e+03 1.170243309108145611e-03 2.590441736850164426e-06
6.739922474999999395e+03 1.164928104226128133e-03 2.590441736850164426e-06
6.747919444999999541e+03 1.161880927646161393e-03 2.590441736850164426e-06
6.755916414999999688e+03 1.161297119848738943e-03 2.590441736850164426e-06
6.763913384999999835e+03 1.156025406822718720e-03 2.590441736850164426e-06
6.771910354999999981e+03 1.150654063953143649e-03 2.590441736850164426e-06
6.779907325000000128e+03 1.149087368767064436e-03 2.590441736850164426e-06
6.787904295000000275e+03 1.144686744832958993e-03 2.590441736850164426e-06
6.795901264999999512e+03 1.146130146646754180e-03 2.590441736850164426e-06
6.803898234999999659e+03 1.138682301947785370e-03 2.590441736850164426e-06
6.811895204999999805e+03 1.137553874412600401e-03 2.590441736850164426e-06
6.819892174999999952e+03 1.129577678099978610e-03 2.590441736850164426e-06
6.827889145000000099e+03 1.131322110748210225e-03 2.590441736850164426e-06
6.835886114999999336e+03 1.129981160443369048e-03 2.590441736850164426e-06
6.843883084999999483e+03 1.126851876267320317e-03 2.590441736850164426e-06
6.851880054999999629e+03 1.126925392217477222e-03 2.590441736850164426e-06
6.859877024999999776e+03 1.119788753481313183e-03 2.590441736850164426e-06
6.867873994999999923e+03 1.113756070790351046e-03 2.590441736850164426e-06
6.875870965000000069e+03 1.109605287708968682e-03 2.590441736850164426e-06
6.883867935000000216e+03 1.108550426542017015e-03 2.590441736850164426e-06
6.891864904999999453e+03 1.101857964090771766e-03 2.590441736850164426e-06
6.899861874999999600e+03 1.099781356162983200e-03 2.590441736850164426e-06
6.907858844999999747e+03 1.099673358210090726e-03 2.590441736850164426e-06
6.915855814999999893e+03 1.094911299953193204e-03 2.590441736850164426e-06
6.923852784999999130e+03 1.096324440118159231e-03 2.590441736850164426e-06
6.931849754999999277e+03 1.092385803793457111e-03 2.590441736850164426e-06
6.939846724999999424e+03 1.085117824526758094e-03 2.590441736850164426e-06
6.947843694999999570e+03 1.082719674307264322e-03 2.590441736850164426e-06
6.955840664999999717e+03 1.080625057704313104e-03 2.590441736850164426e-06
6.963837634999999864e+03 1.078049365551809937e-03 2.590441736850164426e-06
6.971834605000000010e+03 1.071167295982362140e-03 2.590441736850164426e-06
6.979831575000000157e+03 1.066121244249765548e-03 2.590441736850164426e-06
6.987828544999999394e+03 1.062736329155099550e-03 2.590441736850164426e-06
6.995825514999999541e+03 1.063867318129810497e-03 2.590441736850164426e-06
