6.204125485000000481e+03 1.317341611819736451e-03 2.590441736850164426e-06
6.212122455000000627e+03 1.325108548841029237e-03 2.590441736850164426e-06
6.220119425000000774e+03 1.317525879235598987e-03 2.590441736850164426e-06
6.228116395000000011e+03 1.312941294194334019e-03 2.590441736850164426e-06
6.236113365000000158e+03 1.310800234439654091e-03 2.590441736850164426e-06
6.244110335000000305e+03 1.305659313216991869e-03 2.590441736850164426e-06
6.252107305000000451e+03 1.305563747924885906e-03 2.590441736850164426e-06
6.260104275000000598e+03 1.301392242576626711e-03 2.590441736850164426e-06
6.268101244999999835e+03 1.295912090584777502e-03 2.590441736850164426e-06
6.276098214999999982e+03 1.291327294493141561e-03 2.590441736850164426e-06
6.284095185000000129e+03 1.287372990851465716e-03 2.590441736850164426e-06
6.292092155000000275e+03 1.285323494136843096e-03 2.590441736850164426e-06
6.300089125000000422e+03 1.283347454686758517e-03 2.590441736850164426e-06
6.308086095000000569e+03 1.280468755446063662e-03 2.590441736850164426e-06
6.316083065000000715e+03 1.276470003614607563e-03 2.590441736850164426e-06
6.324080034999999953e+03 1.269496118009750792e-03 2.590441736850164426e-06
6.332077005000000099e+03 1.269226162637677232e-03 2.590441736850164426e-06
6.340073975000000246e+03 1.265349390768626256e-03 2.590441736850164426e-06
6.348070945000000393e+03 1.259320187777361990e-03 2.590441736850164426e-06
6.356067915000000539e+03 1.259848800705200104e-03 2.590441736850164426e-06
6.364064884999999776e+03 1.260523511558430320e-03 2.590441736850164426e-06
6.372061854999999923e+03 1.251874400607630444e-03 2.590441736850164426e-06
6.380058825000000070e+03 1.249648108638679988e-03 2.590441736850164426e-06
6.388055795000000217e+03 1.244114412568332086e-03 2.590441736850164426e-06
6.396052765000000363e+03 1.238373963985880347e-03 2.590441736850164426e-06
6.404049735000000510e+03 1.240988177448183044e-03 2.590441736850164426e-06
6.412046705000000657e+03 1.233824193943606953e-03 2.590441736850164426e-06
6.420043674999999894e+03 1.238019195640138780e-03 2.590441736850164426e-06
6.428040645000000040e+03 1.238360189167642686e-03 2.590441736850164426e-06
6.436037615000000187e+03 1.245934999646874583e-03 2.590441736850164426e-06
6.444034585000000334e+03 1.247712700753609866e-03 2.590441736850164426e-06
6.452031555000000481e+03 1.245298479325823325e-03 2.590441736850164426e-06
6.460028524999999718e+03 1.260912744474401714e-03 2.590441736850164426e-06
6.468025494999999864e+03 1.272900439764562859e-03 2.590441736850164426e-06
6.476022465000000011e+03 1.281319438078959991e-03 2.590441736850164426e-06
6.484019435000000158e+03 1.291458361426918444e-03 2.590441736850164426e-06
6.492016405000000304e+03 1.308385253647637199e-03 2.590441736850164426e-06
6.500013375000000451e+03 1.326241112691594042e-03 2.590441736850164426e-06
6.508010345000000598e+03 1.335952023998433725e-03 2.590441736850164426e-06
6.516007314999999835e+03 1.341325010639613088e-03 2.590441736850164426e-06
6.524004284999999982e+03 1.331840643867548404e-03 2.590441736850164426e-06
6.532001255000000128e+03 1.311641564551052500e-03 2.590441736850164426e-06
6.539998225000000275e+03 1.298652455464017596e-03 2.590441736850164426e-06
6.547995194999999512e+03 1.303704796388266028e-03 2.590441736850164426e-06
6.555992164999999659e+03 1.297861361440762499e-03 2.590441736850164426e-06
6.563989134999999806e+03 1.293929512109512217e-03 2.590441736850164426e-06
6.571986104999999952e+03 1.293059179456493551e-03 2.590441736850164426e-06
6.579983075000000099e+03 1.293154587340594264e-03 2.590441736850164426e-06
6.587980045000000246e+03 1.296791518744657302e-03 2.590441736850164426e-06
6.595977015000000392e+03 1.315925841253502964e-03 2.590441736850164426e-06
6.603973985000000539e+03 1.325076386239767067e-03 2.590441736850164426e-06
6.611970954999999776e+03 1.336046712654926846e-03 2.590441736850164426e-06
6.619967924999999923e+03 1.319771841984251166e-03 2.590441736850164426e-06
6.627964895000000070e+03 1.308023603444480321e-03 2.590441736850164426e-06
6.635961865000000216e+03 1.282167800815416439e-03 2.590441736850164426e-06
6.643958834999999453e+03 1.263242763610004362e-03 2.590441736850164426e-06
6.651955804999999600e+03 1.234750101892510225e-03 2.590441736850164426e-06
6.659952774999999747e+03 1.208079282394947411e-03 2.590441736850164426e-06
6.667949744999999893e+03 1.184873393887995270e-03 2.590441736850164426e-06
6.675946715000000040e+03 1.175406116974808462e-03 2.590441736850164426e-06
6.683943685000000187e+03 1.162935941195691620e-03 2.590441736850164426e-06
6.691940655000000334e+03 1.147238323217961587e-03 2.590441736850164426e-06
6.699937624999999571e+03 1.137134466449266513e-03 2.590441736850164426e-06
6.707934594999999717e+03 1.131182849919113928e-03 2.590441736850164426e-06
6.715931564999999864e+03 1.124719541476922264e-03 2.590441736850164426e-06
6.723928535000000011e+03 1.119990343657215493e-03 2.590441736850164426e-06
6.731925505000000157e+03 1.113614688655003215e-03 2.590441736850164426e-06
6.739922474999999395e+03 1.106475443032403291e-03 2.590441736850164426e-06
6.747919444999999541e+03 1.102051073730090118e-03 2.590441736850164426e-06
6.755916414999999688e+03 1.104462044483330062e-03 2.590441736850164426e-06
6.763913384999999835e+03 1.100369136202452008e-03 2.590441736850164426e-06
6.771910354999999981e+03 1.095722942256743262e-03 2.590441736850164426e-06
6.779907325000000128e+03 1.099213051387247899e-03 2.590441736850164426e-06
6.787904295000000275e+03 1.090674103342497564e-03 2.590441736850164426e-06
6.795901264999999512e+03 1.090192785707083190e-03 2.590441736850164426e-06
6.803898234999999659e+03 1.088264217059519909e-03 2.590441736850164426e-06
6.811895204999999805e+03 1.086060711117525345e-03 2.590441736850164426e-06
6.819892174999999952e+03 1.077781845762164608e-03 2.590441736850164426e-06
6.827889145000000099e+03 1.076153292224092195e-03 2.590441736850164426e-06
6.835886114999999336e+03 1.074757426392798859e-03 2.590441736850164426e-06
6.843883084999999483e+03 1.071338295204349485e-03 2.590441736850164426e-06
6.851880054999999629e+03 1.069204793982370767e-03 2.590441736850164426e-06
6.859877024999999776e+03 1.066569432012358680e-03 2.590441736850164426e-06
6.867873994999999923e+03 1.063399806408606802e-03 2.590441736850164426e-06
6.875870965000000069e+03 1.053933549125529723e-03 2.590441736850164426e-06
6.883867935000000216e+03 1.053310321027176423e-03 2.590441736850164426e-06
6.891864904999999453e+03 1.047093855358464422e-03 2.590441736850164426e-06
6.899861874999999600e+03 1.044398390823325293e-03 2.590441736850164426e-06
6.907858844999999747e+03 1.047101682142735028e-03 2.590441736850164426e-06
6.915855814999999893e+03 1.041692088721805822e-03 2.590441736850164426e-06
6.923852784999999130e+03 1.034734716037190522e-03 2.590441736850164426e-06
6.931849754999999277e+03 1.030572533134270887e-03 2.590441736850164426e-06
6.939846724999999424e+03 1.032475452584522956e-03 2.590441736850164426e-06
6.947843694999999570e+03 1.031907553401521316e-03 2.590441736850164426e-06
6.955840664999999717e+03 1.030781458113286600e-03 2.590441736850164426e-06
6.963837634999999864e+03 1.017933695217581799e-03 2.590441736850164426e-06
6.971834605000000010e+03 1.022689487789800108e-03 2.590441736850164426e-06
6.979831575000000157e+03 1.014141537597554018e-03 2.590441736850164426e-06
6.987828544999999394e+03 1.011467247140455071e-03 2.590441736850164426e-06
6.995825514999999541e+03 1.008296130663853324e-03 2.590441736850164426e-06
