6.204125485000000481e+03 1.415061020045018823e-03 2.590441736850164426e-06
6.212122455000000627e+03 1.413965552962493386e-03 2.590441736850164426e-06
6.220119425000000774e+03 1.408387337212612745e-03 2.590441736850164426e-06
6.228116395000000011e+03 1.401112767452135409e-03 2.590441736850164426e-06
6.236113365000000158e+03 1.396440040964192853e-03 2.590441736850164426e-06
6.244110335000000305e+03 1.397449134704031393e-03 2.590441736850164426e-06
6.252107305000000451e+03 1.393686435091471632e-03 2.590441736850164426e-06
6.260104275000000598e+03 1.386928256850281441e-03 2.590441736850164426e-06
6.268101244999999835e+03 1.386889715652216614e-03 2.590441736850164426e-06
6.276098214999999982e+03 1.381925059547976786e-03 2.590441736850164426e-06
6.284095185000000129e+03 1.376576956824668123e-03 2.590441736850164426e-06
6.292092155000000275e+03 1.375591346501388356e-03 2.590441736850164426e-06
6.300089125000000422e+03 1.368165201718882880e-03 2.590441736850164426e-06
6.308086095000000569e+03 1.370372105305840997e-03 2.590441736850164426e-06
6.316083065000000715e+03 1.365390270930901375e-03 2.590441736850164426e-06
6.324080034999999953e+03 1.359230561075082779e-03 2.590441736850164426e-06
6.332077005000000099e+03 1.354368579697644379e-03 2.590441736850164426e-06
6.340073975000000246e+03 1.351985800794339686e-03 2.590441736850164426e-06
6.348070945000000393e+03 1.348094861915028701e-03 2.590441736850164426e-06
6.356067915000000539e+03 1.343212664776131157e-03 2.590441736850164426e-06
6.364064884999999776e+03 1.339204404285139526e-03 2.590441736850164426e-06
6.372061854999999923e+03 1.335050678777362828e-03 2.590441736850164426e-06
6.380058825000000070e+03 1.331361822770386416e-03 2.590441736850164426e-06
6.388055795000000217e+03 1.329831417424601247e-03 2.590441736850164426e-06
6.396052765000000363e+03 1.327116430151675059e-03 2.590441736850164426e-06
6.404049735000000510e+03 1.320899053658694403e-03 2.590441736850164426e-06
6.412046705000000657e+03 1.324318289247450103e-03 2.590441736850164426e-06
6.420043674999999894e+03 1.319667517866183592e-03 2.590441736850164426e-06
6.428040645000000040e+03 1.324979057655485855e-03 2.590441736850164426e-06
6.436037615000000187e+03 1.327485863048666814e-03 2.590441736850164426e-06
6.444034585000000334e+03 1.332365933502372259e-03 2.590441736850164426e-06
6.452031555000000481e+03 1.333710833299518901e-03 2.590441736850164426e-06
6.460028524999999718e+03 1.342719791272747659e-03 2.590441736850164426e-06
6.468025494999999864e+03 1.359350595820724844e-03 2.590441736850164426e-06
6.476022465000000011e+03 1.361726977125023641e-03 2.590441736850164426e-06
6.484019435000000158e+03 1.387628200229202484e-03 2.590441736850164426e-06
6.492016405000000304e+03 1.396611154445199111e-03 2.590441736850164426e-06
6.500013375000000451e+03 1.403884949414026988e-03 2.590441736850164426e-06
6.508010345000000598e+03 1.418267240478185290e-03 2.590441736850164426e-06
6.516007314999999835e+03 1.423376940744617907e-03 2.590441736850164426e-06
6.524004284999999982e+03 1.416921195190390349e-03 2.590441736850164426e-06
6.532001255000000128e+03 1.406237897858737514e-03 2.590441736850164426e-06
6.539998225000000275e+03 1.389809636216466759e-03 2.590441736850164426e-06
6.547995194999999512e+03 1.385311312751075219e-03 2.590441736850164426e-06
6.555992164999999659e+03 1.379946198935664116e-03 2.590441736850164426e-06
6.563989134999999806e+03 1.380833658225564912e-03 2.590441736850164426e-06
6.571986104999999952e+03 1.384972969702867422e-03 2.590441736850164426e-06
6.579983075000000099e+03 1.380878843821177742e-03 2.590441736850164426e-06
6.587980045000000246e+03 1.383085410589436192e-03 2.590441736850164426e-06
6.595977015000000392e+03 1.403243618387976007e-03 2.590441736850164426e-06
6.603973985000000539e+03 1.408682272428063258e-03 2.590441736850164426e-06
6.611970954999999776e+03 1.416201682186673865e-03 2.590441736850164426e-06
6.619967924999999923e+03 1.400810957123277281e-03 2.590441736850164426e-06
6.627964895000000070e+03 1.385499989221025512e-03 2.590441736850164426e-06
6.635961865000000216e+03 1.361369951163024072e-03 2.590441736850164426e-06
6.643958834999999453e+03 1.334747644670478085e-03 2.590441736850164426e-06
6.651955804999999600e+03 1.314313317222713488e-03 2.590441736850164426e-06
6.659952774999999747e+03 1.287605049317867107e-03 2.590441736850164426e-06
6.667949744999999893e+03 1.265805135636594242e-03 2.590441736850164426e-06
6.675946715000000040e+03 1.253036714832759949e-03 2.590441736850164426e-06
6.683943685000000187e+03 1.239380819785869392e-03 2.590441736850164426e-06
6.691940655000000334e+03 1.222441600839149810e-03 2.590441736850164426e-06
6.699937624999999571e+03 1.214147924635343824e-03 2.590441736850164426e-06
6.707934594999999717e+03 1.205114522781515528e-03 2.590441736850164426e-06
6.715931564999999864e+03 1.200522079660129495e-03 2.590441736850164426e-06
6.723928535000000011e+03 1.191730472962668815e-03 2.590441736850164426e-06
6.731925505000000157e+03 1.188078877808992342e-03 2.590441736850164426e-06
6.739922474999999395e+03 1.184295764408274882e-03 2.590441736850164426e-06
6.747919444999999541e+03 1.180963107548844331e-03 2.590441736850164426e-06
6.755916414999999688e+03 1.174248521636852768e-03 2.590441736850164426e-06
6.763913384999999835e+03 1.178888934805536696e-03 2.590441736850164426e-06
6.771910354999999981e+03 1.169784187101346453e-03 2.590441736850164426e-06
6.779907325000000128e+03 1.168600429826218345e-03 2.590441736850164426e-06
6.787904295000000275e+03 1.168376918190945418e-03 2.590441736850164426e-06
6.795901264999999512e+03 1.161130584237178185e-03 2.590441736850164426e-06
6.803898234999999659e+03 1.158508438969553132e-03 2.590441736850164426e-06
6.811895204999999805e+03 1.151061520070289449e-03 2.590441736850164426e-06
6.819892174999999952e+03 1.152918527629791592e-03 2.590441736850164426e-06
6.827889145000000099e+03 1.145451457940529051e-03 2.590441736850164426e-06
6.835886114999999336e+03 1.150407711512218493e-03 2.590441736850164426e-06
6.843883084999999483e+03 1.141087131137467252e-03 2.590441736850164426e-06
6.851880054999999629e+03 1.141874919222699014e-03 2.590441736850164426e-06
6.859877024999999776e+03 1.135735438338778599e-03 2.590441736850164426e-06
6.867873994999999923e+03 1.137291381108136929e-03 2.590441736850164426e-06
6.875870965000000069e+03 1.129123213912848695e-03 2.590441736850164426e-06
6.883867935000000216e+03 1.126585549217290396e-03 2.590441736850164426e-06
6.891864904999999453e+03 1.124755241814694639e-03 2.590441736850164426e-06
6.899861874999999600e+03 1.122594171697810029e-03 2.590441736850164426e-06
6.907858844999999747e+03 1.116795443026865698e-03 2.590441736850164426e-06
6.915855814999999893e+03 1.116884997446425431e-03 2.590441736850164426e-06
6.923852784999999130e+03 1.113823878967803386e-03 2.590441736850164426e-06
6.931849754999999277e+03 1.110448022044528303e-03 2.590441736850164426e-06
6.939846724999999424e+03 1.104291725738627914e-03 2.590441736850164426e-06
6.947843694999999570e+03 1.099582178637905890e-03 2.590441736850164426e-06
6.955840664999999717e+03 1.096304798583666411e-03 2.590441736850164426e-06
6.963837634999999864e+03 1.098044358164028443e-03 2.590441736850164426e-06
6.971834605000000010e+03 1.092031132841411083e-03 2.590441736850164426e-06
6.979831575000000157e+03 1.090262230275120849e-03 2.590441736850164426e-06
6.987828544999999394e+03 1.084376580683909120e-03 2.590441736850164426e-06
6.995825514999999541e+03 1.083650405050459991e-03 2.590441736850164426e-06
