6.204125485000000481e+03 1.048038092541690941e-03 2.590441736850164426e-06
6.212122455000000627e+03 1.048299795881356411e-03 2.590441736850164426e-06
6.220119425000000774e+03 1.043020612359665117e-03 2.590441736850164426e-06
6.228116395000000011e+03 1.042563862898633880e-03 2.590441736850164426e-06
6.236113365000000158e+03 1.038636590579571041e-03 2.590441736850164426e-06
6.244110335000000305e+03 1.029342572777260881e-03 2.590441736850164426e-06
6.252107305000000451e+03 1.038252451963654578e-03 2.590441736850164426e-06
6.260104275000000598e+03 1.031631127867671397e-03 2.590441736850164426e-06
6.268101244999999835e+03 1.031031052325665680e-03 2.590441736850164426e-06
6.276098214999999982e+03 1.028310275910258777e-03 2.590441736850164426e-06
6.284095185000000129e+03 1.018374337254044412e-03 2.590441736850164426e-06
6.292092155000000275e+03 1.025917496923120162e-03 2.590441736850164426e-06
6.300089125000000422e+03 1.018803414267615420e-03 2.590441736850164426e-06
6.308086095000000569e+03 1.015953971800753362e-03 2.590441736850164426e-06
6.316083065000000715e+03 1.018733655940897917e-03 2.590441736850164426e-06
6.324080034999999953e+03 1.008861563927468093e-03 2.590441736850164426e-06
6.332077005000000099e+03 1.005719592231586008e-03 2.590441736850164426e-06
6.340073975000000246e+03 1.002552797459302890e-03 2.590441736850164426e-06
6.348070945000000393e+03 1.002199241854816181e-03 2.590441736850164426e-06
6.356067915000000539e+03 1.000962308618277624e-03 2.590441736850164426e-06
6.364064884999999776e+03 9.988170201045674674e-04 2.590441736850164426e-06
6.372061854999999923e+03 9.870244396109541674e-04 2.590441736850164426e-06
6.380058825000000070e+03 9.899269854201659530e-04 2.590441736850164426e-06
6.388055795000000217e+03 9.847970169828545051e-04 2.590441736850164426e-06
6.396052765000000363e+03 9.810854996309557787e-04 2.590441736850164426e-06
6.404049735000000510e+03 9.828141658003810600e-04 2.590441736850164426e-06
6.412046705000000657e+03 9.775345228042091675e-04 2.590441736850164426e-06
6.420043674999999894e+03 9.770028596913318299e-04 2.590441736850164426e-06
6.428040645000000040e+03 9.826589634092850432e-04 2.590441736850164426e-06
6.436037615000000187e+03 9.848992994400255271e-04 2.590441736850164426e-06
6.444034585000000334e+03 9.912996081887540892e-04 2.590441736850164426e-06
6.452031555000000481e+03 9.913110152271274299e-04 2.590441736850164426e-06
6.460028524999999718e+03 1.007563481652514479e-03 2.590441736850164426e-06
6.468025494999999864e+03 1.013187397764335170e-03 2.590441736850164426e-06
6.476022465000000011e+03 1.034524602306319176e-03 2.590441736850164426e-06
6.484019435000000158e+03 1.043812603433252450e-03 2.590441736850164426e-06
6.492016405000000304e+03 1.061231646530465169e-03 2.590441736850164426e-06
6.500013375000000451e+03 1.077427446639709968e-03 2.590441736850164426e-06
6.508010345000000598e+03 1.088396614168430461e-03 2.590441736850164426e-06
6.516007314999999835e+03 1.094585680741117471e-03 2.590441736850164426e-06
6.524004284999999982e+03 1.093629108978651449e-03 2.590441736850164426e-06
6.532001255000000128e+03 1.074163362634379280e-03 2.590441736850164426e-06
6.539998225000000275e+03 1.062638514072968303e-03 2.590441736850164426e-06
6.547995194999999512e+03 1.063449261051035988e-03 2.590441736850164426e-06
6.555992164999999659e+03 1.058455641816580164e-03 2.590441736850164426e-06
6.563989134999999806e+03 1.051845083413141665e-03 2.590441736850164426e-06
6.571986104999999952e+03 1.053746024788963787e-03 2.590441736850164426e-06
6.579983075000000099e+03 1.049977362574019751e-03 2.590441736850164426e-06
6.587980045000000246e+03 1.058533489390677028e-03 2.590441736850164426e-06
6.595977015000000392e+03 1.074064767655502541e-03 2.590441736850164426e-06
6.603973985000000539e+03 1.086063183319044365e-03 2.590441736850164426e-06
6.611970954999999776e+03 1.090507576109694997e-03 2.590441736850164426e-06
6.619967924999999923e+03 1.077342814832685063e-03 2.590441736850164426e-06
6.627964895000000070e+03 1.069657825444684292e-03 2.590441736850164426e-06
6.635961865000000216e+03 1.047340721310913028e-03 2.590441736850164426e-06
6.643958834999999453e+03 1.022672372289596364e-03 2.590441736850164426e-06
6.651955804999999600e+03 9.964269787246828047e-04 2.590441736850164426e-06
6.659952774999999747e+03 9.746847060579222734e-04 2.590441736850164426e-06
6.667949744999999893e+03 9.533858387802715377e-04 2.590441736850164426e-06
6.675946715000000040e+03 9.318903073265426837e-04 2.590441736850164426e-06
6.683943685000000187e+03 9.234739209181976700e-04 2.590441736850164426e-06
6.691940655000000334e+03 9.061985203025632813e-04 2.590441736850164426e-06
6.699937624999999571e+03 9.038308221502852407e-04 2.590441736850164426e-06
6.707934594999999717e+03 8.956797947853475895e-04 2.590441736850164426e-06
6.715931564999999864e+03 8.881929701021977876e-04 2.590441736850164426e-06
6.723928535000000011e+03 8.795852160396445095e-04 2.590441736850164426e-06
6.731925505000000157e+03 8.781274936636034078e-04 2.590441736850164426e-06
6.739922474999999395e+03 8.761939328446490113e-04 2.590441736850164426e-06
6.747919444999999541e+03 8.774297004385486244e-04 2.590441736850164426e-06
6.755916414999999688e+03 8.696283257875163245e-04 2.590441736850164426e-06
6.763913384999999835e+03 8.695553453530267124e-04 2.590441736850164426e-06
6.771910354999999981e+03 8.678411345236895520e-04 2.590441736850164426e-06
6.779907325000000128e+03 8.720794661763917564e-04 2.590441736850164426e-06
6.787904295000000275e+03 8.651625162990923953e-04 2.590441736850164426e-06
6.795901264999999512e+03 8.684862838936864646e-04 2.590441736850164426e-06
6.803898234999999659e+03 8.643434339405880540e-04 2.590441736850164426e-06
6.811895204999999805e+03 8.574064356697555988e-04 2.590441736850164426e-06
6.819892174999999952e+03 8.579098331432589335e-04 2.590441736850164426e-06
6.827889145000000099e+03 8.560572391594842290e-04 2.590441736850164426e-06
6.835886114999999336e+03 8.506185040630005745e-04 2.590441736850164426e-06
6.843883084999999483e+03 8.457800559245764625e-04 2.590441736850164426e-06
6.851880054999999629e+03 8.455317857219122896e-04 2.590441736850164426e-06
6.859877024999999776e+03 8.418953771182004393e-04 2.590441736850164426e-06
6.867873994999999923e+03 8.407376562732035707e-04 2.590441736850164426e-06
6.875870965000000069e+03 8.380895959261496593e-04 2.590441736850164426e-06
6.883867935000000216e+03 8.413909364912897006e-04 2.590441736850164426e-06
6.891864904999999453e+03 8.342753899775221622e-04 2.590441736850164426e-06
6.899861874999999600e+03 8.323372316790711607e-04 2.590441736850164426e-06
6.907858844999999747e+03 8.296729562744384811e-04 2.590441736850164426e-06
6.915855814999999893e+03 8.316500904846735407e-04 2.590441736850164426e-06
6.923852784999999130e+03 8.240126986930570215e-04 2.590441736850164426e-06
6.931849754999999277e+03 8.209404843316239981e-04 2.590441736850164426e-06
6.939846724999999424e+03 8.223110497349909141e-04 2.590441736850164426e-06
6.947843694999999570e+03 8.205339467625871915e-04 2.590441736850164426e-06
6.955840664999999717e+03 8.123769959174384318e-04 2.590441736850164426e-06
6.963837634999999864e+03 8.149824961158057832e-04 2.590441736850164426e-06
6.971834605000000010e+03 8.146884998985871960e-04 2.590441736850164426e-06
6.979831575000000157e+03 8.111292694633463361e-04 2.590441736850164426e-06
6.987828544999999394e+03 8.047759363146525253e-04 2.590441736850164426e-06
6.995825514999999541e+03 7.977212913859209678e-04 2.590441736850164426e-06
