6.204125485000000481e+03 1.383012224551707177e-03 2.590441736850164426e-06
6.212122455000000627e+03 1.376246207006673328e-03 2.590441736850164426e-06
6.220119425000000774e+03 1.373746726921091588e-03 2.590441736850164426e-06
6.228116395000000011e+03 1.366511938097844138e-03 2.590441736850164426e-06
6.236113365000000158e+03 1.364554005789937133e-03 2.590441736850164426e-06
6.244110335000000305e+03 1.367429185703683200e-03 2.590441736850164426e-06
6.252107305000000451e+03 1.358722546971895219e-03 2.590441736850164426e-06
6.260104275000000598e+03 1.354471881344345915e-03 2.590441736850164426e-06
6.268101244999999835e+03 1.350929484737344510e-03 2.590441736850164426e-06
6.276098214999999982e+03 1.350171987434021755e-03 2.590441736850164426e-06
6.284095185000000129e+03 1.345029318215877883e-03 2.590441736850164426e-06
6.292092155000000275e+03 1.343405556953892284e-03 2.590441736850164426e-06
6.300089125000000422e+03 1.339091443980583570e-03 2.590441736850164426e-06
6.308086095000000569e+03 1.330978002282386758e-03 2.590441736850164426e-06
6.316083065000000715e+03 1.333200283613244531e-03 2.590441736850164426e-06
6.324080034999999953e+03 1.324530609503504069e-03 2.590441736850164426e-06
6.332077005000000099e+03 1.320659029539818360e-03 2.590441736850164426e-06
6.340073975000000246e+03 1.322449001154661933e-03 2.590441736850164426e-06
6.348070945000000393e+03 1.313893199269923918e-03 2.590441736850164426e-06
6.356067915000000539e+03 1.315626102321548665e-03 2.590441736850164426e-06
6.364064884999999776e+03 1.311355294719621914e-03 2.590441736850164426e-06
6.372061854999999923e+03 1.303382603030402371e-03 2.590441736850164426e-06
6.380058825000000070e+03 1.300286630043942038e-03 2.590441736850164426e-06
6.388055795000000217e+03 1.298538238117164564e-03 2.590441736850164426e-06
6.396052765000000363e+03 1.290884176481117435e-03 2.590441736850164426e-06
6.404049735000000510e+03 1.295093020754916214e-03 2.590441736850164426e-06
6.412046705000000657e+03 1.293631604104922067e-03 2.590441736850164426e-06
6.420043674999999894e+03 1.291582680608407193e-03 2.590441736850164426e-06
6.428040645000000040e+03 1.297865059371555241e-03 2.590441736850164426e-06
6.436037615000000187e+03 1.298432195324118179e-03 2.590441736850164426e-06
6.444034585000000334e+03 1.296487401837829751e-03 2.590441736850164426e-06
6.452031555000000481e+03 1.306585220691017842e-03 2.590441736850164426e-06
6.460028524999999718e+03 1.312274328360364065e-03 2.590441736850164426e-06
6.468025494999999864e+03 1.320663328261736501e-03 2.590441736850164426e-06
6.476022465000000011e+03 1.329593366956324059e-03 2.590441736850164426e-06
6.484019435000000158e+03 1.350150888838078924e-03 2.590441736850164426e-06
6.492016405000000304e+03 1.366017838629700375e-03 2.590441736850164426e-06
6.500013375000000451e+03 1.374617775227788066e-03 2.590441736850164426e-06
6.508010345000000598e+03 1.389284950872458858e-03 2.590441736850164426e-06
6.516007314999999835e+03 1.395388812078119604e-03 2.590441736850164426e-06
6.524004284999999982e+03 1.398512567439139489e-03 2.590441736850164426e-06
6.532001255000000128e+03 1.383755307437930116e-03 2.590441736850164426e-06
6.539998225000000275e+03 1.374278243806726372e-03 2.590441736850164426e-06
6.547995194999999512e+03 1.357195864479695570e-03 2.590441736850164426e-06
6.555992164999999659e+03 1.357177552382311109e-03 2.590441736850164426e-06
6.563989134999999806e+03 1.350685262241551731e-03 2.590441736850164426e-06
6.571986104999999952e+03 1.354906825683887921e-03 2.590441736850164426e-06
6.579983075000000099e+03 1.353572820187952863e-03 2.590441736850164426e-06
6.587980045000000246e+03 1.356721539277718803e-03 2.590441736850164426e-06
6.595977015000000392e+03 1.381894088565230284e-03 2.590441736850164426e-06
6.603973985000000539e+03 1.387834679639677118e-03 2.590441736850164426e-06
6.611970954999999776e+03 1.392947059811447310e-03 2.590441736850164426e-06
6.619967924999999923e+03 1.376261395753039215e-03 2.590441736850164426e-06
6.627964895000000070e+03 1.350391693917975863e-03 2.590441736850164426e-06
6.635961865000000216e+03 1.329387074683804513e-03 2.590441736850164426e-06
6.643958834999999453e+03 1.310800186374524957e-03 2.590441736850164426e-06
6.651955804999999600e+03 1.278787231014920497e-03 2.590441736850164426e-06
6.659952774999999747e+03 1.257395234779287285e-03 2.590441736850164426e-06
6.667949744999999893e+03 1.238740008886728269e-03 2.590441736850164426e-06
6.675946715000000040e+03 1.227823002148123108e-03 2.590441736850164426e-06
6.683943685000000187e+03 1.214929580591290331e-03 2.590441736850164426e-06
6.691940655000000334e+03 1.202677665630089978e-03 2.590441736850164426e-06
6.699937624999999571e+03 1.190280099367479029e-03 2.590441736850164426e-06
6.707934594999999717e+03 1.177747022082353563e-03 2.590441736850164426e-06
6.715931564999999864e+03 1.168613309136159583e-03 2.590441736850164426e-06
6.723928535000000011e+03 1.165644127170120973e-03 2.590441736850164426e-06
6.731925505000000157e+03 1.161989962761669640e-03 2.590441736850164426e-06
6.739922474999999395e+03 1.157111143111600208e-03 2.590441736850164426e-06
6.747919444999999541e+03 1.153305608595425226e-03 2.590441736850164426e-06
6.755916414999999688e+03 1.152461914319835795e-03 2.590441736850164426e-06
6.763913384999999835e+03 1.146919783453309106e-03 2.590441736850164426e-06
6.771910354999999981e+03 1.145543558493174836e-03 2.590441736850164426e-06
6.779907325000000128e+03 1.143868162702312485e-03 2.590441736850164426e-06
6.787904295000000275e+03 1.133443912573754014e-03 2.590441736850164426e-06
6.795901264999999512e+03 1.139996840400880288e-03 2.590441736850164426e-06
6.803898234999999659e+03 1.133425559392941878e-03 2.590441736850164426e-06
6.811895204999999805e+03 1.125909629821664247e-03 2.590441736850164426e-06
6.819892174999999952e+03 1.122598795514642483e-03 2.590441736850164426e-06
6.827889145000000099e+03 1.121465193377129939e-03 2.590441736850164426e-06
6.835886114999999336e+03 1.123181400777074077e-03 2.590441736850164426e-06
6.843883084999999483e+03 1.115497882995291701e-03 2.590441736850164426e-06
6.851880054999999629e+03 1.113859077329954969e-03 2.590441736850164426e-06
6.859877024999999776e+03 1.108022363388313320e-03 2.590441736850164426e-06
6.867873994999999923e+03 1.106764897485691982e-03 2.590441736850164426e-06
6.875870965000000069e+03 1.103138821222960980e-03 2.590441736850164426e-06
6.883867935000000216e+03 1.100126905403339423e-03 2.590441736850164426e-06
6.891864904999999453e+03 1.093531684912207695e-03 2.590441736850164426e-06
6.899861874999999600e+03 1.092067260723668951e-03 2.590441736850164426e-06
6.907858844999999747e+03 1.093780545215225324e-03 2.590441736850164426e-06
6.915855814999999893e+03 1.090364429868241180e-03 2.590441736850164426e-06
6.923852784999999130e+03 1.080602888180093660e-03 2.590441736850164426e-06
6.931849754999999277e+03 1.079939679877404187e-03 2.590441736850164426e-06
6.939846724999999424e+03 1.078865643377883987e-03 2.590441736850164426e-06
6.947843694999999570e+03 1.072376140093330701e-03 2.590441736850164426e-06
6.955840664999999717e+03 1.073956901950023175e-03 2.590441736850164426e-06
6.963837634999999864e+03 1.073597557360139948e-03 2.590441736850164426e-06
6.971834605000000010e+03 1.061691160086549509e-03 2.590441736850164426e-06
6.979831575000000157e+03 1.062825563950584680e-03 2.590441736850164426e-06
6.987828544999999394e+03 1.060710561128000917e-03 2.590441736850164426e-06
6.995825514999999541e+03 1.056525234601808898e-03 2.590441736850164426e-06
