6.204125485000000481e+03 1.389243388693389399e-03 2.590441736850164426e-06
6.212122455000000627e+03 1.388060189703143156e-03 2.590441736850164426e-06
6.220119425000000774e+03 1.379683882657812763e-03 2.590441736850164426e-06
6.228116395000000011e+03 1.377984538019385186e-03 2.590441736850164426e-06
6.236113365000000158e+03 1.377788062516919609e-03 2.590441736850164426e-06
6.244110335000000305e+03 1.375359575165857043e-03 2.590441736850164426e-06
6.252107305000000451e+03 1.367533452594965615e-03 2.590441736850164426e-06
6.260104275000000598e+03 1.369189764984892529e-03 2.590441736850164426e-06
6.268101244999999835e+03 1.364555335773746415e-03 2.590441736850164426e-06
6.276098214999999982e+03 1.357700488461923349e-03 2.590441736850164426e-06
6.284095185000000129e+03 1.356385318323878640e-03 2.590441736850164426e-06
6.292092155000000275e+03 1.350126815484961130e-03 2.590441736850164426e-06
6.300089125000000422e+03 1.351885037699881130e-03 2.590441736850164426e-06
6.308086095000000569e+03 1.346026469465029084e-03 2.590441736850164426e-06
6.316083065000000715e+03 1.343902838459526102e-03 2.590441736850164426e-06
6.324080034999999953e+03 1.340441309130109256e-03 2.590441736850164426e-06
6.332077005000000099e+03 1.330668023199327787e-03 2.590441736850164426e-06
6.340073975000000246e+03 1.331516512896795384e-03 2.590441736850164426e-06
6.348070945000000393e+03 1.326380535237389182e-03 2.590441736850164426e-06
6.356067915000000539e+03 1.324474707166129438e-03 2.590441736850164426e-06
6.364064884999999776e+03 1.322994431983966906e-03 2.590441736850164426e-06
6.372061854999999923e+03 1.316245413161538143e-03 2.590441736850164426e-06
6.380058825000000070e+03 1.313633344377822081e-03 2.590441736850164426e-06
6.388055795000000217e+03 1.317692316064145858e-03 2.590441736850164426e-06
6.396052765000000363e+03 1.313496652607436341e-03 2.590441736850164426e-06
6.404049735000000510e+03 1.307435050727975443e-03 2.590441736850164426e-06
6.412046705000000657e+03 1.310535997555035796e-03 2.590441736850164426e-06
6.420043674999999894e+03 1.307026880375271359e-03 2.590441736850164426e-06
6.428040645000000040e+03 1.315166895667897696e-03 2.590441736850164426e-06
6.436037615000000187e+03 1.312816612027168164e-03 2.590441736850164426e-06
6.444034585000000334e+03 1.320520996866663809e-03 2.590441736850164426e-06
6.452031555000000481e+03 1.315518893247405192e-03 2.590441736850164426e-06
6.460028524999999718e+03 1.319305533582666549e-03 2.590441736850164426e-06
6.468025494999999864e+03 1.336876600263451438e-03 2.590441736850164426e-06
6.476022465000000011e+03 1.346425640532922761e-03 2.590441736850164426e-06
6.484019435000000158e+03 1.357834225613455473e-03 2.590441736850164426e-06
6.492016405000000304e+03 1.378797659697431413e-03 2.590441736850164426e-06
6.500013375000000451e+03 1.389082778334361406e-03 2.590441736850164426e-06
6.508010345000000598e+03 1.392746814740485842e-03 2.590441736850164426e-06
6.516007314999999835e+03 1.393495674285878888e-03 2.590441736850164426e-06
6.524004284999999982e+03 1.391111374149996138e-03 2.590441736850164426e-06
6.532001255000000128e+03 1.378513881524959630e-03 2.590441736850164426e-06
6.539998225000000275e+03 1.364853454718029362e-03 2.590441736850164426e-06
6.547995194999999512e+03 1.363139409659240098e-03 2.590441736850164426e-06
6.555992164999999659e+03 1.350841803713076971e-03 2.590441736850164426e-06
6.563989134999999806e+03 1.355044715339984857e-03 2.590441736850164426e-06
6.571986104999999952e+03 1.347636214180167888e-03 2.590441736850164426e-06
6.579983075000000099e+03 1.354559901140132321e-03 2.590441736850164426e-06
6.587980045000000246e+03 1.357846720513807047e-03 2.590441736850164426e-06
6.595977015000000392e+03 1.370517058664489415e-03 2.590441736850164426e-06
6.603973985000000539e+03 1.381241495759058654e-03 2.590441736850164426e-06
6.611970954999999776e+03 1.385813060215066285e-03 2.590441736850164426e-06
6.619967924999999923e+03 1.371456777545732942e-03 2.590441736850164426e-06
6.627964895000000070e+03 1.363091061664906990e-03 2.590441736850164426e-06
6.635961865000000216e+03 1.340490353634278715e-03 2.590441736850164426e-06
6.643958834999999453e+03 1.322355285918518347e-03 2.590441736850164426e-06
6.651955804999999600e+03 1.286951757925125159e-03 2.590441736850164426e-06
6.659952774999999747e+03 1.270051147076415622e-03 2.590441736850164426e-06
6.667949744999999893e+03 1.257112913877690436e-03 2.590441736850164426e-06
6.675946715000000040e+03 1.244133719965845536e-03 2.590441736850164426e-06
6.683943685000000187e+03 1.232413158238477788e-03 2.590441736850164426e-06
6.691940655000000334e+03 1.222078294687231788e-03 2.590441736850164426e-06
6.699937624999999571e+03 1.208234836281274569e-03 2.590441736850164426e-06
6.707934594999999717e+03 1.202122747551459666e-03 2.590441736850164426e-06
6.715931564999999864e+03 1.189443463764560055e-03 2.590441736850164426e-06
6.723928535000000011e+03 1.178706950783154099e-03 2.590441736850164426e-06
6.731925505000000157e+03 1.170129719100199963e-03 2.590441736850164426e-06
6.739922474999999395e+03 1.172143255870651546e-03 2.590441736850164426e-06
6.747919444999999541e+03 1.167074853826788718e-03 2.590441736850164426e-06
6.755916414999999688e+03 1.162347332019876642e-03 2.590441736850164426e-06
6.763913384999999835e+03 1.155109622154508334e-03 2.590441736850164426e-06
6.771910354999999981e+03 1.152338582768244182e-03 2.590441736850164426e-06
6.779907325000000128e+03 1.151376008119810992e-03 2.590441736850164426e-06
6.787904295000000275e+03 1.148332977536380573e-03 2.590441736850164426e-06
6.795901264999999512e+03 1.145139242285149938e-03 2.590441736850164426e-06
6.803898234999999659e+03 1.141362749208230110e-03 2.590441736850164426e-06
6.811895204999999805e+03 1.142057201022354069e-03 2.590441736850164426e-06
6.819892174999999952e+03 1.136731497262593715e-03 2.590441736850164426e-06
6.827889145000000099e+03 1.130726886645011618e-03 2.590441736850164426e-06
6.835886114999999336e+03 1.124729943646801851e-03 2.590441736850164426e-06
6.843883084999999483e+03 1.123837200198774368e-03 2.590441736850164426e-06
6.851880054999999629e+03 1.119143163557854070e-03 2.590441736850164426e-06
6.859877024999999776e+03 1.120169848895038100e-03 2.590441736850164426e-06
6.867873994999999923e+03 1.121205295594892215e-03 2.590441736850164426e-06
6.875870965000000069e+03 1.109674233604216213e-03 2.590441736850164426e-06
6.883867935000000216e+03 1.109075538493429266e-03 2.590441736850164426e-06
6.891864904999999453e+03 1.106301279588797282e-03 2.590441736850164426e-06
6.899861874999999600e+03 1.104582207293147494e-03 2.590441736850164426e-06
6.907858844999999747e+03 1.095308200157964337e-03 2.590441736850164426e-06
6.915855814999999893e+03 1.093537821042417108e-03 2.590441736850164426e-06
6.923852784999999130e+03 1.090927251695345988e-03 2.590441736850164426e-06
6.931849754999999277e+03 1.093144280690624276e-03 2.590441736850164426e-06
6.939846724999999424e+03 1.088784866613079667e-03 2.590441736850164426e-06
6.947843694999999570e+03 1.087717782385933581e-03 2.590441736850164426e-06
6.955840664999999717e+03 1.085663082791537464e-03 2.590441736850164426e-06
6.963837634999999864e+03 1.077352146653196268e-03 2.590441736850164426e-06
6.971834605000000010e+03 1.076018580969363746e-03 2.590441736850164426e-06
6.979831575000000157e+03 1.073850216160040713e-03 2.590441736850164426e-06
6.987828544999999394e+03 1.070389061460154390e-03 2.590441736850164426e-06
6.995825514999999541e+03 1.066052684992675054e-03 2.590441736850164426e-06
