6.204125485000000481e+03 1.048256812413872517e-03 2.590441736850164426e-06
6.212122455000000627e+03 1.043995119281947203e-03 2.590441736850164426e-06
6.220119425000000774e+03 1.044530004107755480e-03 2.590441736850164426e-06
6.228116395000000011e+03 1.043407637993085330e-03 2.590441736850164426e-06
6.236113365000000158e+03 1.038866708366711694e-03 2.590441736850164426e-06
6.244110335000000305e+03 1.033996216851080412e-03 2.590441736850164426e-06
6.252107305000000451e+03 1.030995883394969850e-03 2.590441736850164426e-06
6.260104275000000598e+03 1.025713206590150297e-03 2.590441736850164426e-06
6.268101244999999835e+03 1.027578825485175569e-03 2.590441736850164426e-06
6.276098214999999982e+03 1.021187060926330827e-03 2.590441736850164426e-06
6.284095185000000129e+03 1.020553373405815164e-03 2.590441736850164426e-06
6.292092155000000275e+03 1.023663838212414802e-03 2.590441736850164426e-06
6.300089125000000422e+03 1.017507081916857589e-03 2.590441736850164426e-06
6.308086095000000569e+03 1.012402606901822771e-03 2.590441736850164426e-06
6.316083065000000715e+03 1.005636527378643650e-03 2.590441736850164426e-06
6.324080034999999953e+03 1.009102345231995121e-03 2.590441736850164426e-06
6.332077005000000099e+03 1.004540765629483587e-03 2.590441736850164426e-06
6.340073975000000246e+03 1.004069050398335907e-03 2.590441736850164426e-06
6.348070945000000393e+03 9.953250424857460702e-04 2.590441736850164426e-06
6.356067915000000539e+03 9.969942232212055874e-04 2.590441736850164426e-06
6.364064884999999776e+03 9.889741819179146461e-04 2.590441736850164426e-06
6.372061854999999923e+03 9.878376811313606051e-04 2.590441736850164426e-06
6.380058825000000070e+03 9.806319110108627050e-04 2.590441736850164426e-06
6.388055795000000217e+03 9.799689103682494330e-04 2.590441736850164426e-06
6.396052765000000363e+03 9.771185810074029063e-04 2.590441736850164426e-06
6.404049735000000510e+03 9.780066174813271517e-04 2.590441736850164426e-06
6.412046705000000657e+03 9.702754180047288559e-04 2.590441736850164426e-06
6.420043674999999894e+03 9.718060540530335054e-04 2.590441736850164426e-06
6.428040645000000040e+03 9.756894184174156942e-04 2.590441736850164426e-06
6.436037615000000187e+03 9.778372531972947916e-04 2.590441736850164426e-06
6.444034585000000334e+03 9.834445303859757920e-04 2.590441736850164426e-06
6.452031555000000481e+03 9.836971501016129535e-04 2.590441736850164426e-06
6.460028524999999718e+03 1.005976493228552190e-03 2.590441736850164426e-06
6.468025494999999864e+03 1.016054556235740586e-03 2.590441736850164426e-06
6.476022465000000011e+03 1.028281930277632301e-03 2.590441736850164426e-06
6.484019435000000158e+03 1.046619559900125113e-03 2.590441736850164426e-06
6.492016405000000304e+03 1.062223285079249430e-03 2.590441736850164426e-06
6.500013375000000451e+03 1.075038664947317642e-03 2.590441736850164426e-06
6.508010345000000598e+03 1.083684973470134703e-03 2.590441736850164426e-06
6.516007314999999835e+03 1.095995911737133489e-03 2.590441736850164426e-06
6.524004284999999982e+03 1.090785951521505400e-03 2.590441736850164426e-06
6.532001255000000128e+03 1.073902612588692072e-03 2.590441736850164426e-06
6.539998225000000275e+03 1.061647229594012403e-03 2.590441736850164426e-06
6.547995194999999512e+03 1.060875366114234601e-03 2.590441736850164426e-06
6.555992164999999659e+03 1.053249356010964874e-03 2.590441736850164426e-06
6.563989134999999806e+03 1.053052604301336036e-03 2.590441736850164426e-06
6.571986104999999952e+03 1.052871024634342888e-03 2.590441736850164426e-06
6.579983075000000099e+03 1.055467713079744595e-03 2.590441736850164426e-06
6.587980045000000246e+03 1.059232909261194778e-03 2.590441736850164426e-06
6.595977015000000392e+03 1.075058191106320919e-03 2.590441736850164426e-06
6.603973985000000539e+03 1.088278854644867278e-03 2.590441736850164426e-06
6.611970954999999776e+03 1.088760369774338568e-03 2.590441736850164426e-06
6.619967924999999923e+03 1.081531717151557916e-03 2.590441736850164426e-06
6.627964895000000070e+03 1.068593993992737138e-03 2.590441736850164426e-06
6.635961865000000216e+03 1.041818798436430164e-03 2.590441736850164426e-06
6.643958834999999453e+03 1.018497948754208161e-03 2.590441736850164426e-06
6.651955804999999600e+03 9.922756157550902904e-04 2.590441736850164426e-06
6.659952774999999747e+03 9.675210259774877884e-04 2.590441736850164426e-06
6.667949744999999893e+03 9.441744202610315856e-04 2.590441736850164426e-06
6.675946715000000040e+03 9.306328581872739874e-04 2.590441736850164426e-06
6.683943685000000187e+03 9.209387768033206129e-04 2.590441736850164426e-06
6.691940655000000334e+03 9.017559115227747561e-04 2.590441736850164426e-06
6.699937624999999571e+03 8.951877111924849825e-04 2.590441736850164426e-06
6.707934594999999717e+03 8.858112130389262555e-04 2.590441736850164426e-06
6.715931564999999864e+03 8.780464201162536909e-04 2.590441736850164426e-06
6.723928535000000011e+03 8.768007048311431649e-04 2.590441736850164426e-06
6.731925505000000157e+03 8.760362296636964394e-04 2.590441736850164426e-06
6.739922474999999395e+03 8.765495813974695689e-04 2.590441736850164426e-06
6.747919444999999541e+03 8.670317068471676981e-04 2.590441736850164426e-06
6.755916414999999688e+03 8.675258598793648274e-04 2.590441736850164426e-06
6.763913384999999835e+03 8.668970920359475932e-04 2.590441736850164426e-06
6.771910354999999981e+03 8.686593322360547809e-04 2.590441736850164426e-06
6.779907325000000128e+03 8.678176681090591814e-04 2.590441736850164426e-06
6.787904295000000275e+03 8.641773741289581097e-04 2.590441736850164426e-06
6.795901264999999512e+03 8.571501062900618124e-04 2.590441736850164426e-06
6.803898234999999659e+03 8.603208672099178387e-04 2.590441736850164426e-06
6.811895204999999805e+03 8.562607518951746667e-04 2.590441736850164426e-06
6.819892174999999952e+03 8.533492153307778308e-04 2.590441736850164426e-06
6.827889145000000099e+03 8.561661003650876617e-04 2.590441736850164426e-06
6.835886114999999336e+03 8.484956024158712019e-04 2.590441736850164426e-06
6.843883084999999483e+03 8.483565292712820548e-04 2.590441736850164426e-06
6.851880054999999629e+03 8.448728062133048673e-04 2.590441736850164426e-06
6.859877024999999776e+03 8.445054417170140462e-04 2.590441736850164426e-06
6.867873994999999923e+03 8.374353649815813967e-04 2.590441736850164426e-06
6.875870965000000069e+03 8.380028902083740475e-04 2.590441736850164426e-06
6.883867935000000216e+03 8.375463231104958179e-04 2.590441736850164426e-06
6.891864904999999453e+03 8.295679769714588321e-04 2.590441736850164426e-06
6.899861874999999600e+03 8.308099983818447061e-04 2.590441736850164426e-06
6.907858844999999747e+03 8.264024877609664433e-04 2.590441736850164426e-06
6.915855814999999893e+03 8.259161034755963622e-04 2.590441736850164426e-06
6.923852784999999130e+03 8.217543369614929488e-04 2.590441736850164426e-06
6.931849754999999277e+03 8.226792357654761408e-04 2.590441736850164426e-06
6.939846724999999424e+03 8.181777677434760084e-04 2.590441736850164426e-06
6.947843694999999570e+03 8.108876936284695929e-04 2.590441736850164426e-06
6.955840664999999717e+03 8.149685382982729343e-04 2.590441736850164426e-06
6.963837634999999864e+03 8.113646534024109187e-04 2.590441736850164426e-06
6.971834605000000010e+03 8.109559595808250951e-04 2.590441736850164426e-06
6.979831575000000157e+03 8.069676848398312343e-04 2.590441736850164426e-06
6.987828544999999394e+03 8.015939348096720206e-04 2.590441736850164426e-06
6.995825514999999541e+03 8.017317154330913217e-04 2.590441736850164426e-06
