6.204125485000000481e+03 1.349013131760211500e-03 2.590441736850164426e-06
6.212122455000000627e+03 1.340643479639287358e-03 2.590441736850164426e-06
6.220119425000000774e+03 1.337107869628194898e-03 2.590441736850164426e-06
6.228116395000000011e+03 1.341284963213904349e-03 2.590441736850164426e-06
6.236113365000000158e+03 1.337734835508006025e-03 2.590441736850164426e-06
6.244110335000000305e+03 1.332170512297391066e-03 2.590441736850164426e-06
6.252107305000000451e+03 1.327223690352841070e-03 2.590441736850164426e-06
6.260104275000000598e+03 1.323683602430726159e-03 2.590441736850164426e-06
6.268101244999999835e+03 1.320034617762613077e-03 2.590441736850164426e-06
6.276098214999999982e+03 1.313020482601982494e-03 2.590441736850164426e-06
6.284095185000000129e+03 1.315169784990096510e-03 2.590441736850164426e-06
6.292092155000000275e+03 1.313722150508707734e-03 2.590441736850164426e-06
6.300089125000000422e+03 1.306584939272937163e-03 2.590441736850164426e-06
6.308086095000000569e+03 1.300446704616139331e-03 2.590441736850164426e-06
6.316083065000000715e+03 1.298605535876291243e-03 2.590441736850164426e-06
6.324080034999999953e+03 1.299303330468669273e-03 2.590441736850164426e-06
6.332077005000000099e+03 1.294197540547380480e-03 2.590441736850164426e-06
6.340073975000000246e+03 1.289128752033755860e-03 2.590441736850164426e-06
6.348070945000000393e+03 1.287464607040324791e-03 2.590441736850164426e-06
6.356067915000000539e+03 1.282856704434939387e-03 2.590441736850164426e-06
6.364064884999999776e+03 1.282175632328506594e-03 2.590441736850164426e-06
6.372061854999999923e+03 1.277459282273972312e-03 2.590441736850164426e-06
6.380058825000000070e+03 1.273067695809650037e-03 2.590441736850164426e-06
6.388055795000000217e+03 1.265921330487902816e-03 2.590441736850164426e-06
6.396052765000000363e+03 1.264076686669820442e-03 2.590441736850164426e-06
6.404049735000000510e+03 1.257200314103967429e-03 2.590441736850164426e-06
6.412046705000000657e+03 1.256296547322337904e-03 2.590441736850164426e-06
6.420043674999999894e+03 1.256178937051673607e-03 2.590441736850164426e-06
6.428040645000000040e+03 1.266366294560900517e-03 2.590441736850164426e-06
6.436037615000000187e+03 1.261800359382688960e-03 2.590441736850164426e-06
6.444034585000000334e+03 1.263521632404193771e-03 2.590441736850164426e-06
6.452031555000000481e+03 1.274299176282489045e-03 2.590441736850164426e-06
6.460028524999999718e+03 1.282388535625507029e-03 2.590441736850164426e-06
6.468025494999999864e+03 1.292585837604558153e-03 2.590441736850164426e-06
6.476022465000000011e+03 1.303782905317439579e-03 2.590441736850164426e-06
6.484019435000000158e+03 1.328067608945209845e-03 2.590441736850164426e-06
6.492016405000000304e+03 1.346726971353931230e-03 2.590441736850164426e-06
6.500013375000000451e+03 1.352817874803344646e-03 2.590441736850164426e-06
6.508010345000000598e+03 1.349913626942254299e-03 2.590441736850164426e-06
6.516007314999999835e+03 1.351542191359651280e-03 2.590441736850164426e-06
6.524004284999999982e+03 1.350514145399443712e-03 2.590441736850164426e-06
6.532001255000000128e+03 1.341030632970284476e-03 2.590441736850164426e-06
6.539998225000000275e+03 1.332345158885239788e-03 2.590441736850164426e-06
6.547995194999999512e+03 1.325572434367818528e-03 2.590441736850164426e-06
6.555992164999999659e+03 1.319485292076589492e-03 2.590441736850164426e-06
6.563989134999999806e+03 1.317472091785287574e-03 2.590441736850164426e-06
6.571986104999999952e+03 1.316081966080156389e-03 2.590441736850164426e-06
6.579983075000000099e+03 1.317501023951724070e-03 2.590441736850164426e-06
6.587980045000000246e+03 1.316680217506670421e-03 2.590441736850164426e-06
6.595977015000000392e+03 1.337247161078800213e-03 2.590441736850164426e-06
6.603973985000000539e+03 1.344150984937015746e-03 2.590441736850164426e-06
6.611970954999999776e+03 1.346019301231942116e-03 2.590441736850164426e-06
6.619967924999999923e+03 1.341315485295803368e-03 2.590441736850164426e-06
6.627964895000000070e+03 1.327372557447606795e-03 2.590441736850164426e-06
6.635961865000000216e+03 1.305413324237860578e-03 2.590441736850164426e-06
6.643958834999999453e+03 1.290896185206955819e-03 2.590441736850164426e-06
6.651955804999999600e+03 1.253115876106193410e-03 2.590441736850164426e-06
6.659952774999999747e+03 1.235569229218349326e-03 2.590441736850164426e-06
6.667949744999999893e+03 1.211258981994183448e-03 2.590441736850164426e-06
6.675946715000000040e+03 1.192227957896381920e-03 2.590441736850164426e-06
6.683943685000000187e+03 1.186803769062188228e-03 2.590441736850164426e-06
6.691940655000000334e+03 1.166915625133557689e-03 2.590441736850164426e-06
6.699937624999999571e+03 1.160109470468782518e-03 2.590441736850164426e-06
6.707934594999999717e+03 1.148989316374750399e-03 2.590441736850164426e-06
6.715931564999999864e+03 1.143270253331509683e-03 2.590441736850164426e-06
6.723928535000000011e+03 1.136306754477252280e-03 2.590441736850164426e-06
6.731925505000000157e+03 1.131896227635473913e-03 2.590441736850164426e-06
6.739922474999999395e+03 1.129431887397256773e-03 2.590441736850164426e-06
6.747919444999999541e+03 1.129223147349847764e-03 2.590441736850164426e-06
6.755916414999999688e+03 1.121551754524756188e-03 2.590441736850164426e-06
6.763913384999999835e+03 1.120291792186085215e-03 2.590441736850164426e-06
6.771910354999999981e+03 1.118271552915602951e-03 2.590441736850164426e-06
6.779907325000000128e+03 1.113303426357069173e-03 2.590441736850164426e-06
6.787904295000000275e+03 1.112539080468529038e-03 2.590441736850164426e-06
6.795901264999999512e+03 1.110101317502723822e-03 2.590441736850164426e-06
6.803898234999999659e+03 1.107320782014437760e-03 2.590441736850164426e-06
6.811895204999999805e+03 1.097242518749617056e-03 2.590441736850164426e-06
6.819892174999999952e+03 1.101041808938619301e-03 2.590441736850164426e-06
6.827889145000000099e+03 1.097549315561247452e-03 2.590441736850164426e-06
6.835886114999999336e+03 1.094220401173028089e-03 2.590441736850164426e-06
6.843883084999999483e+03 1.089045474632733363e-03 2.590441736850164426e-06
6.851880054999999629e+03 1.085446932450960522e-03 2.590441736850164426e-06
6.859877024999999776e+03 1.083550907328994454e-03 2.590441736850164426e-06
6.867873994999999923e+03 1.078585515321357161e-03 2.590441736850164426e-06
6.875870965000000069e+03 1.079074140093795250e-03 2.590441736850164426e-06
6.883867935000000216e+03 1.075264200804164350e-03 2.590441736850164426e-06
6.891864904999999453e+03 1.072301661222625378e-03 2.590441736850164426e-06
6.899861874999999600e+03 1.065538205557070052e-03 2.590441736850164426e-06
6.907858844999999747e+03 1.068401383638965287e-03 2.590441736850164426e-06
6.915855814999999893e+03 1.065156280432337120e-03 2.590441736850164426e-06
6.923852784999999130e+03 1.057608075027406842e-03 2.590441736850164426e-06
6.931849754999999277e+03 1.062415937605689200e-03 2.590441736850164426e-06
6.939846724999999424e+03 1.055220031510447623e-03 2.590441736850164426e-06
6.947843694999999570e+03 1.049100612816154668e-03 2.590441736850164426e-06
6.955840664999999717e+03 1.048990502302029910e-03 2.590441736850164426e-06
6.963837634999999864e+03 1.043739984387008881e-03 2.590441736850164426e-06
6.971834605000000010e+03 1.038588600130986150e-03 2.590441736850164426e-06
6.979831575000000157e+03 1.040400942500028462e-03 2.590441736850164426e-06
6.987828544999999394e+03 1.035035677774827053e-03 2.590441736850164426e-06
6.995825514999999541e+03 1.034192905635108323e-03 2.590441736850164426e-06
