6.204125485000000481e+03 1.388794793520516926e-03 2.590441736850164426e-06
6.212122455000000627e+03 1.382239229847154281e-03 2.590441736850164426e-06
6.220119425000000774e+03 1.380192215518592043e-03 2.590441736850164426e-06
6.228116395000000011e+03 1.369839778182934190e-03 2.590441736850164426e-06
6.236113365000000158e+03 1.371054757396595984e-03 2.590441736850164426e-06
6.244110335000000305e+03 1.365354288574622578e-03 2.590441736850164426e-06
6.252107305000000451e+03 1.363321934904997623e-03 2.590441736850164426e-06
6.260104275000000598e+03 1.363812946218919461e-03 2.590441736850164426e-06
6.268101244999999835e+03 1.358552018939513219e-03 2.590441736850164426e-06
6.276098214999999982e+03 1.353545100305306430e-03 2.590441736850164426e-06
6.284095185000000129e+03 1.352885898150442976e-03 2.590441736850164426e-06
6.292092155000000275e+03 1.350894306651010627e-03 2.590441736850164426e-06
6.300089125000000422e+03 1.339826678112570344e-03 2.590441736850164426e-06
6.308086095000000569e+03 1.343804979825959176e-03 2.590441736850164426e-06
6.316083065000000715e+03 1.333471171800917811e-03 2.590441736850164426e-06
6.324080034999999953e+03 1.331496314714430886e-03 2.590441736850164426e-06
6.332077005000000099e+03 1.332515441368175560e-03 2.590441736850164426e-06
6.340073975000000246e+03 1.329256135127982602e-03 2.590441736850164426e-06
6.348070945000000393e+03 1.320141786306406207e-03 2.590441736850164426e-06
6.356067915000000539e+03 1.318411110402959580e-03 2.590441736850164426e-06
6.364064884999999776e+03 1.317098830139917147e-03 2.590441736850164426e-06
6.372061854999999923e+03 1.308498508548175529e-03 2.590441736850164426e-06
6.380058825000000070e+03 1.306742935725542683e-03 2.590441736850164426e-06
6.388055795000000217e+03 1.300363324846114978e-03 2.590441736850164426e-06
6.396052765000000363e+03 1.302524844780202605e-03 2.590441736850164426e-06
6.404049735000000510e+03 1.292718493487273607e-03 2.590441736850164426e-06
6.412046705000000657e+03 1.298512498033749154e-03 2.590441736850164426e-06
6.420043674999999894e+03 1.291432916778939566e-03 2.590441736850164426e-06
6.428040645000000040e+03 1.297703668700686064e-03 2.590441736850164426e-06
6.436037615000000187e+03 1.299728765794396640e-03 2.590441736850164426e-06
6.444034585000000334e+03 1.303514777211491537e-03 2.590441736850164426e-06
6.452031555000000481e+03 1.310834112852910698e-03 2.590441736850164426e-06
6.460028524999999718e+03 1.315619731265459070e-03 2.590441736850164426e-06
6.468025494999999864e+03 1.327344886798259875e-03 2.590441736850164426e-06
6.476022465000000011e+03 1.341711888299516615e-03 2.590441736850164426e-06
6.484019435000000158e+03 1.357403352821490421e-03 2.590441736850164426e-06
6.492016405000000304e+03 1.369099783209199893e-03 2.590441736850164426e-06
6.500013375000000451e+03 1.380084718414007492e-03 2.590441736850164426e-06
6.508010345000000598e+03 1.396753698522956635e-03 2.590441736850164426e-06
6.516007314999999835e+03 1.401122159746486743e-03 2.590441736850164426e-06
6.524004284999999982e+03 1.395657705714515272e-03 2.590441736850164426e-06
6.532001255000000128e+03 1.373773429604390698e-03 2.590441736850164426e-06
6.539998225000000275e+03 1.362399494316472769e-03 2.590441736850164426e-06
6.547995194999999512e+03 1.358091064580712161e-03 2.590441736850164426e-06
6.555992164999999659e+03 1.359227725610531474e-03 2.590441736850164426e-06
6.563989134999999806e+03 1.357095788246262319e-03 2.590441736850164426e-06
6.571986104999999952e+03 1.356909975249779047e-03 2.590441736850164426e-06
6.579983075000000099e+03 1.357673930329827278e-03 2.590441736850164426e-06
6.587980045000000246e+03 1.358330182445596866e-03 2.590441736850164426e-06
6.595977015000000392e+03 1.379958720299172010e-03 2.590441736850164426e-06
6.603973985000000539e+03 1.388029438790301879e-03 2.590441736850164426e-06
6.611970954999999776e+03 1.388858062410135196e-03 2.590441736850164426e-06
6.619967924999999923e+03 1.377796941308206220e-03 2.590441736850164426e-06
6.627964895000000070e+03 1.359083402296216818e-03 2.590441736850164426e-06
6.635961865000000216e+03 1.336488676204538152e-03 2.590441736850164426e-06
6.643958834999999453e+03 1.314090016801060723e-03 2.590441736850164426e-06
6.651955804999999600e+03 1.285140616609651513e-03 2.590441736850164426e-06
6.659952774999999747e+03 1.260862021852202520e-03 2.590441736850164426e-06
6.667949744999999893e+03 1.244340067444400788e-03 2.590441736850164426e-06
6.675946715000000040e+03 1.227287068075407590e-03 2.590441736850164426e-06
6.683943685000000187e+03 1.220198274041551633e-03 2.590441736850164426e-06
6.691940655000000334e+03 1.197857423934334340e-03 2.590441736850164426e-06
6.699937624999999571e+03 1.190531676013448226e-03 2.590441736850164426e-06
6.707934594999999717e+03 1.183732566316333945e-03 2.590441736850164426e-06
6.715931564999999864e+03 1.175472819416568558e-03 2.590441736850164426e-06
6.723928535000000011e+03 1.168343136168860765e-03 2.590441736850164426e-06
6.731925505000000157e+03 1.165561595723018729e-03 2.590441736850164426e-06
6.739922474999999395e+03 1.163768592121013166e-03 2.590441736850164426e-06
6.747919444999999541e+03 1.157406507833042691e-03 2.590441736850164426e-06
6.755916414999999688e+03 1.156580398078841960e-03 2.590441736850164426e-06
6.763913384999999835e+03 1.149599435370089436e-03 2.590441736850164426e-06
6.771910354999999981e+03 1.150228671657793937e-03 2.590441736850164426e-06
6.779907325000000128e+03 1.139650930914779588e-03 2.590441736850164426e-06
6.787904295000000275e+03 1.140360921552649280e-03 2.590441736850164426e-06
6.795901264999999512e+03 1.140722276066345612e-03 2.590441736850164426e-06
6.803898234999999659e+03 1.133573486363839743e-03 2.590441736850164426e-06
6.811895204999999805e+03 1.135395814743424183e-03 2.590441736850164426e-06
6.819892174999999952e+03 1.130156651642187692e-03 2.590441736850164426e-06
6.827889145000000099e+03 1.127289448070178035e-03 2.590441736850164426e-06
6.835886114999999336e+03 1.117131302490349332e-03 2.590441736850164426e-06
6.843883084999999483e+03 1.117185629864831005e-03 2.590441736850164426e-06
6.851880054999999629e+03 1.116312528000508062e-03 2.590441736850164426e-06
6.859877024999999776e+03 1.114795813166664668e-03 2.590441736850164426e-06
6.867873994999999923e+03 1.106003811313473152e-03 2.590441736850164426e-06
6.875870965000000069e+03 1.105499596888642700e-03 2.590441736850164426e-06
6.883867935000000216e+03 1.099130294127906304e-03 2.590441736850164426e-06
6.891864904999999453e+03 1.100172157009847353e-03 2.590441736850164426e-06
6.899861874999999600e+03 1.102193505299986758e-03 2.590441736850164426e-06
6.907858844999999747e+03 1.097420880428449973e-03 2.590441736850164426e-06
6.915855814999999893e+03 1.090962779977765976e-03 2.590441736850164426e-06
6.923852784999999130e+03 1.095083975832790392e-03 2.590441736850164426e-06
6.931849754999999277e+03 1.087122151194435489e-03 2.590441736850164426e-06
6.939846724999999424e+03 1.077242042868581254e-03 2.590441736850164426e-06
6.947843694999999570e+03 1.080698703868539570e-03 2.590441736850164426e-06
6.955840664999999717e+03 1.078644662402086221e-03 2.590441736850164426e-06
6.963837634999999864e+03 1.073412159852605479e-03 2.590441736850164426e-06
6.971834605000000010e+03 1.065231978027983070e-03 2.590441736850164426e-06
6.979831575000000157e+03 1.062993538393461898e-03 2.590441736850164426e-06
6.987828544999999394e+03 1.062588503265735670e-03 2.590441736850164426e-06
6.995825514999999541e+03 1.052701344535289909e-03 2.590441736850164426e-06
