6.204125485000000481e+03 1.794614050497905485e-03 2.590441736850164426e-06
6.212122455000000627e+03 1.794627901547721270e-03 2.590441736850164426e-06
6.220119425000000774e+03 1.784630076131803493e-03 2.590441736850164426e-06
6.228116395000000011e+03 1.779020606568607922e-03 2.590441736850164426e-06
6.236113365000000158e+03 1.775357819071689356e-03 2.590441736850164426e-06
6.244110335000000305e+03 1.767467760070399628e-03 2.590441736850164426e-06
6.252107305000000451e+03 1.774104884748985101e-03 2.590441736850164426e-06
6.260104275000000598e+03 1.763305011879126756e-03 2.590441736850164426e-06
6.268101244999999835e+03 1.762321703184829879e-03 2.590441736850164426e-06
6.276098214999999982e+03 1.752138259254662532e-03 2.590441736850164426e-06
6.284095185000000129e+03 1.751111684764388061e-03 2.590441736850164426e-06
6.292092155000000275e+03 1.749299719810914382e-03 2.590441736850164426e-06
6.300089125000000422e+03 1.745120555237286231e-03 2.590441736850164426e-06
6.308086095000000569e+03 1.737025938725840013e-03 2.590441736850164426e-06
6.316083065000000715e+03 1.728479247171870207e-03 2.590441736850164426e-06
6.324080034999999953e+03 1.731213254069016369e-03 2.590441736850164426e-06
6.332077005000000099e+03 1.725474185365762298e-03 2.590441736850164426e-06
6.340073975000000246e+03 1.721079911589997857e-03 2.590441736850164426e-06
6.348070945000000393e+03 1.708547897180689914e-03 2.590441736850164426e-06
6.356067915000000539e+03 1.711346942192158369e-03 2.590441736850164426e-06
6.364064884999999776e+03 1.702000868405055501e-03 2.590441736850164426e-06
6.372061854999999923e+03 1.701774358001256543e-03 2.590441736850164426e-06
6.380058825000000070e+03 1.692836819597398927e-03 2.590441736850164426e-06
6.388055795000000217e+03 1.694450427126268288e-03 2.590441736850164426e-06
6.396052765000000363e+03 1.683199454389181903e-03 2.590441736850164426e-06
6.404049735000000510e+03 1.684672543841731754e-03 2.590441736850164426e-06
6.412046705000000657e+03 1.685741306179915555e-03 2.590441736850164426e-06
6.420043674999999894e+03 1.679416405832676040e-03 2.590441736850164426e-06
6.428040645000000040e+03 1.678128689908691459e-03 2.590441736850164426e-06
6.436037615000000187e+03 1.680182633874161176e-03 2.590441736850164426e-06
6.444034585000000334e+03 1.684709235910835518e-03 2.590441736850164426e-06
6.452031555000000481e+03 1.688864344717517976e-03 2.590441736850164426e-06
6.460028524999999718e+03 1.688199261779864532e-03 2.590441736850164426e-06
6.468025494999999864e+03 1.704268758294072168e-03 2.590441736850164426e-06
6.476022465000000011e+03 1.712692398006032679e-03 2.590441736850164426e-06
6.484019435000000158e+03 1.731731369401199976e-03 2.590441736850164426e-06
6.492016405000000304e+03 1.740843809175984629e-03 2.590441736850164426e-06
6.500013375000000451e+03 1.763913977275147508e-03 2.590441736850164426e-06
6.508010345000000598e+03 1.770294822725884329e-03 2.590441736850164426e-06
6.516007314999999835e+03 1.767825051855815861e-03 2.590441736850164426e-06
6.524004284999999982e+03 1.766559177219186602e-03 2.590441736850164426e-06
6.532001255000000128e+03 1.743652674155732373e-03 2.590441736850164426e-06
6.539998225000000275e+03 1.734297966422484885e-03 2.590441736850164426e-06
6.547995194999999512e+03 1.726159814034338531e-03 2.590441736850164426e-06
6.555992164999999659e+03 1.719500622985942672e-03 2.590441736850164426e-06
6.563989134999999806e+03 1.722631555450989532e-03 2.590441736850164426e-06
6.571986104999999952e+03 1.715113407676445434e-03 2.590441736850164426e-06
6.579983075000000099e+03 1.717176704193920135e-03 2.590441736850164426e-06
6.587980045000000246e+03 1.718710548003724676e-03 2.590441736850164426e-06
6.595977015000000392e+03 1.733600010643915508e-03 2.590441736850164426e-06
6.603973985000000539e+03 1.744888794181843113e-03 2.590441736850164426e-06
6.611970954999999776e+03 1.740533038212803852e-03 2.590441736850164426e-06
6.619967924999999923e+03 1.736799999112850204e-03 2.590441736850164426e-06
6.627964895000000070e+03 1.725863347923493191e-03 2.590441736850164426e-06
6.635961865000000216e+03 1.694142549210085223e-03 2.590441736850164426e-06
6.643958834999999453e+03 1.667829303633659895e-03 2.590441736850164426e-06
6.651955804999999600e+03 1.643256918815728636e-03 2.590441736850164426e-06
6.659952774999999747e+03 1.620726643162799128e-03 2.590441736850164426e-06
6.667949744999999893e+03 1.591574363361043191e-03 2.590441736850164426e-06
6.675946715000000040e+03 1.584633568003161654e-03 2.590441736850164426e-06
6.683943685000000187e+03 1.572280089477820671e-03 2.590441736850164426e-06
6.691940655000000334e+03 1.555238021203279820e-03 2.590441736850164426e-06
6.699937624999999571e+03 1.540035545398378081e-03 2.590441736850164426e-06
6.707934594999999717e+03 1.532224641533551758e-03 2.590441736850164426e-06
6.715931564999999864e+03 1.524296689448612204e-03 2.590441736850164426e-06
6.723928535000000011e+03 1.516665380065518277e-03 2.590441736850164426e-06
6.731925505000000157e+03 1.512651156749791372e-03 2.590441736850164426e-06
6.739922474999999395e+03 1.501067619606619727e-03 2.590441736850164426e-06
6.747919444999999541e+03 1.495496380035836372e-03 2.590441736850164426e-06
6.755916414999999688e+03 1.495174574321631858e-03 2.590441736850164426e-06
6.763913384999999835e+03 1.491721105794276006e-03 2.590441736850164426e-06
6.771910354999999981e+03 1.487837691717243480e-03 2.590441736850164426e-06
6.779907325000000128e+03 1.484694336055096889e-03 2.590441736850164426e-06
6.787904295000000275e+03 1.480637115748482339e-03 2.590441736850164426e-06
6.795901264999999512e+03 1.475358035705667337e-03 2.590441736850164426e-06
6.803898234999999659e+03 1.472927249374659771e-03 2.590441736850164426e-06
6.811895204999999805e+03 1.463272707092896224e-03 2.590441736850164426e-06
6.819892174999999952e+03 1.465961208534192518e-03 2.590441736850164426e-06
6.827889145000000099e+03 1.460655622266917837e-03 2.590441736850164426e-06
6.835886114999999336e+03 1.456911916306644897e-03 2.590441736850164426e-06
6.843883084999999483e+03 1.452112059361745098e-03 2.590441736850164426e-06
6.851880054999999629e+03 1.448859052822926412e-03 2.590441736850164426e-06
6.859877024999999776e+03 1.446675736534339292e-03 2.590441736850164426e-06
6.867873994999999923e+03 1.437855014809632289e-03 2.590441736850164426e-06
6.875870965000000069e+03 1.435396006695898851e-03 2.590441736850164426e-06
6.883867935000000216e+03 1.431493289401822864e-03 2.590441736850164426e-06
6.891864904999999453e+03 1.427080193661135147e-03 2.590441736850164426e-06
6.899861874999999600e+03 1.421380665094525543e-03 2.590441736850164426e-06
6.907858844999999747e+03 1.422067522373957841e-03 2.590441736850164426e-06
6.915855814999999893e+03 1.416863468733854875e-03 2.590441736850164426e-06
6.923852784999999130e+03 1.411912120037624565e-03 2.590441736850164426e-06
6.931849754999999277e+03 1.412130180293722599e-03 2.590441736850164426e-06
6.939846724999999424e+03 1.401418175581952167e-03 2.590441736850164426e-06
6.947843694999999570e+03 1.395385888275555613e-03 2.590441736850164426e-06
6.955840664999999717e+03 1.392843844953261818e-03 2.590441736850164426e-06
6.963837634999999864e+03 1.389135748293633330e-03 2.590441736850164426e-06
6.971834605000000010e+03 1.387479048410556219e-03 2.590441736850164426e-06
6.979831575000000157e+03 1.380320411280344835e-03 2.590441736850164426e-06
6.987828544999999394e+03 1.382212710238787338e-03 2.590441736850164426e-06
6.995825514999999541e+03 1.372485925920704369e-03 2.590441736850164426e-06
