6.204125485000000481e+03 1.380792704620859316e-03 2.590441736850164426e-06
6.212122455000000627e+03 1.375505293485264910e-03 2.590441736850164426e-06
6.220119425000000774e+03 1.372376655296693232e-03 2.590441736850164426e-06
6.228116395000000011e+03 1.369839615893630016e-03 2.590441736850164426e-06
6.236113365000000158e+03 1.365207413376943145e-03 2.590441736850164426e-06
6.244110335000000305e+03 1.364044955530714035e-03 2.590441736850164426e-06
6.252107305000000451e+03 1.363801522987690687e-03 2.590441736850164426e-06
6.260104275000000598e+03 1.358772118391313741e-03 2.590441736850164426e-06
6.268101244999999835e+03 1.353051916906520408e-03 2.590441736850164426e-06
6.276098214999999982e+03 1.345401682799094584e-03 2.590441736850164426e-06
6.284095185000000129e+03 1.346395526890757166e-03 2.590441736850164426e-06
6.292092155000000275e+03 1.339783274690746050e-03 2.590441736850164426e-06
6.300089125000000422e+03 1.340878695681655070e-03 2.590441736850164426e-06
6.308086095000000569e+03 1.335399981017681070e-03 2.590441736850164426e-06
6.316083065000000715e+03 1.333742410774634967e-03 2.590441736850164426e-06
6.324080034999999953e+03 1.329689911593710458e-03 2.590441736850164426e-06
6.332077005000000099e+03 1.326023449435200386e-03 2.590441736850164426e-06
6.340073975000000246e+03 1.323525903856311720e-03 2.590441736850164426e-06
6.348070945000000393e+03 1.313926918063493482e-03 2.590441736850164426e-06
6.356067915000000539e+03 1.316343851734474166e-03 2.590441736850164426e-06
6.364064884999999776e+03 1.311681639598331200e-03 2.590441736850164426e-06
6.372061854999999923e+03 1.304774731314434872e-03 2.590441736850164426e-06
6.380058825000000070e+03 1.301157636412598236e-03 2.590441736850164426e-06
6.388055795000000217e+03 1.298664927437806395e-03 2.590441736850164426e-06
6.396052765000000363e+03 1.292833080827091290e-03 2.590441736850164426e-06
6.404049735000000510e+03 1.294889991108222425e-03 2.590441736850164426e-06
6.412046705000000657e+03 1.291831003905330065e-03 2.590441736850164426e-06
6.420043674999999894e+03 1.287101830074469794e-03 2.590441736850164426e-06
6.428040645000000040e+03 1.291748857280292009e-03 2.590441736850164426e-06
6.436037615000000187e+03 1.295053943616952591e-03 2.590441736850164426e-06
6.444034585000000334e+03 1.294435455436997390e-03 2.590441736850164426e-06
6.452031555000000481e+03 1.304968966934238724e-03 2.590441736850164426e-06
6.460028524999999718e+03 1.308433754771037676e-03 2.590441736850164426e-06
6.468025494999999864e+03 1.321089211653694254e-03 2.590441736850164426e-06
6.476022465000000011e+03 1.332951531986673217e-03 2.590441736850164426e-06
6.484019435000000158e+03 1.346894067092796552e-03 2.590441736850164426e-06
6.492016405000000304e+03 1.369031566204860278e-03 2.590441736850164426e-06
6.500013375000000451e+03 1.378357949677945418e-03 2.590441736850164426e-06
6.508010345000000598e+03 1.390479138175568013e-03 2.590441736850164426e-06
6.516007314999999835e+03 1.391499815588619461e-03 2.590441736850164426e-06
6.524004284999999982e+03 1.389354676950465932e-03 2.590441736850164426e-06
6.532001255000000128e+03 1.365293019829550390e-03 2.590441736850164426e-06
6.539998225000000275e+03 1.355842348721296095e-03 2.590441736850164426e-06
6.547995194999999512e+03 1.358067869024755063e-03 2.590441736850164426e-06
6.555992164999999659e+03 1.352078600260601038e-03 2.590441736850164426e-06
6.563989134999999806e+03 1.352409320269988427e-03 2.590441736850164426e-06
6.571986104999999952e+03 1.352652257253971792e-03 2.590441736850164426e-06
6.579983075000000099e+03 1.346480544262165010e-03 2.590441736850164426e-06
6.587980045000000246e+03 1.362700536829757189e-03 2.590441736850164426e-06
6.595977015000000392e+03 1.371382247428483501e-03 2.590441736850164426e-06
6.603973985000000539e+03 1.379476321267808286e-03 2.590441736850164426e-06
6.611970954999999776e+03 1.384492580345833210e-03 2.590441736850164426e-06
6.619967924999999923e+03 1.369911949593818640e-03 2.590441736850164426e-06
6.627964895000000070e+03 1.354427310514219650e-03 2.590441736850164426e-06
6.635961865000000216e+03 1.332670186089226268e-03 2.590441736850164426e-06
6.643958834999999453e+03 1.309470831305584561e-03 2.590441736850164426e-06
6.651955804999999600e+03 1.277269487689327221e-03 2.590441736850164426e-06
6.659952774999999747e+03 1.259381672568540313e-03 2.590441736850164426e-06
6.667949744999999893e+03 1.234795124679914733e-03 2.590441736850164426e-06
6.675946715000000040e+03 1.224865770417602005e-03 2.590441736850164426e-06
6.683943685000000187e+03 1.214617289962297312e-03 2.590441736850164426e-06
6.691940655000000334e+03 1.197036330480109921e-03 2.590441736850164426e-06
6.699937624999999571e+03 1.190328652304516654e-03 2.590441736850164426e-06
6.707934594999999717e+03 1.178611245422017543e-03 2.590441736850164426e-06
6.715931564999999864e+03 1.171488742212460805e-03 2.590441736850164426e-06
6.723928535000000011e+03 1.171988578026038601e-03 2.590441736850164426e-06
6.731925505000000157e+03 1.162646875569528808e-03 2.590441736850164426e-06
6.739922474999999395e+03 1.159890036379594442e-03 2.590441736850164426e-06
6.747919444999999541e+03 1.157088417154066191e-03 2.590441736850164426e-06
6.755916414999999688e+03 1.151343111583363627e-03 2.590441736850164426e-06
6.763913384999999835e+03 1.149944929467827323e-03 2.590441736850164426e-06
6.771910354999999981e+03 1.145663059577286570e-03 2.590441736850164426e-06
6.779907325000000128e+03 1.143341501463671995e-03 2.590441736850164426e-06
6.787904295000000275e+03 1.137157216645157945e-03 2.590441736850164426e-06
6.795901264999999512e+03 1.137160066026427071e-03 2.590441736850164426e-06
6.803898234999999659e+03 1.135302119278835216e-03 2.590441736850164426e-06
6.811895204999999805e+03 1.124834476007829411e-03 2.590441736850164426e-06
6.819892174999999952e+03 1.122918220851722854e-03 2.590441736850164426e-06
6.827889145000000099e+03 1.124504902071838796e-03 2.590441736850164426e-06
6.835886114999999336e+03 1.116734246103558625e-03 2.590441736850164426e-06
6.843883084999999483e+03 1.115202939410690763e-03 2.590441736850164426e-06
6.851880054999999629e+03 1.108460885927924468e-03 2.590441736850164426e-06
6.859877024999999776e+03 1.111153100541299168e-03 2.590441736850164426e-06
6.867873994999999923e+03 1.108302986459738142e-03 2.590441736850164426e-06
6.875870965000000069e+03 1.107392734396992016e-03 2.590441736850164426e-06
6.883867935000000216e+03 1.103169029744063747e-03 2.590441736850164426e-06
6.891864904999999453e+03 1.099022878639505183e-03 2.590441736850164426e-06
6.899861874999999600e+03 1.095577186720891058e-03 2.590441736850164426e-06
6.907858844999999747e+03 1.090054357133386038e-03 2.590441736850164426e-06
6.915855814999999893e+03 1.086658499271774860e-03 2.590441736850164426e-06
6.923852784999999130e+03 1.083588522861750553e-03 2.590441736850164426e-06
6.931849754999999277e+03 1.079798180358058435e-03 2.590441736850164426e-06
6.939846724999999424e+03 1.075244216908596492e-03 2.590441736850164426e-06
6.947843694999999570e+03 1.076734126126428727e-03 2.590441736850164426e-06
6.955840664999999717e+03 1.071790017823190172e-03 2.590441736850164426e-06
6.963837634999999864e+03 1.069318253738754275e-03 2.590441736850164426e-06
6.971834605000000010e+03 1.065864690935650625e-03 2.590441736850164426e-06
6.979831575000000157e+03 1.065494816437224414e-03 2.590441736850164426e-06
6.987828544999999394e+03 1.062401045675084301e-03 2.590441736850164426e-06
6.995825514999999541e+03 1.056374220442687223e-03 2.590441736850164426e-06
