6.204125485000000481e+03 1.921147284226728960e-03 2.590441736850164426e-06
6.212122455000000627e+03 1.922636238933715614e-03 2.590441736850164426e-06
6.220119425000000774e+03 1.907931587950010806e-03 2.590441736850164426e-06
6.228116395000000011e+03 1.904300685899231772e-03 2.590441736850164426e-06
6.236113365000000158e+03 1.907583771745844769e-03 2.590441736850164426e-06
6.244110335000000305e+03 1.898087846584911023e-03 2.590441736850164426e-06
6.252107305000000451e+03 1.893047906293236337e-03 2.590441736850164426e-06
6.260104275000000598e+03 1.892553487916042365e-03 2.590441736850164426e-06
6.268101244999999835e+03 1.885969738133239136e-03 2.590441736850164426e-06
6.276098214999999982e+03 1.883229220491328907e-03 2.590441736850164426e-06
6.284095185000000129e+03 1.871284624087499963e-03 2.590441736850164426e-06
6.292092155000000275e+03 1.872772421297659064e-03 2.590441736850164426e-06
6.300089125000000422e+03 1.865414699780158433e-03 2.590441736850164426e-06
6.308086095000000569e+03 1.862876492591181458e-03 2.590441736850164426e-06
6.316083065000000715e+03 1.857971597597148127e-03 2.590441736850164426e-06
6.324080034999999953e+03 1.852398151597758977e-03 2.590441736850164426e-06
6.332077005000000099e+03 1.846360617400127566e-03 2.590441736850164426e-06
6.340073975000000246e+03 1.842605271650318106e-03 2.590441736850164426e-06
6.348070945000000393e+03 1.836842971990855847e-03 2.590441736850164426e-06
6.356067915000000539e+03 1.833744575526830836e-03 2.590441736850164426e-06
6.364064884999999776e+03 1.826169221161392901e-03 2.590441736850164426e-06
6.372061854999999923e+03 1.824375454475769777e-03 2.590441736850164426e-06
6.380058825000000070e+03 1.820282492429813178e-03 2.590441736850164426e-06
6.388055795000000217e+03 1.817008999434563052e-03 2.590441736850164426e-06
6.396052765000000363e+03 1.809468134333171380e-03 2.590441736850164426e-06
6.404049735000000510e+03 1.807147782187487573e-03 2.590441736850164426e-06
6.412046705000000657e+03 1.814642738010331224e-03 2.590441736850164426e-06
6.420043674999999894e+03 1.805295207410522948e-03 2.590441736850164426e-06
6.428040645000000040e+03 1.809080769970599885e-03 2.590441736850164426e-06
6.436037615000000187e+03 1.808248266964800673e-03 2.590441736850164426e-06
6.444034585000000334e+03 1.806973127096553030e-03 2.590441736850164426e-06
6.452031555000000481e+03 1.809390401963827154e-03 2.590441736850164426e-06
6.460028524999999718e+03 1.808413772358028046e-03 2.590441736850164426e-06
6.468025494999999864e+03 1.822984118075699107e-03 2.590441736850164426e-06
6.476022465000000011e+03 1.836203711778987323e-03 2.590441736850164426e-06
6.484019435000000158e+03 1.842554696482350245e-03 2.590441736850164426e-06
6.492016405000000304e+03 1.862150825419924601e-03 2.590441736850164426e-06
6.500013375000000451e+03 1.875586865318835299e-03 2.590441736850164426e-06
6.508010345000000598e+03 1.882224396156935865e-03 2.590441736850164426e-06
6.516007314999999835e+03 1.884172364425613097e-03 2.590441736850164426e-06
6.524004284999999982e+03 1.877546850638319885e-03 2.590441736850164426e-06
6.532001255000000128e+03 1.863838994028544195e-03 2.590441736850164426e-06
6.539998225000000275e+03 1.843391673306311526e-03 2.590441736850164426e-06
6.547995194999999512e+03 1.838446312917794197e-03 2.590441736850164426e-06
6.555992164999999659e+03 1.832220589572712988e-03 2.590441736850164426e-06
6.563989134999999806e+03 1.831860027080500644e-03 2.590441736850164426e-06
6.571986104999999952e+03 1.829864964639922251e-03 2.590441736850164426e-06
6.579983075000000099e+03 1.826576158438982965e-03 2.590441736850164426e-06
6.587980045000000246e+03 1.827834960087830604e-03 2.590441736850164426e-06
6.595977015000000392e+03 1.849175614805043675e-03 2.590441736850164426e-06
6.603973985000000539e+03 1.860188619998860661e-03 2.590441736850164426e-06
6.611970954999999776e+03 1.859062521899692384e-03 2.590441736850164426e-06
6.619967924999999923e+03 1.847394603598568946e-03 2.590441736850164426e-06
6.627964895000000070e+03 1.833448112383166033e-03 2.590441736850164426e-06
6.635961865000000216e+03 1.811416298283424374e-03 2.590441736850164426e-06
6.643958834999999453e+03 1.786568146137223079e-03 2.590441736850164426e-06
6.651955804999999600e+03 1.756294245723988507e-03 2.590441736850164426e-06
6.659952774999999747e+03 1.730147147122341675e-03 2.590441736850164426e-06
6.667949744999999893e+03 1.709627766760861639e-03 2.590441736850164426e-06
6.675946715000000040e+03 1.698589423100571203e-03 2.590441736850164426e-06
6.683943685000000187e+03 1.688302037253894012e-03 2.590441736850164426e-06
6.691940655000000334e+03 1.673606512573861185e-03 2.590441736850164426e-06
6.699937624999999571e+03 1.657404303585441850e-03 2.590441736850164426e-06
6.707934594999999717e+03 1.652367474523562443e-03 2.590441736850164426e-06
6.715931564999999864e+03 1.637707240022520704e-03 2.590441736850164426e-06
6.723928535000000011e+03 1.633112419741358356e-03 2.590441736850164426e-06
6.731925505000000157e+03 1.622401434120453005e-03 2.590441736850164426e-06
6.739922474999999395e+03 1.619486524387613469e-03 2.590441736850164426e-06
6.747919444999999541e+03 1.608324892985117010e-03 2.590441736850164426e-06
6.755916414999999688e+03 1.608923651114546561e-03 2.590441736850164426e-06
6.763913384999999835e+03 1.600755260032643785e-03 2.590441736850164426e-06
6.771910354999999981e+03 1.594663875302638817e-03 2.590441736850164426e-06
6.779907325000000128e+03 1.592269336359481390e-03 2.590441736850164426e-06
6.787904295000000275e+03 1.591658598174201279e-03 2.590441736850164426e-06
6.795901264999999512e+03 1.581694112939711428e-03 2.590441736850164426e-06
6.803898234999999659e+03 1.576969161957261735e-03 2.590441736850164426e-06
6.811895204999999805e+03 1.568878559883156226e-03 2.590441736850164426e-06
6.819892174999999952e+03 1.566611780209609030e-03 2.590441736850164426e-06
6.827889145000000099e+03 1.562261718580231461e-03 2.590441736850164426e-06
6.835886114999999336e+03 1.558838899725458089e-03 2.590441736850164426e-06
6.843883084999999483e+03 1.554462558184271535e-03 2.590441736850164426e-06
6.851880054999999629e+03 1.550701363206137941e-03 2.590441736850164426e-06
6.859877024999999776e+03 1.549015975715651878e-03 2.590441736850164426e-06
6.867873994999999923e+03 1.540430463037768252e-03 2.590441736850164426e-06
6.875870965000000069e+03 1.540317086006278736e-03 2.590441736850164426e-06
6.883867935000000216e+03 1.536255446910535314e-03 2.590441736850164426e-06
6.891864904999999453e+03 1.530781804815577619e-03 2.590441736850164426e-06
6.899861874999999600e+03 1.529642862640058021e-03 2.590441736850164426e-06
6.907858844999999747e+03 1.518296543617802391e-03 2.590441736850164426e-06
6.915855814999999893e+03 1.516195043891196796e-03 2.590441736850164426e-06
6.923852784999999130e+03 1.509221488077792201e-03 2.590441736850164426e-06
6.931849754999999277e+03 1.507547811431008029e-03 2.590441736850164426e-06
6.939846724999999424e+03 1.502922306623888675e-03 2.590441736850164426e-06
6.947843694999999570e+03 1.497068827390120229e-03 2.590441736850164426e-06
6.955840664999999717e+03 1.492461445820600103e-03 2.590441736850164426e-06
6.963837634999999864e+03 1.484758873451324374e-03 2.590441736850164426e-06
6.971834605000000010e+03 1.486290140071233612e-03 2.590441736850164426e-06
6.979831575000000157e+03 1.478547261079842185e-03 2.590441736850164426e-06
6.987828544999999394e+03 1.476935311121374940e-03 2.590441736850164426e-06
6.995825514999999541e+03 1.469850775641339544e-03 2.590441736850164426e-06
