6.204125485000000481e+03 1.428981465620653537e-03 2.590441736850164426e-06
6.212122455000000627e+03 1.417706161230808132e-03 2.590441736850164426e-06
6.220119425000000774e+03 1.419050124584428103e-03 2.590441736850164426e-06
6.228116395000000011e+03 1.418660589211954157e-03 2.590441736850164426e-06
6.236113365000000158e+03 1.414581867336070845e-03 2.590441736850164426e-06
6.244110335000000305e+03 1.404208973815849245e-03 2.590441736850164426e-06
6.252107305000000451e+03 1.405581236066529103e-03 2.590441736850164426e-06
6.260104275000000598e+03 1.403300258415215562e-03 2.590441736850164426e-06
6.268101244999999835e+03 1.398700632344555090e-03 2.590441736850164426e-06
6.276098214999999982e+03 1.397975994601116396e-03 2.590441736850164426e-06
6.284095185000000129e+03 1.390773550602144269e-03 2.590441736850164426e-06
6.292092155000000275e+03 1.384869213014974744e-03 2.590441736850164426e-06
6.300089125000000422e+03 1.387215284520085896e-03 2.590441736850164426e-06
6.308086095000000569e+03 1.377183665410188678e-03 2.590441736850164426e-06
6.316083065000000715e+03 1.374004537683064372e-03 2.590441736850164426e-06
6.324080034999999953e+03 1.369091302357913461e-03 2.590441736850164426e-06
6.332077005000000099e+03 1.368403247956706623e-03 2.590441736850164426e-06
6.340073975000000246e+03 1.363882148210661480e-03 2.590441736850164426e-06
6.348070945000000393e+03 1.357036708998391730e-03 2.590441736850164426e-06
6.356067915000000539e+03 1.356570840455384409e-03 2.590441736850164426e-06
6.364064884999999776e+03 1.354077655889473130e-03 2.590441736850164426e-06
6.372061854999999923e+03 1.344079783923492720e-03 2.590441736850164426e-06
6.380058825000000070e+03 1.345192823016001316e-03 2.590441736850164426e-06
6.388055795000000217e+03 1.342974202646065760e-03 2.590441736850164426e-06
6.396052765000000363e+03 1.341332837602667548e-03 2.590441736850164426e-06
6.404049735000000510e+03 1.339097927561773947e-03 2.590441736850164426e-06
6.412046705000000657e+03 1.343175674987361632e-03 2.590441736850164426e-06
6.420043674999999894e+03 1.336284472351358847e-03 2.590441736850164426e-06
6.428040645000000040e+03 1.339654311729625855e-03 2.590441736850164426e-06
6.436037615000000187e+03 1.337760594300027280e-03 2.590441736850164426e-06
6.444034585000000334e+03 1.345350473690738692e-03 2.590441736850164426e-06
6.452031555000000481e+03 1.345340705671198983e-03 2.590441736850164426e-06
6.460028524999999718e+03 1.351861580774856150e-03 2.590441736850164426e-06
6.468025494999999864e+03 1.363660104482732408e-03 2.590441736850164426e-06
6.476022465000000011e+03 1.373390655818502743e-03 2.590441736850164426e-06
6.484019435000000158e+03 1.391552971276927486e-03 2.590441736850164426e-06
6.492016405000000304e+03 1.401472870844268836e-03 2.590441736850164426e-06
6.500013375000000451e+03 1.419244640423983871e-03 2.590441736850164426e-06
6.508010345000000598e+03 1.435597820043566300e-03 2.590441736850164426e-06
6.516007314999999835e+03 1.441598501811912868e-03 2.590441736850164426e-06
6.524004284999999982e+03 1.439937248765647696e-03 2.590441736850164426e-06
6.532001255000000128e+03 1.426136099454842088e-03 2.590441736850164426e-06
6.539998225000000275e+03 1.401210849089144219e-03 2.590441736850164426e-06
6.547995194999999512e+03 1.399285143779152108e-03 2.590441736850164426e-06
6.555992164999999659e+03 1.396541014234395188e-03 2.590441736850164426e-06
6.563989134999999806e+03 1.396444639859531836e-03 2.590441736850164426e-06
6.571986104999999952e+03 1.393977190384324645e-03 2.590441736850164426e-06
6.579983075000000099e+03 1.395633337606890434e-03 2.590441736850164426e-06
6.587980045000000246e+03 1.400371355036885389e-03 2.590441736850164426e-06
6.595977015000000392e+03 1.419520095554399099e-03 2.590441736850164426e-06
6.603973985000000539e+03 1.426117907437125408e-03 2.590441736850164426e-06
6.611970954999999776e+03 1.432944011715291512e-03 2.590441736850164426e-06
6.619967924999999923e+03 1.413321296036327765e-03 2.590441736850164426e-06
6.627964895000000070e+03 1.395957037161019675e-03 2.590441736850164426e-06
6.635961865000000216e+03 1.367018827991324601e-03 2.590441736850164426e-06
6.643958834999999453e+03 1.350181234583224150e-03 2.590441736850164426e-06
6.651955804999999600e+03 1.313091585103271994e-03 2.590441736850164426e-06
6.659952774999999747e+03 1.298535264513603913e-03 2.590441736850164426e-06
6.667949744999999893e+03 1.280454533080904386e-03 2.590441736850164426e-06
6.675946715000000040e+03 1.264199754771822871e-03 2.590441736850164426e-06
6.683943685000000187e+03 1.252738512617603732e-03 2.590441736850164426e-06
6.691940655000000334e+03 1.243112994268518205e-03 2.590441736850164426e-06
6.699937624999999571e+03 1.230037922361884367e-03 2.590441736850164426e-06
6.707934594999999717e+03 1.227088454058266340e-03 2.590441736850164426e-06
6.715931564999999864e+03 1.213904152799092631e-03 2.590441736850164426e-06
6.723928535000000011e+03 1.205675724532352970e-03 2.590441736850164426e-06
6.731925505000000157e+03 1.201989068904645323e-03 2.590441736850164426e-06
6.739922474999999395e+03 1.197838660805827706e-03 2.590441736850164426e-06
6.747919444999999541e+03 1.190641590295530216e-03 2.590441736850164426e-06
6.755916414999999688e+03 1.190262768249336850e-03 2.590441736850164426e-06
6.763913384999999835e+03 1.186933379546707473e-03 2.590441736850164426e-06
6.771910354999999981e+03 1.186131737166302384e-03 2.590441736850164426e-06
6.779907325000000128e+03 1.177624181320797081e-03 2.590441736850164426e-06
6.787904295000000275e+03 1.178844779110492123e-03 2.590441736850164426e-06
6.795901264999999512e+03 1.175205717820855837e-03 2.590441736850164426e-06
6.803898234999999659e+03 1.169906450313193489e-03 2.590441736850164426e-06
6.811895204999999805e+03 1.170864097113216967e-03 2.590441736850164426e-06
6.819892174999999952e+03 1.162302034702116654e-03 2.590441736850164426e-06
6.827889145000000099e+03 1.159827186235624355e-03 2.590441736850164426e-06
6.835886114999999336e+03 1.155936553093070245e-03 2.590441736850164426e-06
6.843883084999999483e+03 1.150979703774918225e-03 2.590441736850164426e-06
6.851880054999999629e+03 1.151488728337166610e-03 2.590441736850164426e-06
6.859877024999999776e+03 1.149309650892268520e-03 2.590441736850164426e-06
6.867873994999999923e+03 1.143242018015799832e-03 2.590441736850164426e-06
6.875870965000000069e+03 1.135928300946449643e-03 2.590441736850164426e-06
6.883867935000000216e+03 1.135410404145981112e-03 2.590441736850164426e-06
6.891864904999999453e+03 1.128485212396620942e-03 2.590441736850164426e-06
6.899861874999999600e+03 1.132750476740155242e-03 2.590441736850164426e-06
6.907858844999999747e+03 1.129688104220706720e-03 2.590441736850164426e-06
6.915855814999999893e+03 1.123614909899350520e-03 2.590441736850164426e-06
6.923852784999999130e+03 1.123465224788727269e-03 2.590441736850164426e-06
6.931849754999999277e+03 1.116231177316924896e-03 2.590441736850164426e-06
6.939846724999999424e+03 1.116841531885975729e-03 2.590441736850164426e-06
6.947843694999999570e+03 1.114072161047001278e-03 2.590441736850164426e-06
6.955840664999999717e+03 1.108473345375250111e-03 2.590441736850164426e-06
6.963837634999999864e+03 1.102991796588182567e-03 2.590441736850164426e-06
6.971834605000000010e+03 1.097275569939975192e-03 2.590441736850164426e-06
6.979831575000000157e+03 1.097264279411871600e-03 2.590441736850164426e-06
6.987828544999999394e+03 1.096276400314484013e-03 2.590441736850164426e-06
6.995825514999999541e+03 1.089900123776580115e-03 2.590441736850164426e-06
