6.204125485000000481e+03 1.264510860559344644e-03 2.590441736850164426e-06
6.212122455000000627e+03 1.259594388377488754e-03 2.590441736850164426e-06
6.220119425000000774e+03 1.257222041472122725e-03 2.590441736850164426e-06
6.228116395000000011e+03 1.254218590588176323e-03 2.590441736850164426e-06
6.236113365000000158e+03 1.252343663499247460e-03 2.590441736850164426e-06
6.244110335000000305e+03 1.249799411447318279e-03 2.590441736850164426e-06
6.252107305000000451e+03 1.247377127460449348e-03 2.590441736850164426e-06
6.260104275000000598e+03 1.249752325070332439e-03 2.590441736850164426e-06
6.268101244999999835e+03 1.239522879701066612e-03 2.590441736850164426e-06
6.276098214999999982e+03 1.240885039189329464e-03 2.590441736850164426e-06
6.284095185000000129e+03 1.235894896899499733e-03 2.590441736850164426e-06
6.292092155000000275e+03 1.231253251273818888e-03 2.590441736850164426e-06
6.300089125000000422e+03 1.230509962740258464e-03 2.590441736850164426e-06
6.308086095000000569e+03 1.229450223831531639e-03 2.590441736850164426e-06
6.316083065000000715e+03 1.219214202096700851e-03 2.590441736850164426e-06
6.324080034999999953e+03 1.213873877789010394e-03 2.590441736850164426e-06
6.332077005000000099e+03 1.209800675779448050e-03 2.590441736850164426e-06
6.340073975000000246e+03 1.209814182746541452e-03 2.590441736850164426e-06
6.348070945000000393e+03 1.204218076897519557e-03 2.590441736850164426e-06
6.356067915000000539e+03 1.206472184219596275e-03 2.590441736850164426e-06
6.364064884999999776e+03 1.197738065079503259e-03 2.590441736850164426e-06
6.372061854999999923e+03 1.190233794220217764e-03 2.590441736850164426e-06
6.380058825000000070e+03 1.187458547822062413e-03 2.590441736850164426e-06
6.388055795000000217e+03 1.191214037503955355e-03 2.590441736850164426e-06
6.396052765000000363e+03 1.183401643937067021e-03 2.590441736850164426e-06
6.404049735000000510e+03 1.184497523031158815e-03 2.590441736850164426e-06
6.412046705000000657e+03 1.178016262888342651e-03 2.590441736850164426e-06
6.420043674999999894e+03 1.177504595677067575e-03 2.590441736850164426e-06
6.428040645000000040e+03 1.179525501964426900e-03 2.590441736850164426e-06
6.436037615000000187e+03 1.183702346793781427e-03 2.590441736850164426e-06
6.444034585000000334e+03 1.187242399870980540e-03 2.590441736850164426e-06
6.452031555000000481e+03 1.191469112833411139e-03 2.590441736850164426e-06
6.460028524999999718e+03 1.203413029950305222e-03 2.590441736850164426e-06
6.468025494999999864e+03 1.217515832082160512e-03 2.590441736850164426e-06
6.476022465000000011e+03 1.230860166816961790e-03 2.590441736850164426e-06
6.484019435000000158e+03 1.241362038092140964e-03 2.590441736850164426e-06
6.492016405000000304e+03 1.258803697552898651e-03 2.590441736850164426e-06
6.500013375000000451e+03 1.277557021387110961e-03 2.590441736850164426e-06
6.508010345000000598e+03 1.288581604057888576e-03 2.590441736850164426e-06
6.516007314999999835e+03 1.292897131064933095e-03 2.590441736850164426e-06
6.524004284999999982e+03 1.289406248543244898e-03 2.590441736850164426e-06
6.532001255000000128e+03 1.274822720660538080e-03 2.590441736850164426e-06
6.539998225000000275e+03 1.257677092491182695e-03 2.590441736850164426e-06
6.547995194999999512e+03 1.252278063840174581e-03 2.590441736850164426e-06
6.555992164999999659e+03 1.249019984131385409e-03 2.590441736850164426e-06
6.563989134999999806e+03 1.243311970447390615e-03 2.590441736850164426e-06
6.571986104999999952e+03 1.247808434867072897e-03 2.590441736850164426e-06
6.579983075000000099e+03 1.245041821845949267e-03 2.590441736850164426e-06
6.587980045000000246e+03 1.249860409949583168e-03 2.590441736850164426e-06
6.595977015000000392e+03 1.272351719079123193e-03 2.590441736850164426e-06
6.603973985000000539e+03 1.286393898943963797e-03 2.590441736850164426e-06
6.611970954999999776e+03 1.284695102717376032e-03 2.590441736850164426e-06
6.619967924999999923e+03 1.271914539955479708e-03 2.590441736850164426e-06
6.627964895000000070e+03 1.265717985302689452e-03 2.590441736850164426e-06
6.635961865000000216e+03 1.236393536790319136e-03 2.590441736850164426e-06
6.643958834999999453e+03 1.204702340472479840e-03 2.590441736850164426e-06
6.651955804999999600e+03 1.186461354173561772e-03 2.590441736850164426e-06
6.659952774999999747e+03 1.155080016537862395e-03 2.590441736850164426e-06
6.667949744999999893e+03 1.132968585133822077e-03 2.590441736850164426e-06
6.675946715000000040e+03 1.122061766346744895e-03 2.590441736850164426e-06
6.683943685000000187e+03 1.110205644323804556e-03 2.590441736850164426e-06
6.691940655000000334e+03 1.095437208846964348e-03 2.590441736850164426e-06
6.699937624999999571e+03 1.083339396568047501e-03 2.590441736850164426e-06
6.707934594999999717e+03 1.076785004346989157e-03 2.590441736850164426e-06
6.715931564999999864e+03 1.074029617116336113e-03 2.590441736850164426e-06
6.723928535000000011e+03 1.064357776157243227e-03 2.590441736850164426e-06
6.731925505000000157e+03 1.063942188268841068e-03 2.590441736850164426e-06
6.739922474999999395e+03 1.062188709430024859e-03 2.590441736850164426e-06
6.747919444999999541e+03 1.054709431759239284e-03 2.590441736850164426e-06
6.755916414999999688e+03 1.057339632874354724e-03 2.590441736850164426e-06
6.763913384999999835e+03 1.051826346974133949e-03 2.590441736850164426e-06
6.771910354999999981e+03 1.053056687884357679e-03 2.590441736850164426e-06
6.779907325000000128e+03 1.044816915168545824e-03 2.590441736850164426e-06
6.787904295000000275e+03 1.037240650871084713e-03 2.590441736850164426e-06
6.795901264999999512e+03 1.040579702902275257e-03 2.590441736850164426e-06
6.803898234999999659e+03 1.037346033126444267e-03 2.590441736850164426e-06
6.811895204999999805e+03 1.035197933634904484e-03 2.590441736850164426e-06
6.819892174999999952e+03 1.032975859372691060e-03 2.590441736850164426e-06
6.827889145000000099e+03 1.031832543029356179e-03 2.590441736850164426e-06
6.835886114999999336e+03 1.024710685905024041e-03 2.590441736850164426e-06
6.843883084999999483e+03 1.021374591030954019e-03 2.590441736850164426e-06
6.851880054999999629e+03 1.020910182665760646e-03 2.590441736850164426e-06
6.859877024999999776e+03 1.017239306906018038e-03 2.590441736850164426e-06
6.867873994999999923e+03 1.020278112670512140e-03 2.590441736850164426e-06
6.875870965000000069e+03 1.010427548118087967e-03 2.590441736850164426e-06
6.883867935000000216e+03 1.012879510244769129e-03 2.590441736850164426e-06
6.891864904999999453e+03 1.003623772643889986e-03 2.590441736850164426e-06
6.899861874999999600e+03 1.002522226959484458e-03 2.590441736850164426e-06
6.907858844999999747e+03 9.962693759035124580e-04 2.590441736850164426e-06
6.915855814999999893e+03 9.943228312904166689e-04 2.590441736850164426e-06
6.923852784999999130e+03 9.896686924173818661e-04 2.590441736850164426e-06
6.931849754999999277e+03 9.893269498276937180e-04 2.590441736850164426e-06
6.939846724999999424e+03 9.862521668954227910e-04 2.590441736850164426e-06
6.947843694999999570e+03 9.839606294199548277e-04 2.590441736850164426e-06
6.955840664999999717e+03 9.890656864401698063e-04 2.590441736850164426e-06
6.963837634999999864e+03 9.792183566050621183e-04 2.590441736850164426e-06
6.971834605000000010e+03 9.774804633833453389e-04 2.590441736850164426e-06
6.979831575000000157e+03 9.757886147254269229e-04 2.590441736850164426e-06
6.987828544999999394e+03 9.667566069507943505e-04 2.590441736850164426e-06
6.995825514999999541e+03 9.702341090440068372e-04 2.590441736850164426e-06
