6.204125485000000481e+03 1.387993754006483027e-03 2.590441736850164426e-06
6.212122455000000627e+03 1.388780032513693610e-03 2.590441736850164426e-06
6.220119425000000774e+03 1.383973535028555895e-03 2.590441736850164426e-06
6.228116395000000011e+03 1.380824210758903933e-03 2.590441736850164426e-06
6.236113365000000158e+03 1.375225072800654712e-03 2.590441736850164426e-06
6.244110335000000305e+03 1.367278462741513710e-03 2.590441736850164426e-06
6.252107305000000451e+03 1.370776013270769882e-03 2.590441736850164426e-06
6.260104275000000598e+03 1.367446302639488799e-03 2.590441736850164426e-06
6.268101244999999835e+03 1.360420790946168792e-03 2.590441736850164426e-06
6.276098214999999982e+03 1.357121297919919615e-03 2.590441736850164426e-06
6.284095185000000129e+03 1.352314115088033581e-03 2.590441736850164426e-06
6.292092155000000275e+03 1.356366998320328657e-03 2.590441736850164426e-06
6.300089125000000422e+03 1.346391525981663556e-03 2.590441736850164426e-06
6.308086095000000569e+03 1.344833801606074844e-03 2.590441736850164426e-06
6.316083065000000715e+03 1.341538053681378979e-03 2.590441736850164426e-06
6.324080034999999953e+03 1.334522670141802389e-03 2.590441736850164426e-06
6.332077005000000099e+03 1.330529844381311182e-03 2.590441736850164426e-06
6.340073975000000246e+03 1.333915194508689291e-03 2.590441736850164426e-06
6.348070945000000393e+03 1.323755303046453844e-03 2.590441736850164426e-06
6.356067915000000539e+03 1.320001578885810281e-03 2.590441736850164426e-06
6.364064884999999776e+03 1.320173108161156470e-03 2.590441736850164426e-06
6.372061854999999923e+03 1.311619498735436826e-03 2.590441736850164426e-06
6.380058825000000070e+03 1.313885658623470312e-03 2.590441736850164426e-06
6.388055795000000217e+03 1.310708803460324803e-03 2.590441736850164426e-06
6.396052765000000363e+03 1.306966491903656597e-03 2.590441736850164426e-06
6.404049735000000510e+03 1.299629179540092491e-03 2.590441736850164426e-06
6.412046705000000657e+03 1.303075801453966887e-03 2.590441736850164426e-06
6.420043674999999894e+03 1.303753104794255031e-03 2.590441736850164426e-06
6.428040645000000040e+03 1.302916119415073416e-03 2.590441736850164426e-06
6.436037615000000187e+03 1.310188528939205260e-03 2.590441736850164426e-06
6.444034585000000334e+03 1.308956673453699066e-03 2.590441736850164426e-06
6.452031555000000481e+03 1.311545607432831146e-03 2.590441736850164426e-06
6.460028524999999718e+03 1.314701533977285283e-03 2.590441736850164426e-06
6.468025494999999864e+03 1.328414379656838069e-03 2.590441736850164426e-06
6.476022465000000011e+03 1.341804219940918386e-03 2.590441736850164426e-06
6.484019435000000158e+03 1.357349795447590924e-03 2.590441736850164426e-06
6.492016405000000304e+03 1.374114489649213818e-03 2.590441736850164426e-06
6.500013375000000451e+03 1.397038478545445644e-03 2.590441736850164426e-06
6.508010345000000598e+03 1.404775917377847332e-03 2.590441736850164426e-06
6.516007314999999835e+03 1.398458311357424644e-03 2.590441736850164426e-06
6.524004284999999982e+03 1.384545618915846137e-03 2.590441736850164426e-06
6.532001255000000128e+03 1.370207885873077824e-03 2.590441736850164426e-06
6.539998225000000275e+03 1.364450711156371980e-03 2.590441736850164426e-06
6.547995194999999512e+03 1.363062549964836646e-03 2.590441736850164426e-06
6.555992164999999659e+03 1.360095337388775088e-03 2.590441736850164426e-06
6.563989134999999806e+03 1.356000446472498946e-03 2.590441736850164426e-06
6.571986104999999952e+03 1.356706798185192261e-03 2.590441736850164426e-06
6.579983075000000099e+03 1.356243687262747829e-03 2.590441736850164426e-06
6.587980045000000246e+03 1.361325035652780025e-03 2.590441736850164426e-06
6.595977015000000392e+03 1.376981163345273934e-03 2.590441736850164426e-06
6.603973985000000539e+03 1.381255254394599856e-03 2.590441736850164426e-06
6.611970954999999776e+03 1.391905639247441578e-03 2.590441736850164426e-06
6.619967924999999923e+03 1.376348635084740767e-03 2.590441736850164426e-06
6.627964895000000070e+03 1.368523570126830690e-03 2.590441736850164426e-06
6.635961865000000216e+03 1.345855836825888717e-03 2.590441736850164426e-06
6.643958834999999453e+03 1.322231524169396140e-03 2.590441736850164426e-06
6.651955804999999600e+03 1.295660997484341563e-03 2.590441736850164426e-06
6.659952774999999747e+03 1.269008404269817347e-03 2.590441736850164426e-06
6.667949744999999893e+03 1.241372498418642648e-03 2.590441736850164426e-06
6.675946715000000040e+03 1.232009913639942186e-03 2.590441736850164426e-06
6.683943685000000187e+03 1.221829310779742883e-03 2.590441736850164426e-06
6.691940655000000334e+03 1.206148730308021074e-03 2.590441736850164426e-06
6.699937624999999571e+03 1.192680167809905944e-03 2.590441736850164426e-06
6.707934594999999717e+03 1.185545512515512540e-03 2.590441736850164426e-06
6.715931564999999864e+03 1.178528438951938467e-03 2.590441736850164426e-06
6.723928535000000011e+03 1.174301925606170693e-03 2.590441736850164426e-06
6.731925505000000157e+03 1.172377862987513102e-03 2.590441736850164426e-06
6.739922474999999395e+03 1.166505256994397307e-03 2.590441736850164426e-06
6.747919444999999541e+03 1.163255908015570043e-03 2.590441736850164426e-06
6.755916414999999688e+03 1.157086426443198340e-03 2.590441736850164426e-06
6.763913384999999835e+03 1.155806793062011785e-03 2.590441736850164426e-06
6.771910354999999981e+03 1.152399635471866449e-03 2.590441736850164426e-06
6.779907325000000128e+03 1.151867094169268298e-03 2.590441736850164426e-06
6.787904295000000275e+03 1.149849314804623004e-03 2.590441736850164426e-06
6.795901264999999512e+03 1.144198336404459761e-03 2.590441736850164426e-06
6.803898234999999659e+03 1.140220796454857960e-03 2.590441736850164426e-06
6.811895204999999805e+03 1.136157956814169397e-03 2.590441736850164426e-06
6.819892174999999952e+03 1.135605591694713442e-03 2.590441736850164426e-06
6.827889145000000099e+03 1.128926280631053049e-03 2.590441736850164426e-06
6.835886114999999336e+03 1.124621052668533724e-03 2.590441736850164426e-06
6.843883084999999483e+03 1.125670140334801127e-03 2.590441736850164426e-06
6.851880054999999629e+03 1.120317418020796594e-03 2.590441736850164426e-06
6.859877024999999776e+03 1.117440447287125667e-03 2.590441736850164426e-06
6.867873994999999923e+03 1.112047070042041950e-03 2.590441736850164426e-06
6.875870965000000069e+03 1.113234594749171191e-03 2.590441736850164426e-06
6.883867935000000216e+03 1.111424055532068272e-03 2.590441736850164426e-06
6.891864904999999453e+03 1.102909688646213845e-03 2.590441736850164426e-06
6.899861874999999600e+03 1.103690142598430296e-03 2.590441736850164426e-06
6.907858844999999747e+03 1.101247475868460382e-03 2.590441736850164426e-06
6.915855814999999893e+03 1.098389039218790721e-03 2.590441736850164426e-06
6.923852784999999130e+03 1.091553075890227794e-03 2.590441736850164426e-06
6.931849754999999277e+03 1.091286032232249327e-03 2.590441736850164426e-06
6.939846724999999424e+03 1.085292602863799751e-03 2.590441736850164426e-06
6.947843694999999570e+03 1.086344722885365004e-03 2.590441736850164426e-06
6.955840664999999717e+03 1.083222430549158396e-03 2.590441736850164426e-06
6.963837634999999864e+03 1.072241589777576855e-03 2.590441736850164426e-06
6.971834605000000010e+03 1.075817852761580496e-03 2.590441736850164426e-06
6.979831575000000157e+03 1.069384341309377292e-03 2.590441736850164426e-06
6.987828544999999394e+03 1.067007863218312176e-03 2.590441736850164426e-06
6.995825514999999541e+03 1.066050936134261499e-03 2.590441736850164426e-06
