6.204125485000000481e+03 1.300200307784341253e-03 2.590441736850164426e-06
6.212122455000000627e+03 1.303516357878850476e-03 2.590441736850164426e-06
6.220119425000000774e+03 1.298349255555592170e-03 2.590441736850164426e-06
6.228116395000000011e+03 1.294345758953571127e-03 2.590441736850164426e-06
6.236113365000000158e+03 1.289834297357540186e-03 2.590441736850164426e-06
6.244110335000000305e+03 1.286760568279430965e-03 2.590441736850164426e-06
6.252107305000000451e+03 1.286632319195159246e-03 2.590441736850164426e-06
6.260104275000000598e+03 1.278403467382473006e-03 2.590441736850164426e-06
6.268101244999999835e+03 1.277512036037376821e-03 2.590441736850164426e-06
6.276098214999999982e+03 1.275998200038142493e-03 2.590441736850164426e-06
6.284095185000000129e+03 1.272668726839957815e-03 2.590441736850164426e-06
6.292092155000000275e+03 1.268500713369233790e-03 2.590441736850164426e-06
6.300089125000000422e+03 1.267053827544855314e-03 2.590441736850164426e-06
6.308086095000000569e+03 1.262193543919165779e-03 2.590441736850164426e-06
6.316083065000000715e+03 1.259021228512343955e-03 2.590441736850164426e-06
6.324080034999999953e+03 1.258249824331381930e-03 2.590441736850164426e-06
6.332077005000000099e+03 1.253982805811803625e-03 2.590441736850164426e-06
6.340073975000000246e+03 1.249560034849629079e-03 2.590441736850164426e-06
6.348070945000000393e+03 1.245694681573355795e-03 2.590441736850164426e-06
6.356067915000000539e+03 1.236822720139396084e-03 2.590441736850164426e-06
6.364064884999999776e+03 1.233850287466565620e-03 2.590441736850164426e-06
6.372061854999999923e+03 1.234861320245674238e-03 2.590441736850164426e-06
6.380058825000000070e+03 1.233377756744334424e-03 2.590441736850164426e-06
6.388055795000000217e+03 1.232167549442607238e-03 2.590441736850164426e-06
6.396052765000000363e+03 1.223866512292924981e-03 2.590441736850164426e-06
6.404049735000000510e+03 1.223215112339853285e-03 2.590441736850164426e-06
6.412046705000000657e+03 1.228783457815805884e-03 2.590441736850164426e-06
6.420043674999999894e+03 1.222001662967933493e-03 2.590441736850164426e-06
6.428040645000000040e+03 1.231335334496677604e-03 2.590441736850164426e-06
6.436037615000000187e+03 1.232119887604141498e-03 2.590441736850164426e-06
6.444034585000000334e+03 1.226979841368720792e-03 2.590441736850164426e-06
6.452031555000000481e+03 1.237349621255651741e-03 2.590441736850164426e-06
6.460028524999999718e+03 1.240089009207351886e-03 2.590441736850164426e-06
6.468025494999999864e+03 1.254953985111044229e-03 2.590441736850164426e-06
6.476022465000000011e+03 1.269581771650049075e-03 2.590441736850164426e-06
6.484019435000000158e+03 1.276503012716748891e-03 2.590441736850164426e-06
6.492016405000000304e+03 1.295749570208537624e-03 2.590441736850164426e-06
6.500013375000000451e+03 1.306142474020278261e-03 2.590441736850164426e-06
6.508010345000000598e+03 1.310910899753867315e-03 2.590441736850164426e-06
6.516007314999999835e+03 1.317189668683437908e-03 2.590441736850164426e-06
6.524004284999999982e+03 1.313872768640980291e-03 2.590441736850164426e-06
6.532001255000000128e+03 1.300435307122980435e-03 2.590441736850164426e-06
6.539998225000000275e+03 1.286701214421220050e-03 2.590441736850164426e-06
6.547995194999999512e+03 1.281239211528937150e-03 2.590441736850164426e-06
6.555992164999999659e+03 1.275566241145695973e-03 2.590441736850164426e-06
6.563989134999999806e+03 1.279918973765944512e-03 2.590441736850164426e-06
6.571986104999999952e+03 1.276151392985007925e-03 2.590441736850164426e-06
6.579983075000000099e+03 1.267593448700493446e-03 2.590441736850164426e-06
6.587980045000000246e+03 1.275341963253656674e-03 2.590441736850164426e-06
6.595977015000000392e+03 1.296445833932630002e-03 2.590441736850164426e-06
6.603973985000000539e+03 1.303419007579588321e-03 2.590441736850164426e-06
6.611970954999999776e+03 1.308913221697696316e-03 2.590441736850164426e-06
6.619967924999999923e+03 1.295834465621390451e-03 2.590441736850164426e-06
6.627964895000000070e+03 1.279327483612551506e-03 2.590441736850164426e-06
6.635961865000000216e+03 1.262344326069631678e-03 2.590441736850164426e-06
6.643958834999999453e+03 1.249617177106356666e-03 2.590441736850164426e-06
6.651955804999999600e+03 1.213954028901574004e-03 2.590441736850164426e-06
6.659952774999999747e+03 1.199971467348659318e-03 2.590441736850164426e-06
6.667949744999999893e+03 1.177230016355563852e-03 2.590441736850164426e-06
6.675946715000000040e+03 1.166082206122172641e-03 2.590441736850164426e-06
6.683943685000000187e+03 1.158606078831988205e-03 2.590441736850164426e-06
6.691940655000000334e+03 1.137982072442130042e-03 2.590441736850164426e-06
6.699937624999999571e+03 1.123143064670177257e-03 2.590441736850164426e-06
6.707934594999999717e+03 1.123682121695105578e-03 2.590441736850164426e-06
6.715931564999999864e+03 1.109052899570226814e-03 2.590441736850164426e-06
6.723928535000000011e+03 1.095963130172693733e-03 2.590441736850164426e-06
6.731925505000000157e+03 1.098535765227205479e-03 2.590441736850164426e-06
6.739922474999999395e+03 1.096741679769600020e-03 2.590441736850164426e-06
6.747919444999999541e+03 1.090756459262393757e-03 2.590441736850164426e-06
6.755916414999999688e+03 1.090051912795083960e-03 2.590441736850164426e-06
6.763913384999999835e+03 1.083760287368935307e-03 2.590441736850164426e-06
6.771910354999999981e+03 1.083216528020065081e-03 2.590441736850164426e-06
6.779907325000000128e+03 1.080631481618378725e-03 2.590441736850164426e-06
6.787904295000000275e+03 1.076424910601413371e-03 2.590441736850164426e-06
6.795901264999999512e+03 1.069925415301232639e-03 2.590441736850164426e-06
6.803898234999999659e+03 1.068492230177594095e-03 2.590441736850164426e-06
6.811895204999999805e+03 1.069035070690304819e-03 2.590441736850164426e-06
6.819892174999999952e+03 1.067070427173510364e-03 2.590441736850164426e-06
6.827889145000000099e+03 1.063621499993197290e-03 2.590441736850164426e-06
6.835886114999999336e+03 1.054371000944351712e-03 2.590441736850164426e-06
6.843883084999999483e+03 1.053651122852941645e-03 2.590441736850164426e-06
6.851880054999999629e+03 1.051739351147852868e-03 2.590441736850164426e-06
6.859877024999999776e+03 1.052094970219867066e-03 2.590441736850164426e-06
6.867873994999999923e+03 1.044681843779171095e-03 2.590441736850164426e-06
6.875870965000000069e+03 1.040517893191715169e-03 2.590441736850164426e-06
6.883867935000000216e+03 1.039157244937963112e-03 2.590441736850164426e-06
6.891864904999999453e+03 1.040320278679187542e-03 2.590441736850164426e-06
6.899861874999999600e+03 1.033371941777110233e-03 2.590441736850164426e-06
6.907858844999999747e+03 1.031220354593154111e-03 2.590441736850164426e-06
6.915855814999999893e+03 1.027920695057965702e-03 2.590441736850164426e-06
6.923852784999999130e+03 1.026927176192874705e-03 2.590441736850164426e-06
6.931849754999999277e+03 1.022718688748614716e-03 2.590441736850164426e-06
6.939846724999999424e+03 1.022115410828070220e-03 2.590441736850164426e-06
6.947843694999999570e+03 1.016446205312729768e-03 2.590441736850164426e-06
6.955840664999999717e+03 1.013133378987541699e-03 2.590441736850164426e-06
6.963837634999999864e+03 1.012639915702992673e-03 2.590441736850164426e-06
6.971834605000000010e+03 1.004430415557010627e-03 2.590441736850164426e-06
6.979831575000000157e+03 1.009169324148784935e-03 2.590441736850164426e-06
6.987828544999999394e+03 1.000104678917949994e-03 2.590441736850164426e-06
6.995825514999999541e+03 9.973371093882725785e-04 2.590441736850164426e-06
