6.204125485000000481e+03 1.341087194960985211e-03 2.590441736850164426e-06
6.212122455000000627e+03 1.340274647245521308e-03 2.590441736850164426e-06
6.220119425000000774e+03 1.333734055704289970e-03 2.590441736850164426e-06
6.228116395000000011e+03 1.332016896498757277e-03 2.590441736850164426e-06
6.236113365000000158e+03 1.326685508176965109e-03 2.590441736850164426e-06
6.244110335000000305e+03 1.321729269766193761e-03 2.590441736850164426e-06
6.252107305000000451e+03 1.321816235464694581e-03 2.590441736850164426e-06
6.260104275000000598e+03 1.323238582126123148e-03 2.590441736850164426e-06
6.268101244999999835e+03 1.317692117296140764e-03 2.590441736850164426e-06
6.276098214999999982e+03 1.308166351736278704e-03 2.590441736850164426e-06
6.284095185000000129e+03 1.309016545537731394e-03 2.590441736850164426e-06
6.292092155000000275e+03 1.309081204371841849e-03 2.590441736850164426e-06
6.300089125000000422e+03 1.300479794279904870e-03 2.590441736850164426e-06
6.308086095000000569e+03 1.299460541865635589e-03 2.590441736850164426e-06
6.316083065000000715e+03 1.294742294166427747e-03 2.590441736850164426e-06
6.324080034999999953e+03 1.292779976844045733e-03 2.590441736850164426e-06
6.332077005000000099e+03 1.284012941577845597e-03 2.590441736850164426e-06
6.340073975000000246e+03 1.283228606873596921e-03 2.590441736850164426e-06
6.348070945000000393e+03 1.277203685553715985e-03 2.590441736850164426e-06
6.356067915000000539e+03 1.275568534636214784e-03 2.590441736850164426e-06
6.364064884999999776e+03 1.274755072353338193e-03 2.590441736850164426e-06
6.372061854999999923e+03 1.266603297286135856e-03 2.590441736850164426e-06
6.380058825000000070e+03 1.255611313870191566e-03 2.590441736850164426e-06
6.388055795000000217e+03 1.259619591836521864e-03 2.590441736850164426e-06
6.396052765000000363e+03 1.257290804389379207e-03 2.590441736850164426e-06
6.404049735000000510e+03 1.251454350274720838e-03 2.590441736850164426e-06
6.412046705000000657e+03 1.249995389260560256e-03 2.590441736850164426e-06
6.420043674999999894e+03 1.243039299431048569e-03 2.590441736850164426e-06
6.428040645000000040e+03 1.249087516758054387e-03 2.590441736850164426e-06
6.436037615000000187e+03 1.252501110585678683e-03 2.590441736850164426e-06
6.444034585000000334e+03 1.256184783193649941e-03 2.590441736850164426e-06
6.452031555000000481e+03 1.263988679399326038e-03 2.590441736850164426e-06
6.460028524999999718e+03 1.274726159605510563e-03 2.590441736850164426e-06
6.468025494999999864e+03 1.289545894640265096e-03 2.590441736850164426e-06
6.476022465000000011e+03 1.293985971921757586e-03 2.590441736850164426e-06
6.484019435000000158e+03 1.314931427269700392e-03 2.590441736850164426e-06
6.492016405000000304e+03 1.333018176187896137e-03 2.590441736850164426e-06
6.500013375000000451e+03 1.347217950329261411e-03 2.590441736850164426e-06
6.508010345000000598e+03 1.355927817067165055e-03 2.590441736850164426e-06
6.516007314999999835e+03 1.372325994847844489e-03 2.590441736850164426e-06
6.524004284999999982e+03 1.361404788525496070e-03 2.590441736850164426e-06
6.532001255000000128e+03 1.341013668058466677e-03 2.590441736850164426e-06
6.539998225000000275e+03 1.326915655665946141e-03 2.590441736850164426e-06
6.547995194999999512e+03 1.324042728979197203e-03 2.590441736850164426e-06
6.555992164999999659e+03 1.322044069458285127e-03 2.590441736850164426e-06
6.563989134999999806e+03 1.323846169603399734e-03 2.590441736850164426e-06
6.571986104999999952e+03 1.314609636960009046e-03 2.590441736850164426e-06
6.579983075000000099e+03 1.315775757236208997e-03 2.590441736850164426e-06
6.587980045000000246e+03 1.320982584755853390e-03 2.590441736850164426e-06
6.595977015000000392e+03 1.336726188998168564e-03 2.590441736850164426e-06
6.603973985000000539e+03 1.354737414099038651e-03 2.590441736850164426e-06
6.611970954999999776e+03 1.351690859396016383e-03 2.590441736850164426e-06
6.619967924999999923e+03 1.339254767009681471e-03 2.590441736850164426e-06
6.627964895000000070e+03 1.330424980552404437e-03 2.590441736850164426e-06
6.635961865000000216e+03 1.302494426353956224e-03 2.590441736850164426e-06
6.643958834999999453e+03 1.273036348813719187e-03 2.590441736850164426e-06
6.651955804999999600e+03 1.245868478215378123e-03 2.590441736850164426e-06
6.659952774999999747e+03 1.221411980240416553e-03 2.590441736850164426e-06
6.667949744999999893e+03 1.198638814369112210e-03 2.590441736850164426e-06
6.675946715000000040e+03 1.180489173634935484e-03 2.590441736850164426e-06
6.683943685000000187e+03 1.168556070551541671e-03 2.590441736850164426e-06
6.691940655000000334e+03 1.153810482200775958e-03 2.590441736850164426e-06
6.699937624999999571e+03 1.144593389687032598e-03 2.590441736850164426e-06
6.707934594999999717e+03 1.135423642283809893e-03 2.590441736850164426e-06
6.715931564999999864e+03 1.135164613074726540e-03 2.590441736850164426e-06
6.723928535000000011e+03 1.126941753399302590e-03 2.590441736850164426e-06
6.731925505000000157e+03 1.125430636929892472e-03 2.590441736850164426e-06
6.739922474999999395e+03 1.119650954277816085e-03 2.590441736850164426e-06
6.747919444999999541e+03 1.116389525850119925e-03 2.590441736850164426e-06
6.755916414999999688e+03 1.113109508389408409e-03 2.590441736850164426e-06
6.763913384999999835e+03 1.111866059080195363e-03 2.590441736850164426e-06
6.771910354999999981e+03 1.116904081866502236e-03 2.590441736850164426e-06
6.779907325000000128e+03 1.108673438111972605e-03 2.590441736850164426e-06
6.787904295000000275e+03 1.106574613642898140e-03 2.590441736850164426e-06
6.795901264999999512e+03 1.102444853887309985e-03 2.590441736850164426e-06
6.803898234999999659e+03 1.101211500783245544e-03 2.590441736850164426e-06
6.811895204999999805e+03 1.095930193969323193e-03 2.590441736850164426e-06
6.819892174999999952e+03 1.097301026609647607e-03 2.590441736850164426e-06
6.827889145000000099e+03 1.089205558838727455e-03 2.590441736850164426e-06
6.835886114999999336e+03 1.083737983653840220e-03 2.590441736850164426e-06
6.843883084999999483e+03 1.087991464889912548e-03 2.590441736850164426e-06
6.851880054999999629e+03 1.083283161421286049e-03 2.590441736850164426e-06
6.859877024999999776e+03 1.082317906338580967e-03 2.590441736850164426e-06
6.867873994999999923e+03 1.077422780122498040e-03 2.590441736850164426e-06
6.875870965000000069e+03 1.076964461783391606e-03 2.590441736850164426e-06
6.883867935000000216e+03 1.068960990502598437e-03 2.590441736850164426e-06
6.891864904999999453e+03 1.068948535235497103e-03 2.590441736850164426e-06
6.899861874999999600e+03 1.064250303250702202e-03 2.590441736850164426e-06
6.907858844999999747e+03 1.062937880825119133e-03 2.590441736850164426e-06
6.915855814999999893e+03 1.057307663857662370e-03 2.590441736850164426e-06
6.923852784999999130e+03 1.051592787286490622e-03 2.590441736850164426e-06
6.931849754999999277e+03 1.050525138329485957e-03 2.590441736850164426e-06
6.939846724999999424e+03 1.048160279421301655e-03 2.590441736850164426e-06
6.947843694999999570e+03 1.048202953892248207e-03 2.590441736850164426e-06
6.955840664999999717e+03 1.041036259893589897e-03 2.590441736850164426e-06
6.963837634999999864e+03 1.036146637382592177e-03 2.590441736850164426e-06
6.971834605000000010e+03 1.037055169238776040e-03 2.590441736850164426e-06
6.979831575000000157e+03 1.029815230591258658e-03 2.590441736850164426e-06
6.987828544999999394e+03 1.029327572987351813e-03 2.590441736850164426e-06
6.995825514999999541e+03 1.031120180339730732e-03 2.590441736850164426e-06
