6.204125485000000481e+03 1.243299914191343296e-03 2.590441736850164426e-06
6.212122455000000627e+03 1.234861438913791888e-03 2.590441736850164426e-06
6.220119425000000774e+03 1.233657083014703818e-03 2.590441736850164426e-06
6.228116395000000011e+03 1.233072541182166776e-03 2.590441736850164426e-06
6.236113365000000158e+03 1.230138389290012096e-03 2.590441736850164426e-06
6.244110335000000305e+03 1.227868981935207205e-03 2.590441736850164426e-06
6.252107305000000451e+03 1.221537151469189375e-03 2.590441736850164426e-06
6.260104275000000598e+03 1.218022462238487098e-03 2.590441736850164426e-06
6.268101244999999835e+03 1.215861600492578994e-03 2.590441736850164426e-06
6.276098214999999982e+03 1.218529341135772071e-03 2.590441736850164426e-06
6.284095185000000129e+03 1.212183176989029909e-03 2.590441736850164426e-06
6.292092155000000275e+03 1.206078591082773190e-03 2.590441736850164426e-06
6.300089125000000422e+03 1.205457297945649979e-03 2.590441736850164426e-06
6.308086095000000569e+03 1.195530643391865813e-03 2.590441736850164426e-06
6.316083065000000715e+03 1.200819856729292649e-03 2.590441736850164426e-06
6.324080034999999953e+03 1.192415827266780524e-03 2.590441736850164426e-06
6.332077005000000099e+03 1.193541729966920246e-03 2.590441736850164426e-06
6.340073975000000246e+03 1.187976695412660275e-03 2.590441736850164426e-06
6.348070945000000393e+03 1.180909391634655430e-03 2.590441736850164426e-06
6.356067915000000539e+03 1.177946865024492168e-03 2.590441736850164426e-06
6.364064884999999776e+03 1.173216248156161998e-03 2.590441736850164426e-06
6.372061854999999923e+03 1.171382456659550127e-03 2.590441736850164426e-06
6.380058825000000070e+03 1.167495518106027213e-03 2.590441736850164426e-06
6.388055795000000217e+03 1.166865727308250954e-03 2.590441736850164426e-06
6.396052765000000363e+03 1.161366001841492284e-03 2.590441736850164426e-06
6.404049735000000510e+03 1.160812735715951050e-03 2.590441736850164426e-06
6.412046705000000657e+03 1.162705424641060368e-03 2.590441736850164426e-06
6.420043674999999894e+03 1.162056999171697923e-03 2.590441736850164426e-06
6.428040645000000040e+03 1.166340495217700265e-03 2.590441736850164426e-06
6.436037615000000187e+03 1.167085097522349568e-03 2.590441736850164426e-06
6.444034585000000334e+03 1.170022876127243833e-03 2.590441736850164426e-06
6.452031555000000481e+03 1.169796851651930692e-03 2.590441736850164426e-06
6.460028524999999718e+03 1.184756192788791358e-03 2.590441736850164426e-06
6.468025494999999864e+03 1.195399861371641099e-03 2.590441736850164426e-06
6.476022465000000011e+03 1.213987964265491378e-03 2.590441736850164426e-06
6.484019435000000158e+03 1.226307474758775960e-03 2.590441736850164426e-06
6.492016405000000304e+03 1.239202558299510801e-03 2.590441736850164426e-06
6.500013375000000451e+03 1.248604093975085906e-03 2.590441736850164426e-06
6.508010345000000598e+03 1.243102711707376028e-03 2.590441736850164426e-06
6.516007314999999835e+03 1.252997480417989513e-03 2.590441736850164426e-06
6.524004284999999982e+03 1.253708850545232414e-03 2.590441736850164426e-06
6.532001255000000128e+03 1.241590443150844244e-03 2.590441736850164426e-06
6.539998225000000275e+03 1.227978747086319686e-03 2.590441736850164426e-06
6.547995194999999512e+03 1.225505359248019567e-03 2.590441736850164426e-06
6.555992164999999659e+03 1.223148533802639751e-03 2.590441736850164426e-06
6.563989134999999806e+03 1.217490092916180284e-03 2.590441736850164426e-06
6.571986104999999952e+03 1.221192917360688782e-03 2.590441736850164426e-06
6.579983075000000099e+03 1.218600958158715802e-03 2.590441736850164426e-06
6.587980045000000246e+03 1.216223449792344863e-03 2.590441736850164426e-06
6.595977015000000392e+03 1.234480469512857451e-03 2.590441736850164426e-06
6.603973985000000539e+03 1.248681805482261369e-03 2.590441736850164426e-06
6.611970954999999776e+03 1.250318911848362054e-03 2.590441736850164426e-06
6.619967924999999923e+03 1.238671514656778999e-03 2.590441736850164426e-06
6.627964895000000070e+03 1.233458485389527610e-03 2.590441736850164426e-06
6.635961865000000216e+03 1.203211839314003752e-03 2.590441736850164426e-06
6.643958834999999453e+03 1.191902499673082316e-03 2.590441736850164426e-06
6.651955804999999600e+03 1.160812529530087962e-03 2.590441736850164426e-06
6.659952774999999747e+03 1.141717251742763346e-03 2.590441736850164426e-06
6.667949744999999893e+03 1.119886766347000240e-03 2.590441736850164426e-06
6.675946715000000040e+03 1.102803201237776733e-03 2.590441736850164426e-06
6.683943685000000187e+03 1.095680754953418058e-03 2.590441736850164426e-06
6.691940655000000334e+03 1.080724765675171407e-03 2.590441736850164426e-06
6.699937624999999571e+03 1.069093711717003167e-03 2.590441736850164426e-06
6.707934594999999717e+03 1.061734395308368446e-03 2.590441736850164426e-06
6.715931564999999864e+03 1.054098245982897737e-03 2.590441736850164426e-06
6.723928535000000011e+03 1.046763522032088597e-03 2.590441736850164426e-06
6.731925505000000157e+03 1.043831314447056123e-03 2.590441736850164426e-06
6.739922474999999395e+03 1.040375090341976805e-03 2.590441736850164426e-06
6.747919444999999541e+03 1.033888214932743429e-03 2.590441736850164426e-06
6.755916414999999688e+03 1.033480957438448868e-03 2.590441736850164426e-06
6.763913384999999835e+03 1.030830124791566778e-03 2.590441736850164426e-06
6.771910354999999981e+03 1.027580205546963941e-03 2.590441736850164426e-06
6.779907325000000128e+03 1.023690591809734741e-03 2.590441736850164426e-06
6.787904295000000275e+03 1.023775718880499605e-03 2.590441736850164426e-06
6.795901264999999512e+03 1.021629647205562824e-03 2.590441736850164426e-06
6.803898234999999659e+03 1.020923267121976634e-03 2.590441736850164426e-06
6.811895204999999805e+03 1.014487463613845779e-03 2.590441736850164426e-06
6.819892174999999952e+03 1.012210455199158031e-03 2.590441736850164426e-06
6.827889145000000099e+03 1.013346689237408071e-03 2.590441736850164426e-06
6.835886114999999336e+03 1.007489597151078019e-03 2.590441736850164426e-06
6.843883084999999483e+03 1.005529228159233925e-03 2.590441736850164426e-06
6.851880054999999629e+03 1.004200927003549458e-03 2.590441736850164426e-06
6.859877024999999776e+03 9.972478223001441430e-04 2.590441736850164426e-06
6.867873994999999923e+03 9.989403290670761330e-04 2.590441736850164426e-06
6.875870965000000069e+03 9.874005883483910964e-04 2.590441736850164426e-06
6.883867935000000216e+03 9.922967048754214193e-04 2.590441736850164426e-06
6.891864904999999453e+03 9.879842989227716459e-04 2.590441736850164426e-06
6.899861874999999600e+03 9.872355434723657872e-04 2.590441736850164426e-06
6.907858844999999747e+03 9.825183059797674978e-04 2.590441736850164426e-06
6.915855814999999893e+03 9.780797242869086316e-04 2.590441736850164426e-06
6.923852784999999130e+03 9.765710500454635127e-04 2.590441736850164426e-06
6.931849754999999277e+03 9.673948550466195551e-04 2.590441736850164426e-06
6.939846724999999424e+03 9.711513456915897872e-04 2.590441736850164426e-06
6.947843694999999570e+03 9.674157697927781392e-04 2.590441736850164426e-06
6.955840664999999717e+03 9.677894575430105728e-04 2.590441736850164426e-06
6.963837634999999864e+03 9.626884249832017969e-04 2.590441736850164426e-06
6.971834605000000010e+03 9.576371835339587621e-04 2.590441736850164426e-06
6.979831575000000157e+03 9.549018351698376631e-04 2.590441736850164426e-06
6.987828544999999394e+03 9.528116669350779333e-04 2.590441736850164426e-06
6.995825514999999541e+03 9.498788706554784061e-04 2.590441736850164426e-06
