6.204125485000000481e+03 1.413451771582598842e-03 2.590441736850164426e-06
6.212122455000000627e+03 1.405306808536571942e-03 2.590441736850164426e-06
6.220119425000000774e+03 1.400828835335878823e-03 2.590441736850164426e-06
6.228116395000000011e+03 1.404244144724326512e-03 2.590441736850164426e-06
6.236113365000000158e+03 1.397056651771562972e-03 2.590441736850164426e-06
6.244110335000000305e+03 1.392750156418583922e-03 2.590441736850164426e-06
6.252107305000000451e+03 1.391727421190719176e-03 2.590441736850164426e-06
6.260104275000000598e+03 1.385743866307359226e-03 2.590441736850164426e-06
6.268101244999999835e+03 1.382134854281563598e-03 2.590441736850164426e-06
6.276098214999999982e+03 1.380158087551601204e-03 2.590441736850164426e-06
6.284095185000000129e+03 1.374904950057193867e-03 2.590441736850164426e-06
6.292092155000000275e+03 1.368831651593617428e-03 2.590441736850164426e-06
6.300089125000000422e+03 1.368209579884944538e-03 2.590441736850164426e-06
6.308086095000000569e+03 1.362678594047460725e-03 2.590441736850164426e-06
6.316083065000000715e+03 1.361375971915194114e-03 2.590441736850164426e-06
6.324080034999999953e+03 1.351164676701626342e-03 2.590441736850164426e-06
6.332077005000000099e+03 1.354010140567893372e-03 2.590441736850164426e-06
6.340073975000000246e+03 1.353774938246228837e-03 2.590441736850164426e-06
6.348070945000000393e+03 1.345021400888560042e-03 2.590441736850164426e-06
6.356067915000000539e+03 1.340551983169086230e-03 2.590441736850164426e-06
6.364064884999999776e+03 1.336671148820246921e-03 2.590441736850164426e-06
6.372061854999999923e+03 1.333837719160714964e-03 2.590441736850164426e-06
6.380058825000000070e+03 1.333913986333554917e-03 2.590441736850164426e-06
6.388055795000000217e+03 1.327403266744134813e-03 2.590441736850164426e-06
6.396052765000000363e+03 1.322907269743414790e-03 2.590441736850164426e-06
6.404049735000000510e+03 1.319776124591315498e-03 2.590441736850164426e-06
6.412046705000000657e+03 1.321183754388927708e-03 2.590441736850164426e-06
6.420043674999999894e+03 1.319146219838395742e-03 2.590441736850164426e-06
6.428040645000000040e+03 1.321982492987711392e-03 2.590441736850164426e-06
6.436037615000000187e+03 1.324000716377358132e-03 2.590441736850164426e-06
6.444034585000000334e+03 1.325310388282160880e-03 2.590441736850164426e-06
6.452031555000000481e+03 1.334931390440883322e-03 2.590441736850164426e-06
6.460028524999999718e+03 1.341551936207570524e-03 2.590441736850164426e-06
6.468025494999999864e+03 1.347636763152596168e-03 2.590441736850164426e-06
6.476022465000000011e+03 1.363857859263991994e-03 2.590441736850164426e-06
6.484019435000000158e+03 1.380405656842098421e-03 2.590441736850164426e-06
6.492016405000000304e+03 1.393807616493604592e-03 2.590441736850164426e-06
6.500013375000000451e+03 1.410736862334462625e-03 2.590441736850164426e-06
6.508010345000000598e+03 1.417436852554772222e-03 2.590441736850164426e-06
6.516007314999999835e+03 1.419315828178921695e-03 2.590441736850164426e-06
6.524004284999999982e+03 1.405324762790359418e-03 2.590441736850164426e-06
6.532001255000000128e+03 1.388754644803626799e-03 2.590441736850164426e-06
6.539998225000000275e+03 1.383549328680006149e-03 2.590441736850164426e-06
6.547995194999999512e+03 1.382118377255867709e-03 2.590441736850164426e-06
6.555992164999999659e+03 1.378253363379455289e-03 2.590441736850164426e-06
6.563989134999999806e+03 1.376206159615055808e-03 2.590441736850164426e-06
6.571986104999999952e+03 1.374575428525688951e-03 2.590441736850164426e-06
6.579983075000000099e+03 1.379307589482909073e-03 2.590441736850164426e-06
6.587980045000000246e+03 1.379716043763095160e-03 2.590441736850164426e-06
6.595977015000000392e+03 1.395465280750726083e-03 2.590441736850164426e-06
6.603973985000000539e+03 1.398014552602676883e-03 2.590441736850164426e-06
6.611970954999999776e+03 1.401295975888617196e-03 2.590441736850164426e-06
6.619967924999999923e+03 1.396184824915167608e-03 2.590441736850164426e-06
6.627964895000000070e+03 1.387483109403472512e-03 2.590441736850164426e-06
6.635961865000000216e+03 1.362087883438050468e-03 2.590441736850164426e-06
6.643958834999999453e+03 1.335043222109505651e-03 2.590441736850164426e-06
6.651955804999999600e+03 1.309457221624666301e-03 2.590441736850164426e-06
6.659952774999999747e+03 1.283849044740242211e-03 2.590441736850164426e-06
6.667949744999999893e+03 1.264324059140595679e-03 2.590441736850164426e-06
6.675946715000000040e+03 1.247330309080708129e-03 2.590441736850164426e-06
6.683943685000000187e+03 1.244307665881798320e-03 2.590441736850164426e-06
6.691940655000000334e+03 1.221027098270454888e-03 2.590441736850164426e-06
6.699937624999999571e+03 1.213747858879123684e-03 2.590441736850164426e-06
6.707934594999999717e+03 1.206956395645315469e-03 2.590441736850164426e-06
6.715931564999999864e+03 1.198983201523099026e-03 2.590441736850164426e-06
6.723928535000000011e+03 1.186843286852955377e-03 2.590441736850164426e-06
6.731925505000000157e+03 1.185731430648684880e-03 2.590441736850164426e-06
6.739922474999999395e+03 1.181764070887350538e-03 2.590441736850164426e-06
6.747919444999999541e+03 1.175513946443362693e-03 2.590441736850164426e-06
6.755916414999999688e+03 1.175803006555299493e-03 2.590441736850164426e-06
6.763913384999999835e+03 1.173540430402140403e-03 2.590441736850164426e-06
6.771910354999999981e+03 1.175533628404338638e-03 2.590441736850164426e-06
6.779907325000000128e+03 1.165752965473808691e-03 2.590441736850164426e-06
6.787904295000000275e+03 1.161402416081105298e-03 2.590441736850164426e-06
6.795901264999999512e+03 1.164352617167582022e-03 2.590441736850164426e-06
6.803898234999999659e+03 1.159174018625539057e-03 2.590441736850164426e-06
6.811895204999999805e+03 1.155502639365938757e-03 2.590441736850164426e-06
6.819892174999999952e+03 1.152096403020798181e-03 2.590441736850164426e-06
6.827889145000000099e+03 1.145645655772169463e-03 2.590441736850164426e-06
6.835886114999999336e+03 1.146007065408585985e-03 2.590441736850164426e-06
6.843883084999999483e+03 1.139160364847433037e-03 2.590441736850164426e-06
6.851880054999999629e+03 1.142855956015202245e-03 2.590441736850164426e-06
6.859877024999999776e+03 1.133447302250518117e-03 2.590441736850164426e-06
6.867873994999999923e+03 1.128584401198927346e-03 2.590441736850164426e-06
6.875870965000000069e+03 1.133502349871273436e-03 2.590441736850164426e-06
6.883867935000000216e+03 1.123245663960236763e-03 2.590441736850164426e-06
6.891864904999999453e+03 1.122207741533601515e-03 2.590441736850164426e-06
6.899861874999999600e+03 1.125839784684904733e-03 2.590441736850164426e-06
6.907858844999999747e+03 1.118081827270667704e-03 2.590441736850164426e-06
6.915855814999999893e+03 1.110509515643239671e-03 2.590441736850164426e-06
6.923852784999999130e+03 1.105586454022100930e-03 2.590441736850164426e-06
6.931849754999999277e+03 1.105424477020612280e-03 2.590441736850164426e-06
6.939846724999999424e+03 1.104590220389981350e-03 2.590441736850164426e-06
6.947843694999999570e+03 1.106668258133718498e-03 2.590441736850164426e-06
6.955840664999999717e+03 1.099008933517155997e-03 2.590441736850164426e-06
6.963837634999999864e+03 1.093988611100697771e-03 2.590441736850164426e-06
6.971834605000000010e+03 1.085808036638748631e-03 2.590441736850164426e-06
6.979831575000000157e+03 1.084126474172984658e-03 2.590441736850164426e-06
6.987828544999999394e+03 1.080949220337361740e-03 2.590441736850164426e-06
6.995825514999999541e+03 1.083708068874607040e-03 2.590441736850164426e-06
