6.204125485000000481e+03 1.505947752513419084e-03 2.590441736850164426e-06
6.212122455000000627e+03 1.503059243974300780e-03 2.590441736850164426e-06
6.220119425000000774e+03 1.496948364973896923e-03 2.590441736850164426e-06
6.228116395000000011e+03 1.493923462575809337e-03 2.590441736850164426e-06
6.236113365000000158e+03 1.491455062827099030e-03 2.590441736850164426e-06
6.244110335000000305e+03 1.487377238142539989e-03 2.590441736850164426e-06
6.252107305000000451e+03 1.483547917001012875e-03 2.590441736850164426e-06
6.260104275000000598e+03 1.483523539523999091e-03 2.590441736850164426e-06
6.268101244999999835e+03 1.473329222832355651e-03 2.590441736850164426e-06
6.276098214999999982e+03 1.477422059129465583e-03 2.590441736850164426e-06
6.284095185000000129e+03 1.468532166810974145e-03 2.590441736850164426e-06
6.292092155000000275e+03 1.464599522170549444e-03 2.590441736850164426e-06
6.300089125000000422e+03 1.462210501898655911e-03 2.590441736850164426e-06
6.308086095000000569e+03 1.460184464681181559e-03 2.590441736850164426e-06
6.316083065000000715e+03 1.453035199352211478e-03 2.590441736850164426e-06
6.324080034999999953e+03 1.449836113142867391e-03 2.590441736850164426e-06
6.332077005000000099e+03 1.441955961300326857e-03 2.590441736850164426e-06
6.340073975000000246e+03 1.443219433286354204e-03 2.590441736850164426e-06
6.348070945000000393e+03 1.437623484787438127e-03 2.590441736850164426e-06
6.356067915000000539e+03 1.433472014361275495e-03 2.590441736850164426e-06
6.364064884999999776e+03 1.428456779224532595e-03 2.590441736850164426e-06
6.372061854999999923e+03 1.426255780633873919e-03 2.590441736850164426e-06
6.380058825000000070e+03 1.418443566721074934e-03 2.590441736850164426e-06
6.388055795000000217e+03 1.419565851431144358e-03 2.590441736850164426e-06
6.396052765000000363e+03 1.419017562904333887e-03 2.590441736850164426e-06
6.404049735000000510e+03 1.409052259052028357e-03 2.590441736850164426e-06
6.412046705000000657e+03 1.417449960169708811e-03 2.590441736850164426e-06
6.420043674999999894e+03 1.406389579083802037e-03 2.590441736850164426e-06
6.428040645000000040e+03 1.413495276477166971e-03 2.590441736850164426e-06
6.436037615000000187e+03 1.413553023943817533e-03 2.590441736850164426e-06
6.444034585000000334e+03 1.415512952010110782e-03 2.590441736850164426e-06
6.452031555000000481e+03 1.420162200691770481e-03 2.590441736850164426e-06
6.460028524999999718e+03 1.418609733742938949e-03 2.590441736850164426e-06
6.468025494999999864e+03 1.440716629181377877e-03 2.590441736850164426e-06
6.476022465000000011e+03 1.446402495868601016e-03 2.590441736850164426e-06
6.484019435000000158e+03 1.466955807732902304e-03 2.590441736850164426e-06
6.492016405000000304e+03 1.489014911159736295e-03 2.590441736850164426e-06
6.500013375000000451e+03 1.495750322091566427e-03 2.590441736850164426e-06
6.508010345000000598e+03 1.505320977852962977e-03 2.590441736850164426e-06
6.516007314999999835e+03 1.506242631336203236e-03 2.590441736850164426e-06
6.524004284999999982e+03 1.506459566527444021e-03 2.590441736850164426e-06
6.532001255000000128e+03 1.485792646930710710e-03 2.590441736850164426e-06
6.539998225000000275e+03 1.476552661697034304e-03 2.590441736850164426e-06
6.547995194999999512e+03 1.470233326489485230e-03 2.590441736850164426e-06
6.555992164999999659e+03 1.472539771584741117e-03 2.590441736850164426e-06
6.563989134999999806e+03 1.469193602429668365e-03 2.590441736850164426e-06
6.571986104999999952e+03 1.463808037351235639e-03 2.590441736850164426e-06
6.579983075000000099e+03 1.463222194901264315e-03 2.590441736850164426e-06
6.587980045000000246e+03 1.464328102524154731e-03 2.590441736850164426e-06
6.595977015000000392e+03 1.489047912892596222e-03 2.590441736850164426e-06
6.603973985000000539e+03 1.496820050816608351e-03 2.590441736850164426e-06
6.611970954999999776e+03 1.493808429902776687e-03 2.590441736850164426e-06
6.619967924999999923e+03 1.487136501306851512e-03 2.590441736850164426e-06
6.627964895000000070e+03 1.472774264467962332e-03 2.590441736850164426e-06
6.635961865000000216e+03 1.446383956341339323e-03 2.590441736850164426e-06
6.643958834999999453e+03 1.426494260437608918e-03 2.590441736850164426e-06
6.651955804999999600e+03 1.393481880182951931e-03 2.590441736850164426e-06
6.659952774999999747e+03 1.364409857046033773e-03 2.590441736850164426e-06
6.667949744999999893e+03 1.346710793086362953e-03 2.590441736850164426e-06
6.675946715000000040e+03 1.332536850167369714e-03 2.590441736850164426e-06
6.683943685000000187e+03 1.319565260319695028e-03 2.590441736850164426e-06
6.691940655000000334e+03 1.306492195906034911e-03 2.590441736850164426e-06
6.699937624999999571e+03 1.294337776915398773e-03 2.590441736850164426e-06
6.707934594999999717e+03 1.290724468251573621e-03 2.590441736850164426e-06
6.715931564999999864e+03 1.284592194802732087e-03 2.590441736850164426e-06
6.723928535000000011e+03 1.273209036848497967e-03 2.590441736850164426e-06
6.731925505000000157e+03 1.266101881867340599e-03 2.590441736850164426e-06
6.739922474999999395e+03 1.264398154274619466e-03 2.590441736850164426e-06
6.747919444999999541e+03 1.254301534255699126e-03 2.590441736850164426e-06
6.755916414999999688e+03 1.249983532533393117e-03 2.590441736850164426e-06
6.763913384999999835e+03 1.254096745184141290e-03 2.590441736850164426e-06
6.771910354999999981e+03 1.252316269911194369e-03 2.590441736850164426e-06
6.779907325000000128e+03 1.250944570166278268e-03 2.590441736850164426e-06
6.787904295000000275e+03 1.241467142721947112e-03 2.590441736850164426e-06
6.795901264999999512e+03 1.236949063324659743e-03 2.590441736850164426e-06
6.803898234999999659e+03 1.232671361575373012e-03 2.590441736850164426e-06
6.811895204999999805e+03 1.234723083841988544e-03 2.590441736850164426e-06
6.819892174999999952e+03 1.228773692339115787e-03 2.590441736850164426e-06
6.827889145000000099e+03 1.225891082483460820e-03 2.590441736850164426e-06
6.835886114999999336e+03 1.215038512208313623e-03 2.590441736850164426e-06
6.843883084999999483e+03 1.221676397590050391e-03 2.590441736850164426e-06
6.851880054999999629e+03 1.213035320182801824e-03 2.590441736850164426e-06
6.859877024999999776e+03 1.211095937190798848e-03 2.590441736850164426e-06
6.867873994999999923e+03 1.207339543801824950e-03 2.590441736850164426e-06
6.875870965000000069e+03 1.204613952612027666e-03 2.590441736850164426e-06
6.883867935000000216e+03 1.205111167426754348e-03 2.590441736850164426e-06
6.891864904999999453e+03 1.201757644518296067e-03 2.590441736850164426e-06
6.899861874999999600e+03 1.192498322761904612e-03 2.590441736850164426e-06
6.907858844999999747e+03 1.191262997857542262e-03 2.590441736850164426e-06
6.915855814999999893e+03 1.183195129352995062e-03 2.590441736850164426e-06
6.923852784999999130e+03 1.183670307949508940e-03 2.590441736850164426e-06
6.931849754999999277e+03 1.180424209545393420e-03 2.590441736850164426e-06
6.939846724999999424e+03 1.179841960604837044e-03 2.590441736850164426e-06
6.947843694999999570e+03 1.174543765354245156e-03 2.590441736850164426e-06
6.955840664999999717e+03 1.169269219631040259e-03 2.590441736850164426e-06
6.963837634999999864e+03 1.163603216478108259e-03 2.590441736850164426e-06
6.971834605000000010e+03 1.169079357379792161e-03 2.590441736850164426e-06
6.979831575000000157e+03 1.156939348919966328e-03 2.590441736850164426e-06
6.987828544999999394e+03 1.157956403218013798e-03 2.590441736850164426e-06
6.995825514999999541e+03 1.154569807077799378e-03 2.590441736850164426e-06
