6.204125485000000481e+03 1.410105578717282034e-03 2.590441736850164426e-06
6.212122455000000627e+03 1.404933966898716394e-03 2.590441736850164426e-06
6.220119425000000774e+03 1.404247953495496495e-03 2.590441736850164426e-06
6.228116395000000011e+03 1.399543959155177429e-03 2.590441736850164426e-06
6.236113365000000158e+03 1.394986260267822454e-03 2.590441736850164426e-06
6.244110335000000305e+03 1.393433512354418785e-03 2.590441736850164426e-06
6.252107305000000451e+03 1.383828170716084856e-03 2.590441736850164426e-06
6.260104275000000598e+03 1.385214320452091575e-03 2.590441736850164426e-06
6.268101244999999835e+03 1.377424426023740513e-03 2.590441736850164426e-06
6.276098214999999982e+03 1.375016893586805417e-03 2.590441736850164426e-06
6.284095185000000129e+03 1.374171597351778488e-03 2.590441736850164426e-06
6.292092155000000275e+03 1.370724272934680096e-03 2.590441736850164426e-06
6.300089125000000422e+03 1.367091673910863277e-03 2.590441736850164426e-06
6.308086095000000569e+03 1.362063435431910526e-03 2.590441736850164426e-06
6.316083065000000715e+03 1.356618923741048904e-03 2.590441736850164426e-06
6.324080034999999953e+03 1.352416068088289295e-03 2.590441736850164426e-06
6.332077005000000099e+03 1.353274282683231437e-03 2.590441736850164426e-06
6.340073975000000246e+03 1.346790404667792601e-03 2.590441736850164426e-06
6.348070945000000393e+03 1.342269923563179810e-03 2.590441736850164426e-06
6.356067915000000539e+03 1.340161167159394703e-03 2.590441736850164426e-06
6.364064884999999776e+03 1.339352229361538476e-03 2.590441736850164426e-06
6.372061854999999923e+03 1.329598104239326133e-03 2.590441736850164426e-06
6.380058825000000070e+03 1.324144640731110502e-03 2.590441736850164426e-06
6.388055795000000217e+03 1.330095506815934378e-03 2.590441736850164426e-06
6.396052765000000363e+03 1.317554130767373353e-03 2.590441736850164426e-06
6.404049735000000510e+03 1.318576060439435481e-03 2.590441736850164426e-06
6.412046705000000657e+03 1.316017054088187760e-03 2.590441736850164426e-06
6.420043674999999894e+03 1.311709724592192983e-03 2.590441736850164426e-06
6.428040645000000040e+03 1.319498191754480028e-03 2.590441736850164426e-06
6.436037615000000187e+03 1.320681569138703161e-03 2.590441736850164426e-06
6.444034585000000334e+03 1.319839305151838645e-03 2.590441736850164426e-06
6.452031555000000481e+03 1.324143391155221993e-03 2.590441736850164426e-06
6.460028524999999718e+03 1.333738167756593016e-03 2.590441736850164426e-06
6.468025494999999864e+03 1.348029798156970358e-03 2.590441736850164426e-06
6.476022465000000011e+03 1.362048593941748032e-03 2.590441736850164426e-06
6.484019435000000158e+03 1.375733671394172757e-03 2.590441736850164426e-06
6.492016405000000304e+03 1.393317604811390676e-03 2.590441736850164426e-06
6.500013375000000451e+03 1.406983225689196603e-03 2.590441736850164426e-06
6.508010345000000598e+03 1.414792008366976819e-03 2.590441736850164426e-06
6.516007314999999835e+03 1.416192610279432820e-03 2.590441736850164426e-06
6.524004284999999982e+03 1.419121836826625106e-03 2.590441736850164426e-06
6.532001255000000128e+03 1.398525859460637713e-03 2.590441736850164426e-06
6.539998225000000275e+03 1.387671003041725986e-03 2.590441736850164426e-06
6.547995194999999512e+03 1.375827682999462365e-03 2.590441736850164426e-06
6.555992164999999659e+03 1.378031836946298555e-03 2.590441736850164426e-06
6.563989134999999806e+03 1.374134889813484776e-03 2.590441736850164426e-06
6.571986104999999952e+03 1.372414863027436810e-03 2.590441736850164426e-06
6.579983075000000099e+03 1.373913924199303936e-03 2.590441736850164426e-06
6.587980045000000246e+03 1.385397858134709576e-03 2.590441736850164426e-06
6.595977015000000392e+03 1.394756181195632100e-03 2.590441736850164426e-06
6.603973985000000539e+03 1.402627381910964048e-03 2.590441736850164426e-06
6.611970954999999776e+03 1.412928169353517031e-03 2.590441736850164426e-06
6.619967924999999923e+03 1.399859481117893181e-03 2.590441736850164426e-06
6.627964895000000070e+03 1.380626304841534426e-03 2.590441736850164426e-06
6.635961865000000216e+03 1.362856357031507837e-03 2.590441736850164426e-06
6.643958834999999453e+03 1.337605159313810582e-03 2.590441736850164426e-06
6.651955804999999600e+03 1.307628948873996869e-03 2.590441736850164426e-06
6.659952774999999747e+03 1.281045965349618138e-03 2.590441736850164426e-06
6.667949744999999893e+03 1.260845461235599865e-03 2.590441736850164426e-06
6.675946715000000040e+03 1.249718787332460218e-03 2.590441736850164426e-06
6.683943685000000187e+03 1.233548504672847025e-03 2.590441736850164426e-06
6.691940655000000334e+03 1.219053219335635482e-03 2.590441736850164426e-06
6.699937624999999571e+03 1.213158567604437398e-03 2.590441736850164426e-06
6.707934594999999717e+03 1.201126355433253419e-03 2.590441736850164426e-06
6.715931564999999864e+03 1.190039029817569361e-03 2.590441736850164426e-06
6.723928535000000011e+03 1.187198465151382025e-03 2.590441736850164426e-06
6.731925505000000157e+03 1.180243451444197003e-03 2.590441736850164426e-06
6.739922474999999395e+03 1.177356442544469448e-03 2.590441736850164426e-06
6.747919444999999541e+03 1.174656255272919390e-03 2.590441736850164426e-06
6.755916414999999688e+03 1.169444436632814926e-03 2.590441736850164426e-06
6.763913384999999835e+03 1.166528905422769971e-03 2.590441736850164426e-06
6.771910354999999981e+03 1.167652765845349303e-03 2.590441736850164426e-06
6.779907325000000128e+03 1.164289913408147288e-03 2.590441736850164426e-06
6.787904295000000275e+03 1.161494702230189907e-03 2.590441736850164426e-06
6.795901264999999512e+03 1.154873267378431516e-03 2.590441736850164426e-06
6.803898234999999659e+03 1.154824279862818291e-03 2.590441736850164426e-06
6.811895204999999805e+03 1.149278099501627529e-03 2.590441736850164426e-06
6.819892174999999952e+03 1.145421899254271507e-03 2.590441736850164426e-06
6.827889145000000099e+03 1.146904136787783813e-03 2.590441736850164426e-06
6.835886114999999336e+03 1.141440744883354726e-03 2.590441736850164426e-06
6.843883084999999483e+03 1.138114762812326292e-03 2.590441736850164426e-06
6.851880054999999629e+03 1.132617196705889683e-03 2.590441736850164426e-06
6.859877024999999776e+03 1.132466397140539580e-03 2.590441736850164426e-06
6.867873994999999923e+03 1.126443370019646843e-03 2.590441736850164426e-06
6.875870965000000069e+03 1.131638611543381171e-03 2.590441736850164426e-06
6.883867935000000216e+03 1.121486268572273459e-03 2.590441736850164426e-06
6.891864904999999453e+03 1.120655072901263283e-03 2.590441736850164426e-06
6.899861874999999600e+03 1.115172432159437571e-03 2.590441736850164426e-06
6.907858844999999747e+03 1.111527027365588486e-03 2.590441736850164426e-06
6.915855814999999893e+03 1.110404737609614395e-03 2.590441736850164426e-06
6.923852784999999130e+03 1.105978535945883459e-03 2.590441736850164426e-06
6.931849754999999277e+03 1.106225682457480028e-03 2.590441736850164426e-06
6.939846724999999424e+03 1.098313265050193882e-03 2.590441736850164426e-06
6.947843694999999570e+03 1.101127435330133842e-03 2.590441736850164426e-06
6.955840664999999717e+03 1.093399833777046861e-03 2.590441736850164426e-06
6.963837634999999864e+03 1.086491206452441273e-03 2.590441736850164426e-06
6.971834605000000010e+03 1.086293264053435261e-03 2.590441736850164426e-06
6.979831575000000157e+03 1.084464417033790141e-03 2.590441736850164426e-06
6.987828544999999394e+03 1.078258518697784935e-03 2.590441736850164426e-06
6.995825514999999541e+03 1.076879073897879990e-03 2.590441736850164426e-06
