6.204125485000000481e+03 1.449125129806679404e-03 2.590441736850164426e-06
6.212122455000000627e+03 1.451676120848927921e-03 2.590441736850164426e-06
6.220119425000000774e+03 1.446046146327600521e-03 2.590441736850164426e-06
6.228116395000000011e+03 1.436107595841622838e-03 2.590441736850164426e-06
6.236113365000000158e+03 1.431796247600511428e-03 2.590441736850164426e-06
6.244110335000000305e+03 1.428506627641991291e-03 2.590441736850164426e-06
6.252107305000000451e+03 1.428334554780445829e-03 2.590441736850164426e-06
6.260104275000000598e+03 1.422825465726640154e-03 2.590441736850164426e-06
6.268101244999999835e+03 1.420701485644058730e-03 2.590441736850164426e-06
6.276098214999999982e+03 1.417044508226351961e-03 2.590441736850164426e-06
6.284095185000000129e+03 1.412487775248783602e-03 2.590441736850164426e-06
6.292092155000000275e+03 1.406275079414757122e-03 2.590441736850164426e-06
6.300089125000000422e+03 1.402668061093295280e-03 2.590441736850164426e-06
6.308086095000000569e+03 1.400187186991091234e-03 2.590441736850164426e-06
6.316083065000000715e+03 1.393931832465643023e-03 2.590441736850164426e-06
6.324080034999999953e+03 1.391733994491824861e-03 2.590441736850164426e-06
6.332077005000000099e+03 1.390473432830440035e-03 2.590441736850164426e-06
6.340073975000000246e+03 1.384799341678137315e-03 2.590441736850164426e-06
6.348070945000000393e+03 1.380774758250573634e-03 2.590441736850164426e-06
6.356067915000000539e+03 1.374893188958757140e-03 2.590441736850164426e-06
6.364064884999999776e+03 1.377883728130007129e-03 2.590441736850164426e-06
6.372061854999999923e+03 1.371211842737469003e-03 2.590441736850164426e-06
6.380058825000000070e+03 1.367356603295333088e-03 2.590441736850164426e-06
6.388055795000000217e+03 1.367591555886522609e-03 2.590441736850164426e-06
6.396052765000000363e+03 1.360551592772642161e-03 2.590441736850164426e-06
6.404049735000000510e+03 1.357611994806561233e-03 2.590441736850164426e-06
6.412046705000000657e+03 1.361156033149647174e-03 2.590441736850164426e-06
6.420043674999999894e+03 1.355574182921200554e-03 2.590441736850164426e-06
6.428040645000000040e+03 1.360130732807662834e-03 2.590441736850164426e-06
6.436037615000000187e+03 1.363700554162840641e-03 2.590441736850164426e-06
6.444034585000000334e+03 1.362768728148077953e-03 2.590441736850164426e-06
6.452031555000000481e+03 1.367418514749914804e-03 2.590441736850164426e-06
6.460028524999999718e+03 1.372050391768783089e-03 2.590441736850164426e-06
6.468025494999999864e+03 1.383102294577740008e-03 2.590441736850164426e-06
6.476022465000000011e+03 1.392869840625195459e-03 2.590441736850164426e-06
6.484019435000000158e+03 1.412245091156354724e-03 2.590441736850164426e-06
6.492016405000000304e+03 1.422482309841506054e-03 2.590441736850164426e-06
6.500013375000000451e+03 1.440318772361324096e-03 2.590441736850164426e-06
6.508010345000000598e+03 1.456933018453015474e-03 2.590441736850164426e-06
6.516007314999999835e+03 1.463735719115223394e-03 2.590441736850164426e-06
6.524004284999999982e+03 1.459450360061902759e-03 2.590441736850164426e-06
6.532001255000000128e+03 1.440642358385343545e-03 2.590441736850164426e-06
6.539998225000000275e+03 1.429664150108436510e-03 2.590441736850164426e-06
6.547995194999999512e+03 1.421949344079571518e-03 2.590441736850164426e-06
6.555992164999999659e+03 1.416175406156792646e-03 2.590441736850164426e-06
6.563989134999999806e+03 1.414815581440836056e-03 2.590441736850164426e-06
6.571986104999999952e+03 1.414473093511309015e-03 2.590441736850164426e-06
6.579983075000000099e+03 1.416279641205492670e-03 2.590441736850164426e-06
6.587980045000000246e+03 1.427227252056600514e-03 2.590441736850164426e-06
6.595977015000000392e+03 1.444076957640555263e-03 2.590441736850164426e-06
6.603973985000000539e+03 1.451965435314701543e-03 2.590441736850164426e-06
6.611970954999999776e+03 1.453221923622379083e-03 2.590441736850164426e-06
6.619967924999999923e+03 1.435787970141719780e-03 2.590441736850164426e-06
6.627964895000000070e+03 1.417095147447028271e-03 2.590441736850164426e-06
6.635961865000000216e+03 1.387666207922479220e-03 2.590441736850164426e-06
6.643958834999999453e+03 1.365582545565425902e-03 2.590441736850164426e-06
6.651955804999999600e+03 1.335646259078761711e-03 2.590441736850164426e-06
6.659952774999999747e+03 1.323502818889598330e-03 2.590441736850164426e-06
6.667949744999999893e+03 1.299190292400699337e-03 2.590441736850164426e-06
6.675946715000000040e+03 1.290157632769330749e-03 2.590441736850164426e-06
6.683943685000000187e+03 1.276493971840052515e-03 2.590441736850164426e-06
6.691940655000000334e+03 1.259638161362875092e-03 2.590441736850164426e-06
6.699937624999999571e+03 1.253425980986244996e-03 2.590441736850164426e-06
6.707934594999999717e+03 1.240618914053915863e-03 2.590441736850164426e-06
6.715931564999999864e+03 1.230960552639141824e-03 2.590441736850164426e-06
6.723928535000000011e+03 1.221495220876046795e-03 2.590441736850164426e-06
6.731925505000000157e+03 1.224380777844630242e-03 2.590441736850164426e-06
6.739922474999999395e+03 1.218180449353286699e-03 2.590441736850164426e-06
6.747919444999999541e+03 1.205887520029775206e-03 2.590441736850164426e-06
6.755916414999999688e+03 1.208704989586077260e-03 2.590441736850164426e-06
6.763913384999999835e+03 1.202751401925928254e-03 2.590441736850164426e-06
6.771910354999999981e+03 1.201566482728311800e-03 2.590441736850164426e-06
6.779907325000000128e+03 1.198164910061056505e-03 2.590441736850164426e-06
6.787904295000000275e+03 1.195566673935657184e-03 2.590441736850164426e-06
6.795901264999999512e+03 1.193267611040337061e-03 2.590441736850164426e-06
6.803898234999999659e+03 1.186547269483627940e-03 2.590441736850164426e-06
6.811895204999999805e+03 1.185019780253944617e-03 2.590441736850164426e-06
6.819892174999999952e+03 1.182654805611487239e-03 2.590441736850164426e-06
6.827889145000000099e+03 1.180103847494471140e-03 2.590441736850164426e-06
6.835886114999999336e+03 1.175666441053635361e-03 2.590441736850164426e-06
6.843883084999999483e+03 1.172556768393583733e-03 2.590441736850164426e-06
6.851880054999999629e+03 1.167687053155139730e-03 2.590441736850164426e-06
6.859877024999999776e+03 1.164508474268391132e-03 2.590441736850164426e-06
6.867873994999999923e+03 1.161120826832165095e-03 2.590441736850164426e-06
6.875870965000000069e+03 1.156012075193136755e-03 2.590441736850164426e-06
6.883867935000000216e+03 1.153925850765818344e-03 2.590441736850164426e-06
6.891864904999999453e+03 1.151044460565040905e-03 2.590441736850164426e-06
6.899861874999999600e+03 1.149635203630918747e-03 2.590441736850164426e-06
6.907858844999999747e+03 1.144975631719963565e-03 2.590441736850164426e-06
6.915855814999999893e+03 1.139615641773665533e-03 2.590441736850164426e-06
6.923852784999999130e+03 1.139734019797028920e-03 2.590441736850164426e-06
6.931849754999999277e+03 1.136146678256120309e-03 2.590441736850164426e-06
6.939846724999999424e+03 1.130556547434770701e-03 2.590441736850164426e-06
6.947843694999999570e+03 1.126089440117753263e-03 2.590441736850164426e-06
6.955840664999999717e+03 1.125101459366493941e-03 2.590441736850164426e-06
6.963837634999999864e+03 1.119470919787087871e-03 2.590441736850164426e-06
6.971834605000000010e+03 1.118335641531587434e-03 2.590441736850164426e-06
6.979831575000000157e+03 1.112240355244389261e-03 2.590441736850164426e-06
6.987828544999999394e+03 1.109808131204628430e-03 2.590441736850164426e-06
6.995825514999999541e+03 1.109359332669691573e-03 2.590441736850164426e-06
