6.204125485000000481e+03 1.697023336628791660e-03 2.590441736850164426e-06
6.212122455000000627e+03 1.690377923516682901e-03 2.590441736850164426e-06
6.220119425000000774e+03 1.690532640888243315e-03 2.590441736850164426e-06
6.228116395000000011e+03 1.685074458460613604e-03 2.590441736850164426e-06
6.236113365000000158e+03 1.680349906536929326e-03 2.590441736850164426e-06
6.244110335000000305e+03 1.672155085245419486e-03 2.590441736850164426e-06
6.252107305000000451e+03 1.669988375411046071e-03 2.590441736850164426e-06
6.260104275000000598e+03 1.670080108426167135e-03 2.590441736850164426e-06
6.268101244999999835e+03 1.665380750201276043e-03 2.590441736850164426e-06
6.276098214999999982e+03 1.659999799741939015e-03 2.590441736850164426e-06
6.284095185000000129e+03 1.656668055776817005e-03 2.590441736850164426e-06
6.292092155000000275e+03 1.656701494940843742e-03 2.590441736850164426e-06
6.300089125000000422e+03 1.646990906858948915e-03 2.590441736850164426e-06
6.308086095000000569e+03 1.642903995791154207e-03 2.590441736850164426e-06
6.316083065000000715e+03 1.639643937626979837e-03 2.590441736850164426e-06
6.324080034999999953e+03 1.632821260107676512e-03 2.590441736850164426e-06
6.332077005000000099e+03 1.628583567389127939e-03 2.590441736850164426e-06
6.340073975000000246e+03 1.626721150379796099e-03 2.590441736850164426e-06
6.348070945000000393e+03 1.621574424858903242e-03 2.590441736850164426e-06
6.356067915000000539e+03 1.609909285890103988e-03 2.590441736850164426e-06
6.364064884999999776e+03 1.612603656699612437e-03 2.590441736850164426e-06
6.372061854999999923e+03 1.599359801605850341e-03 2.590441736850164426e-06
6.380058825000000070e+03 1.597887593224622295e-03 2.590441736850164426e-06
6.388055795000000217e+03 1.600887941811772290e-03 2.590441736850164426e-06
6.396052765000000363e+03 1.592456375060767940e-03 2.590441736850164426e-06
6.404049735000000510e+03 1.587081749032428699e-03 2.590441736850164426e-06
6.412046705000000657e+03 1.586336681370371406e-03 2.590441736850164426e-06
6.420043674999999894e+03 1.584203903149575482e-03 2.590441736850164426e-06
6.428040645000000040e+03 1.589592829177623829e-03 2.590441736850164426e-06
6.436037615000000187e+03 1.585995639265238384e-03 2.590441736850164426e-06
6.444034585000000334e+03 1.586657175124441856e-03 2.590441736850164426e-06
6.452031555000000481e+03 1.595930593995034327e-03 2.590441736850164426e-06
6.460028524999999718e+03 1.602376882561981587e-03 2.590441736850164426e-06
6.468025494999999864e+03 1.614598211692378328e-03 2.590441736850164426e-06
6.476022465000000011e+03 1.624250071478214883e-03 2.590441736850164426e-06
6.484019435000000158e+03 1.642542423076610511e-03 2.590441736850164426e-06
6.492016405000000304e+03 1.656210348692437745e-03 2.590441736850164426e-06
6.500013375000000451e+03 1.669961010288479675e-03 2.590441736850164426e-06
6.508010345000000598e+03 1.673928578107289344e-03 2.590441736850164426e-06
6.516007314999999835e+03 1.680903053515560774e-03 2.590441736850164426e-06
6.524004284999999982e+03 1.681867845577570070e-03 2.590441736850164426e-06
6.532001255000000128e+03 1.666830152469484091e-03 2.590441736850164426e-06
6.539998225000000275e+03 1.656986789652099834e-03 2.590441736850164426e-06
6.547995194999999512e+03 1.643581454868231918e-03 2.590441736850164426e-06
6.555992164999999659e+03 1.642715969274486949e-03 2.590441736850164426e-06
6.563989134999999806e+03 1.639054468417676423e-03 2.590441736850164426e-06
6.571986104999999952e+03 1.638990766174802096e-03 2.590441736850164426e-06
6.579983075000000099e+03 1.640433291735568164e-03 2.590441736850164426e-06
6.587980045000000246e+03 1.639926229679313646e-03 2.590441736850164426e-06
6.595977015000000392e+03 1.659610427695147692e-03 2.590441736850164426e-06
6.603973985000000539e+03 1.662967141569987291e-03 2.590441736850164426e-06
6.611970954999999776e+03 1.664819005453140651e-03 2.590441736850164426e-06
6.619967924999999923e+03 1.655289032694127463e-03 2.590441736850164426e-06
6.627964895000000070e+03 1.641162593429344556e-03 2.590441736850164426e-06
6.635961865000000216e+03 1.607463542114139984e-03 2.590441736850164426e-06
6.643958834999999453e+03 1.591323950855109449e-03 2.590441736850164426e-06
6.651955804999999600e+03 1.555410072508858852e-03 2.590441736850164426e-06
6.659952774999999747e+03 1.536542478296591034e-03 2.590441736850164426e-06
6.667949744999999893e+03 1.512415024381033460e-03 2.590441736850164426e-06
6.675946715000000040e+03 1.495548706251750848e-03 2.590441736850164426e-06
6.683943685000000187e+03 1.484194676730186090e-03 2.590441736850164426e-06
6.691940655000000334e+03 1.470428428465918314e-03 2.590441736850164426e-06
6.699937624999999571e+03 1.456428198518834463e-03 2.590441736850164426e-06
6.707934594999999717e+03 1.446214218441544720e-03 2.590441736850164426e-06
6.715931564999999864e+03 1.443058064183217219e-03 2.590441736850164426e-06
6.723928535000000011e+03 1.431816911837044924e-03 2.590441736850164426e-06
6.731925505000000157e+03 1.426299167235560265e-03 2.590441736850164426e-06
6.739922474999999395e+03 1.425940646016467641e-03 2.590441736850164426e-06
6.747919444999999541e+03 1.420218861645775564e-03 2.590441736850164426e-06
6.755916414999999688e+03 1.417232316386150826e-03 2.590441736850164426e-06
6.763913384999999835e+03 1.416474870544261492e-03 2.590441736850164426e-06
6.771910354999999981e+03 1.411226205321541903e-03 2.590441736850164426e-06
6.779907325000000128e+03 1.402100767315507448e-03 2.590441736850164426e-06
6.787904295000000275e+03 1.399217884828562542e-03 2.590441736850164426e-06
6.795901264999999512e+03 1.390126576177535362e-03 2.590441736850164426e-06
6.803898234999999659e+03 1.391666902774722553e-03 2.590441736850164426e-06
6.811895204999999805e+03 1.389662988434429633e-03 2.590441736850164426e-06
6.819892174999999952e+03 1.386300260424912136e-03 2.590441736850164426e-06
6.827889145000000099e+03 1.381796488902187203e-03 2.590441736850164426e-06
6.835886114999999336e+03 1.376907723424630877e-03 2.590441736850164426e-06
6.843883084999999483e+03 1.371583881645788063e-03 2.590441736850164426e-06
6.851880054999999629e+03 1.370339826968034564e-03 2.590441736850164426e-06
6.859877024999999776e+03 1.370727742803819942e-03 2.590441736850164426e-06
6.867873994999999923e+03 1.362530676261367686e-03 2.590441736850164426e-06
6.875870965000000069e+03 1.359533881205892769e-03 2.590441736850164426e-06
6.883867935000000216e+03 1.354300188103785708e-03 2.590441736850164426e-06
6.891864904999999453e+03 1.353467192994503533e-03 2.590441736850164426e-06
6.899861874999999600e+03 1.347081038497316202e-03 2.590441736850164426e-06
6.907858844999999747e+03 1.337717961492559818e-03 2.590441736850164426e-06
6.915855814999999893e+03 1.337157153492162616e-03 2.590441736850164426e-06
6.923852784999999130e+03 1.335095762635283602e-03 2.590441736850164426e-06
6.931849754999999277e+03 1.330894857596549765e-03 2.590441736850164426e-06
6.939846724999999424e+03 1.326463922221073326e-03 2.590441736850164426e-06
6.947843694999999570e+03 1.323783851574013813e-03 2.590441736850164426e-06
6.955840664999999717e+03 1.323211238831284746e-03 2.590441736850164426e-06
6.963837634999999864e+03 1.313339196423112323e-03 2.590441736850164426e-06
6.971834605000000010e+03 1.314275470068483652e-03 2.590441736850164426e-06
6.979831575000000157e+03 1.306571767762528978e-03 2.590441736850164426e-06
6.987828544999999394e+03 1.306182343441889861e-03 2.590441736850164426e-06
6.995825514999999541e+03 1.299731602045828705e-03 2.590441736850164426e-06
