6.204125485000000481e+03 1.209552625648132283e-03 2.590441736850164426e-06
6.212122455000000627e+03 1.206380110415232248e-03 2.590441736850164426e-06
6.220119425000000774e+03 1.204396211738964191e-03 2.590441736850164426e-06
6.228116395000000011e+03 1.205067247000791986e-03 2.590441736850164426e-06
6.236113365000000158e+03 1.196013474940176924e-03 2.590441736850164426e-06
6.244110335000000305e+03 1.192463897436473602e-03 2.590441736850164426e-06
6.252107305000000451e+03 1.194447295406478532e-03 2.590441736850164426e-06
6.260104275000000598e+03 1.187070120898032176e-03 2.590441736850164426e-06
6.268101244999999835e+03 1.180305412545667532e-03 2.590441736850164426e-06
6.276098214999999982e+03 1.184985173457445400e-03 2.590441736850164426e-06
6.284095185000000129e+03 1.186661710604945425e-03 2.590441736850164426e-06
6.292092155000000275e+03 1.179932916272647672e-03 2.590441736850164426e-06
6.300089125000000422e+03 1.177512670683588444e-03 2.590441736850164426e-06
6.308086095000000569e+03 1.171497777553675819e-03 2.590441736850164426e-06
6.316083065000000715e+03 1.171281040076357959e-03 2.590441736850164426e-06
6.324080034999999953e+03 1.171125951093502640e-03 2.590441736850164426e-06
6.332077005000000099e+03 1.163221164347460644e-03 2.590441736850164426e-06
6.340073975000000246e+03 1.156301498373132029e-03 2.590441736850164426e-06
6.348070945000000393e+03 1.152693371486674745e-03 2.590441736850164426e-06
6.356067915000000539e+03 1.149985971750886208e-03 2.590441736850164426e-06
6.364064884999999776e+03 1.147368344512374096e-03 2.590441736850164426e-06
6.372061854999999923e+03 1.145952118513091046e-03 2.590441736850164426e-06
6.380058825000000070e+03 1.139630779844044359e-03 2.590441736850164426e-06
6.388055795000000217e+03 1.140888923606368961e-03 2.590441736850164426e-06
6.396052765000000363e+03 1.133505199121637294e-03 2.590441736850164426e-06
6.404049735000000510e+03 1.133869981997287762e-03 2.590441736850164426e-06
6.412046705000000657e+03 1.131605061514293162e-03 2.590441736850164426e-06
6.420043674999999894e+03 1.127070199718586702e-03 2.590441736850164426e-06
6.428040645000000040e+03 1.130950786783532780e-03 2.590441736850164426e-06
6.436037615000000187e+03 1.132402240960820542e-03 2.590441736850164426e-06
6.444034585000000334e+03 1.134919854894712171e-03 2.590441736850164426e-06
6.452031555000000481e+03 1.147829070720665602e-03 2.590441736850164426e-06
6.460028524999999718e+03 1.148655190955647073e-03 2.590441736850164426e-06
6.468025494999999864e+03 1.167291465896108573e-03 2.590441736850164426e-06
6.476022465000000011e+03 1.175633420004106294e-03 2.590441736850164426e-06
6.484019435000000158e+03 1.192735573679565763e-03 2.590441736850164426e-06
6.492016405000000304e+03 1.208568308166164170e-03 2.590441736850164426e-06
6.500013375000000451e+03 1.225671664028963768e-03 2.590441736850164426e-06
6.508010345000000598e+03 1.244826526212142312e-03 2.590441736850164426e-06
6.516007314999999835e+03 1.246213789728878351e-03 2.590441736850164426e-06
6.524004284999999982e+03 1.245534269426228470e-03 2.590441736850164426e-06
6.532001255000000128e+03 1.230318789829763435e-03 2.590441736850164426e-06
6.539998225000000275e+03 1.211548785268910236e-03 2.590441736850164426e-06
6.547995194999999512e+03 1.202843153715755283e-03 2.590441736850164426e-06
6.555992164999999659e+03 1.202859884603140871e-03 2.590441736850164426e-06
6.563989134999999806e+03 1.203155942559697633e-03 2.590441736850164426e-06
6.571986104999999952e+03 1.203221868319903154e-03 2.590441736850164426e-06
6.579983075000000099e+03 1.205609542998998911e-03 2.590441736850164426e-06
6.587980045000000246e+03 1.211299312249248476e-03 2.590441736850164426e-06
6.595977015000000392e+03 1.224339751647477185e-03 2.590441736850164426e-06
6.603973985000000539e+03 1.242815245722465574e-03 2.590441736850164426e-06
6.611970954999999776e+03 1.241177716001933516e-03 2.590441736850164426e-06
6.619967924999999923e+03 1.223761644819602520e-03 2.590441736850164426e-06
6.627964895000000070e+03 1.215505756121047472e-03 2.590441736850164426e-06
6.635961865000000216e+03 1.187174322093927092e-03 2.590441736850164426e-06
6.643958834999999453e+03 1.159481252059393940e-03 2.590441736850164426e-06
6.651955804999999600e+03 1.134274967975404478e-03 2.590441736850164426e-06
6.659952774999999747e+03 1.109164301723760716e-03 2.590441736850164426e-06
6.667949744999999893e+03 1.085048054083071487e-03 2.590441736850164426e-06
6.675946715000000040e+03 1.075740273897147527e-03 2.590441736850164426e-06
6.683943685000000187e+03 1.066883212860613708e-03 2.590441736850164426e-06
6.691940655000000334e+03 1.048151720081753110e-03 2.590441736850164426e-06
6.699937624999999571e+03 1.043440545938881638e-03 2.590441736850164426e-06
6.707934594999999717e+03 1.029388480621703681e-03 2.590441736850164426e-06
6.715931564999999864e+03 1.022584999554123058e-03 2.590441736850164426e-06
6.723928535000000011e+03 1.016111819193324601e-03 2.590441736850164426e-06
6.731925505000000157e+03 1.013127845924567975e-03 2.590441736850164426e-06
6.739922474999999395e+03 1.014118950176899668e-03 2.590441736850164426e-06
6.747919444999999541e+03 1.013704516585235129e-03 2.590441736850164426e-06
6.755916414999999688e+03 1.007780879145434407e-03 2.590441736850164426e-06
6.763913384999999835e+03 1.008816455061654861e-03 2.590441736850164426e-06
6.771910354999999981e+03 1.004197780119223202e-03 2.590441736850164426e-06
6.779907325000000128e+03 1.004690590884732559e-03 2.590441736850164426e-06
6.787904295000000275e+03 1.002075793010734611e-03 2.590441736850164426e-06
6.795901264999999512e+03 9.946701763378126403e-04 2.590441736850164426e-06
6.803898234999999659e+03 9.954251955277932610e-04 2.590441736850164426e-06
6.811895204999999805e+03 9.841208102472818152e-04 2.590441736850164426e-06
6.819892174999999952e+03 9.911267709698438986e-04 2.590441736850164426e-06
6.827889145000000099e+03 9.856270084985538447e-04 2.590441736850164426e-06
6.835886114999999336e+03 9.823960370277595115e-04 2.590441736850164426e-06
6.843883084999999483e+03 9.779259406224713371e-04 2.590441736850164426e-06
6.851880054999999629e+03 9.748136786014595769e-04 2.590441736850164426e-06
6.859877024999999776e+03 9.709726601710053865e-04 2.590441736850164426e-06
6.867873994999999923e+03 9.661993639862011480e-04 2.590441736850164426e-06
6.875870965000000069e+03 9.690461196679566337e-04 2.590441736850164426e-06
6.883867935000000216e+03 9.659762835372543398e-04 2.590441736850164426e-06
6.891864904999999453e+03 9.604309631072598151e-04 2.590441736850164426e-06
6.899861874999999600e+03 9.574582171528944145e-04 2.590441736850164426e-06
6.907858844999999747e+03 9.600656942581656771e-04 2.590441736850164426e-06
6.915855814999999893e+03 9.536851458777389394e-04 2.590441736850164426e-06
6.923852784999999130e+03 9.545082575210273599e-04 2.590441736850164426e-06
6.931849754999999277e+03 9.453409289378166686e-04 2.590441736850164426e-06
6.939846724999999424e+03 9.475270788280137609e-04 2.590441736850164426e-06
6.947843694999999570e+03 9.423138028533821530e-04 2.590441736850164426e-06
6.955840664999999717e+03 9.440360175791742128e-04 2.590441736850164426e-06
6.963837634999999864e+03 9.433540434787383855e-04 2.590441736850164426e-06
6.971834605000000010e+03 9.353016680783630661e-04 2.590441736850164426e-06
6.979831575000000157e+03 9.310255949767440179e-04 2.590441736850164426e-06
6.987828544999999394e+03 9.279744438238996451e-04 2.590441736850164426e-06
6.995825514999999541e+03 9.278065771662077172e-04 2.590441736850164426e-06
