6.204125485000000481e+03 1.399007182055794773e-03 2.590441736850164426e-06
6.212122455000000627e+03 1.400808754879571310e-03 2.590441736850164426e-06
6.220119425000000774e+03 1.398871415105674976e-03 2.590441736850164426e-06
6.228116395000000011e+03 1.389698373516596967e-03 2.590441736850164426e-06
6.236113365000000158e+03 1.388107948791691016e-03 2.590441736850164426e-06
6.244110335000000305e+03 1.382301107591352119e-03 2.590441736850164426e-06
6.252107305000000451e+03 1.382159305370971774e-03 2.590441736850164426e-06
6.260104275000000598e+03 1.377584194133692685e-03 2.590441736850164426e-06
6.268101244999999835e+03 1.371893456855781184e-03 2.590441736850164426e-06
6.276098214999999982e+03 1.375392161139261677e-03 2.590441736850164426e-06
6.284095185000000129e+03 1.369107299499265282e-03 2.590441736850164426e-06
6.292092155000000275e+03 1.368765235585216134e-03 2.590441736850164426e-06
6.300089125000000422e+03 1.357835689929081909e-03 2.590441736850164426e-06
6.308086095000000569e+03 1.357803097116901852e-03 2.590441736850164426e-06
6.316083065000000715e+03 1.353122477200999641e-03 2.590441736850164426e-06
6.324080034999999953e+03 1.349137039214689474e-03 2.590441736850164426e-06
6.332077005000000099e+03 1.345829136651186236e-03 2.590441736850164426e-06
6.340073975000000246e+03 1.338956804504220924e-03 2.590441736850164426e-06
6.348070945000000393e+03 1.337243306365022656e-03 2.590441736850164426e-06
6.356067915000000539e+03 1.329232610198312521e-03 2.590441736850164426e-06
6.364064884999999776e+03 1.326933517824533228e-03 2.590441736850164426e-06
6.372061854999999923e+03 1.328070282505881741e-03 2.590441736850164426e-06
6.380058825000000070e+03 1.324375105724060397e-03 2.590441736850164426e-06
6.388055795000000217e+03 1.321509319853169783e-03 2.590441736850164426e-06
6.396052765000000363e+03 1.314683447889020444e-03 2.590441736850164426e-06
6.404049735000000510e+03 1.313656622505422712e-03 2.590441736850164426e-06
6.412046705000000657e+03 1.314787405473771950e-03 2.590441736850164426e-06
6.420043674999999894e+03 1.312455498932906190e-03 2.590441736850164426e-06
6.428040645000000040e+03 1.316892658605575738e-03 2.590441736850164426e-06
6.436037615000000187e+03 1.312043598986363914e-03 2.590441736850164426e-06
6.444034585000000334e+03 1.324811184504195950e-03 2.590441736850164426e-06
6.452031555000000481e+03 1.324230104848369161e-03 2.590441736850164426e-06
6.460028524999999718e+03 1.333516621375308280e-03 2.590441736850164426e-06
6.468025494999999864e+03 1.343224680336821452e-03 2.590441736850164426e-06
6.476022465000000011e+03 1.358516390604798006e-03 2.590441736850164426e-06
6.484019435000000158e+03 1.370721721470940808e-03 2.590441736850164426e-06
6.492016405000000304e+03 1.388675109503149842e-03 2.590441736850164426e-06
6.500013375000000451e+03 1.395933524766386838e-03 2.590441736850164426e-06
6.508010345000000598e+03 1.406365610413908788e-03 2.590441736850164426e-06
6.516007314999999835e+03 1.413775735774567936e-03 2.590441736850164426e-06
6.524004284999999982e+03 1.413001196127717683e-03 2.590441736850164426e-06
6.532001255000000128e+03 1.397813365050269230e-03 2.590441736850164426e-06
6.539998225000000275e+03 1.385011941477798728e-03 2.590441736850164426e-06
6.547995194999999512e+03 1.376652317143434254e-03 2.590441736850164426e-06
6.555992164999999659e+03 1.374831369881862738e-03 2.590441736850164426e-06
6.563989134999999806e+03 1.372986266367306769e-03 2.590441736850164426e-06
6.571986104999999952e+03 1.373677131414749323e-03 2.590441736850164426e-06
6.579983075000000099e+03 1.376772173016464502e-03 2.590441736850164426e-06
6.587980045000000246e+03 1.376205477182129884e-03 2.590441736850164426e-06
6.595977015000000392e+03 1.398972775587075095e-03 2.590441736850164426e-06
6.603973985000000539e+03 1.399174077916147266e-03 2.590441736850164426e-06
6.611970954999999776e+03 1.403004527256910671e-03 2.590441736850164426e-06
6.619967924999999923e+03 1.394226773618696810e-03 2.590441736850164426e-06
6.627964895000000070e+03 1.373708407143175037e-03 2.590441736850164426e-06
6.635961865000000216e+03 1.351885541356632851e-03 2.590441736850164426e-06
6.643958834999999453e+03 1.335021625876306765e-03 2.590441736850164426e-06
6.651955804999999600e+03 1.299045939391743404e-03 2.590441736850164426e-06
6.659952774999999747e+03 1.277120732840608805e-03 2.590441736850164426e-06
6.667949744999999893e+03 1.254269656613375130e-03 2.590441736850164426e-06
6.675946715000000040e+03 1.242371215176854126e-03 2.590441736850164426e-06
6.683943685000000187e+03 1.227394469425984120e-03 2.590441736850164426e-06
6.691940655000000334e+03 1.217618297913108634e-03 2.590441736850164426e-06
6.699937624999999571e+03 1.205513607635994760e-03 2.590441736850164426e-06
6.707934594999999717e+03 1.201471640066094707e-03 2.590441736850164426e-06
6.715931564999999864e+03 1.191348418829075214e-03 2.590441736850164426e-06
6.723928535000000011e+03 1.181579492940136502e-03 2.590441736850164426e-06
6.731925505000000157e+03 1.178632116199489037e-03 2.590441736850164426e-06
6.739922474999999395e+03 1.175636296566027247e-03 2.590441736850164426e-06
6.747919444999999541e+03 1.171935082459258639e-03 2.590441736850164426e-06
6.755916414999999688e+03 1.172023098419793484e-03 2.590441736850164426e-06
6.763913384999999835e+03 1.167703705412520467e-03 2.590441736850164426e-06
6.771910354999999981e+03 1.160736039750482956e-03 2.590441736850164426e-06
6.779907325000000128e+03 1.160166414983860445e-03 2.590441736850164426e-06
6.787904295000000275e+03 1.154605224436500589e-03 2.590441736850164426e-06
6.795901264999999512e+03 1.155707556223648262e-03 2.590441736850164426e-06
6.803898234999999659e+03 1.153405151088261619e-03 2.590441736850164426e-06
6.811895204999999805e+03 1.144084179425629592e-03 2.590441736850164426e-06
6.819892174999999952e+03 1.146577961510275448e-03 2.590441736850164426e-06
6.827889145000000099e+03 1.145048129678683446e-03 2.590441736850164426e-06
6.835886114999999336e+03 1.144118566162415085e-03 2.590441736850164426e-06
6.843883084999999483e+03 1.135455985209049817e-03 2.590441736850164426e-06
6.851880054999999629e+03 1.130881969306559093e-03 2.590441736850164426e-06
6.859877024999999776e+03 1.128905312972553181e-03 2.590441736850164426e-06
6.867873994999999923e+03 1.126577012369912303e-03 2.590441736850164426e-06
6.875870965000000069e+03 1.121269964656129324e-03 2.590441736850164426e-06
6.883867935000000216e+03 1.119765188768079723e-03 2.590441736850164426e-06
6.891864904999999453e+03 1.114418966278160183e-03 2.590441736850164426e-06
6.899861874999999600e+03 1.111411830548048821e-03 2.590441736850164426e-06
6.907858844999999747e+03 1.107873322555264503e-03 2.590441736850164426e-06
6.915855814999999893e+03 1.101710423376502362e-03 2.590441736850164426e-06
6.923852784999999130e+03 1.102474036792127927e-03 2.590441736850164426e-06
6.931849754999999277e+03 1.099812202213174082e-03 2.590441736850164426e-06
6.939846724999999424e+03 1.098357846226840446e-03 2.590441736850164426e-06
6.947843694999999570e+03 1.094556107900199844e-03 2.590441736850164426e-06
6.955840664999999717e+03 1.092455569152963680e-03 2.590441736850164426e-06
6.963837634999999864e+03 1.087148435663605472e-03 2.590441736850164426e-06
6.971834605000000010e+03 1.084540991675043671e-03 2.590441736850164426e-06
6.979831575000000157e+03 1.084856834363810392e-03 2.590441736850164426e-06
6.987828544999999394e+03 1.079250857301422258e-03 2.590441736850164426e-06
6.995825514999999541e+03 1.076141913257504636e-03 2.590441736850164426e-06
