6.204125485000000481e+03 1.481439730498251709e-03 2.590441736850164426e-06
6.212122455000000627e+03 1.476815523225059662e-03 2.590441736850164426e-06
6.220119425000000774e+03 1.469957627386764753e-03 2.590441736850164426e-06
6.228116395000000011e+03 1.473151584718964888e-03 2.590441736850164426e-06
6.236113365000000158e+03 1.465587273416730845e-03 2.590441736850164426e-06
6.244110335000000305e+03 1.456081883471465601e-03 2.590441736850164426e-06
6.252107305000000451e+03 1.454777059865500991e-03 2.590441736850164426e-06
6.260104275000000598e+03 1.460048281648213030e-03 2.590441736850164426e-06
6.268101244999999835e+03 1.454857271364067440e-03 2.590441736850164426e-06
6.276098214999999982e+03 1.447443977184474477e-03 2.590441736850164426e-06
6.284095185000000129e+03 1.448203511838934854e-03 2.590441736850164426e-06
6.292092155000000275e+03 1.441583533409514662e-03 2.590441736850164426e-06
6.300089125000000422e+03 1.433777536891292720e-03 2.590441736850164426e-06
6.308086095000000569e+03 1.433769951210126393e-03 2.590441736850164426e-06
6.316083065000000715e+03 1.425430316098747754e-03 2.590441736850164426e-06
6.324080034999999953e+03 1.426854627560659441e-03 2.590441736850164426e-06
6.332077005000000099e+03 1.422733981940806471e-03 2.590441736850164426e-06
6.340073975000000246e+03 1.414536460721363279e-03 2.590441736850164426e-06
6.348070945000000393e+03 1.413952046289991809e-03 2.590441736850164426e-06
6.356067915000000539e+03 1.414353692151390594e-03 2.590441736850164426e-06
6.364064884999999776e+03 1.403301877262180895e-03 2.590441736850164426e-06
6.372061854999999923e+03 1.398542671822107942e-03 2.590441736850164426e-06
6.380058825000000070e+03 1.394716960991811139e-03 2.590441736850164426e-06
6.388055795000000217e+03 1.393898712933509722e-03 2.590441736850164426e-06
6.396052765000000363e+03 1.386845797248311470e-03 2.590441736850164426e-06
6.404049735000000510e+03 1.386649917259360262e-03 2.590441736850164426e-06
6.412046705000000657e+03 1.384963112561912171e-03 2.590441736850164426e-06
6.420043674999999894e+03 1.376269025944671385e-03 2.590441736850164426e-06
6.428040645000000040e+03 1.385814485092789474e-03 2.590441736850164426e-06
6.436037615000000187e+03 1.383196690854212110e-03 2.590441736850164426e-06
6.444034585000000334e+03 1.389022286455541752e-03 2.590441736850164426e-06
6.452031555000000481e+03 1.393904628589175132e-03 2.590441736850164426e-06
6.460028524999999718e+03 1.400412127012053186e-03 2.590441736850164426e-06
6.468025494999999864e+03 1.415189664366623638e-03 2.590441736850164426e-06
6.476022465000000011e+03 1.428628388634586681e-03 2.590441736850164426e-06
6.484019435000000158e+03 1.447884342339453420e-03 2.590441736850164426e-06
6.492016405000000304e+03 1.463020399951676801e-03 2.590441736850164426e-06
6.500013375000000451e+03 1.472867694948898224e-03 2.590441736850164426e-06
6.508010345000000598e+03 1.470645877265383625e-03 2.590441736850164426e-06
6.516007314999999835e+03 1.473932996550635912e-03 2.590441736850164426e-06
6.524004284999999982e+03 1.472405815884293484e-03 2.590441736850164426e-06
6.532001255000000128e+03 1.456970215121103579e-03 2.590441736850164426e-06
6.539998225000000275e+03 1.450594612743652837e-03 2.590441736850164426e-06
6.547995194999999512e+03 1.442504692183064824e-03 2.590441736850164426e-06
6.555992164999999659e+03 1.438473518164632087e-03 2.590441736850164426e-06
6.563989134999999806e+03 1.437296754785734798e-03 2.590441736850164426e-06
6.571986104999999952e+03 1.436818406945267277e-03 2.590441736850164426e-06
6.579983075000000099e+03 1.432516911751304011e-03 2.590441736850164426e-06
6.587980045000000246e+03 1.443918637737402364e-03 2.590441736850164426e-06
6.595977015000000392e+03 1.451949950848571442e-03 2.590441736850164426e-06
6.603973985000000539e+03 1.456094794709841996e-03 2.590441736850164426e-06
6.611970954999999776e+03 1.462051983082454003e-03 2.590441736850164426e-06
6.619967924999999923e+03 1.456588728707877440e-03 2.590441736850164426e-06
6.627964895000000070e+03 1.450578187085024015e-03 2.590441736850164426e-06
6.635961865000000216e+03 1.426288446260434587e-03 2.590441736850164426e-06
6.643958834999999453e+03 1.405278080564671944e-03 2.590441736850164426e-06
6.651955804999999600e+03 1.375610594076027071e-03 2.590441736850164426e-06
6.659952774999999747e+03 1.348656078565127871e-03 2.590441736850164426e-06
6.667949744999999893e+03 1.316461569839608549e-03 2.590441736850164426e-06
6.675946715000000040e+03 1.304763958426924646e-03 2.590441736850164426e-06
6.683943685000000187e+03 1.293674034672108800e-03 2.590441736850164426e-06
6.691940655000000334e+03 1.281046658113108158e-03 2.590441736850164426e-06
6.699937624999999571e+03 1.271092892133690198e-03 2.590441736850164426e-06
6.707934594999999717e+03 1.264666639761549520e-03 2.590441736850164426e-06
6.715931564999999864e+03 1.254583006177287935e-03 2.590441736850164426e-06
6.723928535000000011e+03 1.247077344690158875e-03 2.590441736850164426e-06
6.731925505000000157e+03 1.241197656783054682e-03 2.590441736850164426e-06
6.739922474999999395e+03 1.243851143878250270e-03 2.590441736850164426e-06
6.747919444999999541e+03 1.236685638886152270e-03 2.590441736850164426e-06
6.755916414999999688e+03 1.233955097777649813e-03 2.590441736850164426e-06
6.763913384999999835e+03 1.238257590710312248e-03 2.590441736850164426e-06
6.771910354999999981e+03 1.229701361017333143e-03 2.590441736850164426e-06
6.779907325000000128e+03 1.220974366689246996e-03 2.590441736850164426e-06
6.787904295000000275e+03 1.223383141038381474e-03 2.590441736850164426e-06
6.795901264999999512e+03 1.217792466777308522e-03 2.590441736850164426e-06
6.803898234999999659e+03 1.216146155244496275e-03 2.590441736850164426e-06
6.811895204999999805e+03 1.209946813253533248e-03 2.590441736850164426e-06
6.819892174999999952e+03 1.209977657464399864e-03 2.590441736850164426e-06
6.827889145000000099e+03 1.206144961497220306e-03 2.590441736850164426e-06
6.835886114999999336e+03 1.203288341503961885e-03 2.590441736850164426e-06
6.843883084999999483e+03 1.196024754691047461e-03 2.590441736850164426e-06
6.851880054999999629e+03 1.195004226721343684e-03 2.590441736850164426e-06
6.859877024999999776e+03 1.192919737932540561e-03 2.590441736850164426e-06
6.867873994999999923e+03 1.187243259783474832e-03 2.590441736850164426e-06
6.875870965000000069e+03 1.182945405363649682e-03 2.590441736850164426e-06
6.883867935000000216e+03 1.181379316236788038e-03 2.590441736850164426e-06
6.891864904999999453e+03 1.179146657661788583e-03 2.590441736850164426e-06
6.899861874999999600e+03 1.179474013616168106e-03 2.590441736850164426e-06
6.907858844999999747e+03 1.166390240383114460e-03 2.590441736850164426e-06
6.915855814999999893e+03 1.168343920377449240e-03 2.590441736850164426e-06
6.923852784999999130e+03 1.165471762767357261e-03 2.590441736850164426e-06
6.931849754999999277e+03 1.161794782322580913e-03 2.590441736850164426e-06
6.939846724999999424e+03 1.156016846067725807e-03 2.590441736850164426e-06
6.947843694999999570e+03 1.152237862313028023e-03 2.590441736850164426e-06
6.955840664999999717e+03 1.148755523736115893e-03 2.590441736850164426e-06
6.963837634999999864e+03 1.148476317585850901e-03 2.590441736850164426e-06
6.971834605000000010e+03 1.142992275434370200e-03 2.590441736850164426e-06
6.979831575000000157e+03 1.139832209355346338e-03 2.590441736850164426e-06
6.987828544999999394e+03 1.139301018508018801e-03 2.590441736850164426e-06
6.995825514999999541e+03 1.131717543642387150e-03 2.590441736850164426e-06
