6.204125485000000481e+03 1.059836765170619772e-03 2.590441736850164426e-06
6.212122455000000627e+03 1.059466182536129017e-03 2.590441736850164426e-06
6.220119425000000774e+03 1.054921729338592672e-03 2.590441736850164426e-06
6.228116395000000011e+03 1.049040707981103646e-03 2.590441736850164426e-06
6.236113365000000158e+03 1.046403474937099417e-03 2.590441736850164426e-06
6.244110335000000305e+03 1.047005293174124675e-03 2.590441736850164426e-06
6.252107305000000451e+03 1.047682275358166907e-03 2.590441736850164426e-06
6.260104275000000598e+03 1.044321934402048973e-03 2.590441736850164426e-06
6.268101244999999835e+03 1.038462946174058352e-03 2.590441736850164426e-06
6.276098214999999982e+03 1.038724108844837858e-03 2.590441736850164426e-06
6.284095185000000129e+03 1.034080495224742879e-03 2.590441736850164426e-06
6.292092155000000275e+03 1.033001892729906246e-03 2.590441736850164426e-06
6.300089125000000422e+03 1.028953692141509240e-03 2.590441736850164426e-06
6.308086095000000569e+03 1.024638158499801633e-03 2.590441736850164426e-06
6.316083065000000715e+03 1.023466119572224737e-03 2.590441736850164426e-06
6.324080034999999953e+03 1.017157963614916030e-03 2.590441736850164426e-06
6.332077005000000099e+03 1.014867436800665325e-03 2.590441736850164426e-06
6.340073975000000246e+03 1.013728447346418137e-03 2.590441736850164426e-06
6.348070945000000393e+03 1.004343783446533332e-03 2.590441736850164426e-06
6.356067915000000539e+03 1.008858038999343532e-03 2.590441736850164426e-06
6.364064884999999776e+03 1.006806696572379702e-03 2.590441736850164426e-06
6.372061854999999923e+03 9.935619964765453858e-04 2.590441736850164426e-06
6.380058825000000070e+03 9.973189140799704287e-04 2.590441736850164426e-06
6.388055795000000217e+03 9.956535326319465671e-04 2.590441736850164426e-06
6.396052765000000363e+03 9.896037698421714882e-04 2.590441736850164426e-06
6.404049735000000510e+03 9.905497053776394015e-04 2.590441736850164426e-06
6.412046705000000657e+03 9.869131638205849884e-04 2.590441736850164426e-06
6.420043674999999894e+03 9.868738351262388696e-04 2.590441736850164426e-06
6.428040645000000040e+03 9.828805126078457056e-04 2.590441736850164426e-06
6.436037615000000187e+03 9.933481329571776201e-04 2.590441736850164426e-06
6.444034585000000334e+03 9.968109383661234030e-04 2.590441736850164426e-06
6.452031555000000481e+03 1.005614038405634736e-03 2.590441736850164426e-06
6.460028524999999718e+03 1.016523324745125618e-03 2.590441736850164426e-06
6.468025494999999864e+03 1.026916577668728937e-03 2.590441736850164426e-06
6.476022465000000011e+03 1.036226413555500943e-03 2.590441736850164426e-06
6.484019435000000158e+03 1.057005750766561083e-03 2.590441736850164426e-06
6.492016405000000304e+03 1.075064893234182941e-03 2.590441736850164426e-06
6.500013375000000451e+03 1.088374901608869837e-03 2.590441736850164426e-06
6.508010345000000598e+03 1.100119442905406674e-03 2.590441736850164426e-06
6.516007314999999835e+03 1.110022149430103496e-03 2.590441736850164426e-06
6.524004284999999982e+03 1.102146033090258210e-03 2.590441736850164426e-06
6.532001255000000128e+03 1.084985550649374521e-03 2.590441736850164426e-06
6.539998225000000275e+03 1.071158885142875451e-03 2.590441736850164426e-06
6.547995194999999512e+03 1.064318797639743830e-03 2.590441736850164426e-06
6.555992164999999659e+03 1.069564031058537531e-03 2.590441736850164426e-06
6.563989134999999806e+03 1.063081918782512753e-03 2.590441736850164426e-06
6.571986104999999952e+03 1.060478349389426794e-03 2.590441736850164426e-06
6.579983075000000099e+03 1.068317219388121436e-03 2.590441736850164426e-06
6.587980045000000246e+03 1.069302452662879892e-03 2.590441736850164426e-06
6.595977015000000392e+03 1.086595289762943770e-03 2.590441736850164426e-06
6.603973985000000539e+03 1.100004078079612133e-03 2.590441736850164426e-06
6.611970954999999776e+03 1.106327832527549118e-03 2.590441736850164426e-06
6.619967924999999923e+03 1.089082581923885712e-03 2.590441736850164426e-06
6.627964895000000070e+03 1.083663056282372760e-03 2.590441736850164426e-06
6.635961865000000216e+03 1.059524917299664668e-03 2.590441736850164426e-06
6.643958834999999453e+03 1.029220613108778552e-03 2.590441736850164426e-06
6.651955804999999600e+03 1.001983542178970250e-03 2.590441736850164426e-06
6.659952774999999747e+03 9.783609518824543192e-04 2.590441736850164426e-06
6.667949744999999893e+03 9.590584371178536779e-04 2.590441736850164426e-06
6.675946715000000040e+03 9.441168166109585938e-04 2.590441736850164426e-06
6.683943685000000187e+03 9.294463451796821513e-04 2.590441736850164426e-06
6.691940655000000334e+03 9.113002171517355912e-04 2.590441736850164426e-06
6.699937624999999571e+03 9.049971755923077793e-04 2.590441736850164426e-06
6.707934594999999717e+03 8.992351998050063808e-04 2.590441736850164426e-06
6.715931564999999864e+03 8.999819416865585935e-04 2.590441736850164426e-06
6.723928535000000011e+03 8.879409846550146822e-04 2.590441736850164426e-06
6.731925505000000157e+03 8.859204499376963689e-04 2.590441736850164426e-06
6.739922474999999395e+03 8.880390959678800995e-04 2.590441736850164426e-06
6.747919444999999541e+03 8.842195899377848197e-04 2.590441736850164426e-06
6.755916414999999688e+03 8.836814542108574954e-04 2.590441736850164426e-06
6.763913384999999835e+03 8.803636581959606256e-04 2.590441736850164426e-06
6.771910354999999981e+03 8.747326571352173619e-04 2.590441736850164426e-06
6.779907325000000128e+03 8.775962191029757983e-04 2.590441736850164426e-06
6.787904295000000275e+03 8.715479554987447643e-04 2.590441736850164426e-06
6.795901264999999512e+03 8.728080192371744442e-04 2.590441736850164426e-06
6.803898234999999659e+03 8.670550771226372003e-04 2.590441736850164426e-06
6.811895204999999805e+03 8.640684117161411687e-04 2.590441736850164426e-06
6.819892174999999952e+03 8.625735982173691379e-04 2.590441736850164426e-06
6.827889145000000099e+03 8.621969133574833646e-04 2.590441736850164426e-06
6.835886114999999336e+03 8.588329432414560987e-04 2.590441736850164426e-06
6.843883084999999483e+03 8.580160843264748047e-04 2.590441736850164426e-06
6.851880054999999629e+03 8.545129650750495857e-04 2.590441736850164426e-06
6.859877024999999776e+03 8.501933654829673054e-04 2.590441736850164426e-06
6.867873994999999923e+03 8.483934097465809778e-04 2.590441736850164426e-06
6.875870965000000069e+03 8.426191952976861896e-04 2.590441736850164426e-06
6.883867935000000216e+03 8.461740357994950888e-04 2.590441736850164426e-06
6.891864904999999453e+03 8.433433360954976574e-04 2.590441736850164426e-06
6.899861874999999600e+03 8.381298944358298291e-04 2.590441736850164426e-06
6.907858844999999747e+03 8.423675698629856917e-04 2.590441736850164426e-06
6.915855814999999893e+03 8.365022004133765765e-04 2.590441736850164426e-06
6.923852784999999130e+03 8.331251979371044137e-04 2.590441736850164426e-06
6.931849754999999277e+03 8.322189303450043974e-04 2.590441736850164426e-06
6.939846724999999424e+03 8.337912374644906302e-04 2.590441736850164426e-06
6.947843694999999570e+03 8.264304746850419927e-04 2.590441736850164426e-06
6.955840664999999717e+03 8.244520758251894840e-04 2.590441736850164426e-06
6.963837634999999864e+03 8.205029045729259757e-04 2.590441736850164426e-06
6.971834605000000010e+03 8.202948423183274501e-04 2.590441736850164426e-06
6.979831575000000157e+03 8.171887479453788595e-04 2.590441736850164426e-06
6.987828544999999394e+03 8.128777309159971503e-04 2.590441736850164426e-06
6.995825514999999541e+03 8.140972886425416801e-04 2.590441736850164426e-06
