6.204125485000000481e+03 1.197351836871297665e-03 2.590441736850164426e-06
6.212122455000000627e+03 1.192158121657933096e-03 2.590441736850164426e-06
6.220119425000000774e+03 1.188941668724455150e-03 2.590441736850164426e-06
6.228116395000000011e+03 1.181214709215926747e-03 2.590441736850164426e-06
6.236113365000000158e+03 1.177970339340590972e-03 2.590441736850164426e-06
6.244110335000000305e+03 1.176939440339965122e-03 2.590441736850164426e-06
6.252107305000000451e+03 1.176675930244713147e-03 2.590441736850164426e-06
6.260104275000000598e+03 1.173442431137140547e-03 2.590441736850164426e-06
6.268101244999999835e+03 1.172133214286845328e-03 2.590441736850164426e-06
6.276098214999999982e+03 1.171123971560766560e-03 2.590441736850164426e-06
6.284095185000000129e+03 1.162715002293061937e-03 2.590441736850164426e-06
6.292092155000000275e+03 1.157966327417445877e-03 2.590441736850164426e-06
6.300089125000000422e+03 1.158250474218996311e-03 2.590441736850164426e-06
6.308086095000000569e+03 1.153399847680410938e-03 2.590441736850164426e-06
6.316083065000000715e+03 1.149061231790033614e-03 2.590441736850164426e-06
6.324080034999999953e+03 1.150605773883662088e-03 2.590441736850164426e-06
6.332077005000000099e+03 1.143680313334065725e-03 2.590441736850164426e-06
6.340073975000000246e+03 1.138446385344176479e-03 2.590441736850164426e-06
6.348070945000000393e+03 1.136649003860456001e-03 2.590441736850164426e-06
6.356067915000000539e+03 1.129973556806618653e-03 2.590441736850164426e-06
6.364064884999999776e+03 1.129412575930755771e-03 2.590441736850164426e-06
6.372061854999999923e+03 1.124888474707706190e-03 2.590441736850164426e-06
6.380058825000000070e+03 1.116254165322134789e-03 2.590441736850164426e-06
6.388055795000000217e+03 1.120780519345002590e-03 2.590441736850164426e-06
6.396052765000000363e+03 1.114386120102121153e-03 2.590441736850164426e-06
6.404049735000000510e+03 1.107319957391210202e-03 2.590441736850164426e-06
6.412046705000000657e+03 1.106847919286413915e-03 2.590441736850164426e-06
6.420043674999999894e+03 1.109664539257411951e-03 2.590441736850164426e-06
6.428040645000000040e+03 1.107608367383778941e-03 2.590441736850164426e-06
6.436037615000000187e+03 1.111788129154737091e-03 2.590441736850164426e-06
6.444034585000000334e+03 1.116584063417528716e-03 2.590441736850164426e-06
6.452031555000000481e+03 1.132380219385183085e-03 2.590441736850164426e-06
6.460028524999999718e+03 1.138160708739971048e-03 2.590441736850164426e-06
6.468025494999999864e+03 1.150903467146131452e-03 2.590441736850164426e-06
6.476022465000000011e+03 1.158112638237420366e-03 2.590441736850164426e-06
6.484019435000000158e+03 1.175498102568264510e-03 2.590441736850164426e-06
6.492016405000000304e+03 1.192762126425985772e-03 2.590441736850164426e-06
6.500013375000000451e+03 1.207168908843039238e-03 2.590441736850164426e-06
6.508010345000000598e+03 1.221644352873417581e-03 2.590441736850164426e-06
6.516007314999999835e+03 1.227197549208913991e-03 2.590441736850164426e-06
6.524004284999999982e+03 1.221385773451834009e-03 2.590441736850164426e-06
6.532001255000000128e+03 1.208070042121872287e-03 2.590441736850164426e-06
6.539998225000000275e+03 1.196514403876657246e-03 2.590441736850164426e-06
6.547995194999999512e+03 1.188143162776403479e-03 2.590441736850164426e-06
6.555992164999999659e+03 1.184379481728650403e-03 2.590441736850164426e-06
6.563989134999999806e+03 1.183592393805802442e-03 2.590441736850164426e-06
6.571986104999999952e+03 1.184620143221227790e-03 2.590441736850164426e-06
6.579983075000000099e+03 1.184348378676103493e-03 2.590441736850164426e-06
6.587980045000000246e+03 1.189027115846191199e-03 2.590441736850164426e-06
6.595977015000000392e+03 1.203454805161031666e-03 2.590441736850164426e-06
6.603973985000000539e+03 1.218520838548626216e-03 2.590441736850164426e-06
6.611970954999999776e+03 1.219563315960271298e-03 2.590441736850164426e-06
6.619967924999999923e+03 1.204274462478957010e-03 2.590441736850164426e-06
6.627964895000000070e+03 1.194288165636313206e-03 2.590441736850164426e-06
6.635961865000000216e+03 1.174141965787493238e-03 2.590441736850164426e-06
6.643958834999999453e+03 1.147459825645466688e-03 2.590441736850164426e-06
6.651955804999999600e+03 1.121032761309117415e-03 2.590441736850164426e-06
6.659952774999999747e+03 1.096125069608254584e-03 2.590441736850164426e-06
6.667949744999999893e+03 1.064452744155093252e-03 2.590441736850164426e-06
6.675946715000000040e+03 1.054459529568573667e-03 2.590441736850164426e-06
6.683943685000000187e+03 1.039848958440691296e-03 2.590441736850164426e-06
6.691940655000000334e+03 1.019858756043310428e-03 2.590441736850164426e-06
6.699937624999999571e+03 1.017782441957924746e-03 2.590441736850164426e-06
6.707934594999999717e+03 1.013296683579351012e-03 2.590441736850164426e-06
6.715931564999999864e+03 1.007019173108742024e-03 2.590441736850164426e-06
6.723928535000000011e+03 1.003657912854875054e-03 2.590441736850164426e-06
6.731925505000000157e+03 9.976374368391102438e-04 2.590441736850164426e-06
6.739922474999999395e+03 9.973923922967369189e-04 2.590441736850164426e-06
6.747919444999999541e+03 9.988447754481237159e-04 2.590441736850164426e-06
6.755916414999999688e+03 9.893254357870705923e-04 2.590441736850164426e-06
6.763913384999999835e+03 9.920493887522275137e-04 2.590441736850164426e-06
6.771910354999999981e+03 9.832344841007826120e-04 2.590441736850164426e-06
6.779907325000000128e+03 9.860198030636534248e-04 2.590441736850164426e-06
6.787904295000000275e+03 9.798862280340978059e-04 2.590441736850164426e-06
6.795901264999999512e+03 9.824995373447829947e-04 2.590441736850164426e-06
6.803898234999999659e+03 9.826050795363231675e-04 2.590441736850164426e-06
6.811895204999999805e+03 9.768886538000459783e-04 2.590441736850164426e-06
6.819892174999999952e+03 9.722373381339857994e-04 2.590441736850164426e-06
6.827889145000000099e+03 9.719950199156090044e-04 2.590441736850164426e-06
6.835886114999999336e+03 9.665934801099994658e-04 2.590441736850164426e-06
6.843883084999999483e+03 9.598852386418421298e-04 2.590441736850164426e-06
6.851880054999999629e+03 9.612885361133442861e-04 2.590441736850164426e-06
6.859877024999999776e+03 9.594886246351727816e-04 2.590441736850164426e-06
6.867873994999999923e+03 9.570950642200499970e-04 2.590441736850164426e-06
6.875870965000000069e+03 9.500852740470683852e-04 2.590441736850164426e-06
6.883867935000000216e+03 9.536515421034136124e-04 2.590441736850164426e-06
6.891864904999999453e+03 9.465341764333014144e-04 2.590441736850164426e-06
6.899861874999999600e+03 9.431255910777514755e-04 2.590441736850164426e-06
6.907858844999999747e+03 9.413080144580653541e-04 2.590441736850164426e-06
6.915855814999999893e+03 9.431329575870782715e-04 2.590441736850164426e-06
6.923852784999999130e+03 9.371719366215696800e-04 2.590441736850164426e-06
6.931849754999999277e+03 9.347718282248840055e-04 2.590441736850164426e-06
6.939846724999999424e+03 9.310409462706533638e-04 2.590441736850164426e-06
6.947843694999999570e+03 9.344495290021381665e-04 2.590441736850164426e-06
6.955840664999999717e+03 9.285393233010394041e-04 2.590441736850164426e-06
6.963837634999999864e+03 9.230831253650111220e-04 2.590441736850164426e-06
6.971834605000000010e+03 9.245405883911202854e-04 2.590441736850164426e-06
6.979831575000000157e+03 9.193537030696864861e-04 2.590441736850164426e-06
6.987828544999999394e+03 9.186715937550265099e-04 2.590441736850164426e-06
6.995825514999999541e+03 9.094457917107167787e-04 2.590441736850164426e-06
