6.204125485000000481e+03 1.217238975252930540e-03 2.590441736850164426e-06
6.212122455000000627e+03 1.215367228226348377e-03 2.590441736850164426e-06
6.220119425000000774e+03 1.212053253230624449e-03 2.590441736850164426e-06
6.228116395000000011e+03 1.211694622645615111e-03 2.590441736850164426e-06
6.236113365000000158e+03 1.205351707669897413e-03 2.590441736850164426e-06
6.244110335000000305e+03 1.203276576016398943e-03 2.590441736850164426e-06
6.252107305000000451e+03 1.198009190877385392e-03 2.590441736850164426e-06
6.260104275000000598e+03 1.206575687145314485e-03 2.590441736850164426e-06
6.268101244999999835e+03 1.200926034708978043e-03 2.590441736850164426e-06
6.276098214999999982e+03 1.189076326313982844e-03 2.590441736850164426e-06
6.284095185000000129e+03 1.187410922193344112e-03 2.590441736850164426e-06
6.292092155000000275e+03 1.183605591908661742e-03 2.590441736850164426e-06
6.300089125000000422e+03 1.184472272751212673e-03 2.590441736850164426e-06
6.308086095000000569e+03 1.179182658629147505e-03 2.590441736850164426e-06
6.316083065000000715e+03 1.177907056250991451e-03 2.590441736850164426e-06
6.324080034999999953e+03 1.175618034784464607e-03 2.590441736850164426e-06
6.332077005000000099e+03 1.172508228796424138e-03 2.590441736850164426e-06
6.340073975000000246e+03 1.164810035325205282e-03 2.590441736850164426e-06
6.348070945000000393e+03 1.157230012049281255e-03 2.590441736850164426e-06
6.356067915000000539e+03 1.159944200041814269e-03 2.590441736850164426e-06
6.364064884999999776e+03 1.150841586291429788e-03 2.590441736850164426e-06
6.372061854999999923e+03 1.149477952912760512e-03 2.590441736850164426e-06
6.380058825000000070e+03 1.146915191595011428e-03 2.590441736850164426e-06
6.388055795000000217e+03 1.151512543294209252e-03 2.590441736850164426e-06
6.396052765000000363e+03 1.144489498375131148e-03 2.590441736850164426e-06
6.404049735000000510e+03 1.134264202508072006e-03 2.590441736850164426e-06
6.412046705000000657e+03 1.133547663076678140e-03 2.590441736850164426e-06
6.420043674999999894e+03 1.141031078727426521e-03 2.590441736850164426e-06
6.428040645000000040e+03 1.138522361092086021e-03 2.590441736850164426e-06
6.436037615000000187e+03 1.144669945036957612e-03 2.590441736850164426e-06
6.444034585000000334e+03 1.145314093731083583e-03 2.590441736850164426e-06
6.452031555000000481e+03 1.150164532737334893e-03 2.590441736850164426e-06
6.460028524999999718e+03 1.160152419406016008e-03 2.590441736850164426e-06
6.468025494999999864e+03 1.177471158652114696e-03 2.590441736850164426e-06
6.476022465000000011e+03 1.176483167835196565e-03 2.590441736850164426e-06
6.484019435000000158e+03 1.199920552115473285e-03 2.590441736850164426e-06
6.492016405000000304e+03 1.211808429623171873e-03 2.590441736850164426e-06
6.500013375000000451e+03 1.234856194765799079e-03 2.590441736850164426e-06
6.508010345000000598e+03 1.255425496324903169e-03 2.590441736850164426e-06
6.516007314999999835e+03 1.254449358132190282e-03 2.590441736850164426e-06
6.524004284999999982e+03 1.244714482607986840e-03 2.590441736850164426e-06
6.532001255000000128e+03 1.236599497026406912e-03 2.590441736850164426e-06
6.539998225000000275e+03 1.215880802104019835e-03 2.590441736850164426e-06
6.547995194999999512e+03 1.215839533038030190e-03 2.590441736850164426e-06
6.555992164999999659e+03 1.208503855501061146e-03 2.590441736850164426e-06
6.563989134999999806e+03 1.207860026773206535e-03 2.590441736850164426e-06
6.571986104999999952e+03 1.211326603765426960e-03 2.590441736850164426e-06
6.579983075000000099e+03 1.203810410167049233e-03 2.590441736850164426e-06
6.587980045000000246e+03 1.210567232271217734e-03 2.590441736850164426e-06
6.595977015000000392e+03 1.232228360323277434e-03 2.590441736850164426e-06
6.603973985000000539e+03 1.245061443100562316e-03 2.590441736850164426e-06
6.611970954999999776e+03 1.244149733656783928e-03 2.590441736850164426e-06
6.619967924999999923e+03 1.235129749018355544e-03 2.590441736850164426e-06
6.627964895000000070e+03 1.218031625514578347e-03 2.590441736850164426e-06
6.635961865000000216e+03 1.195920408838881859e-03 2.590441736850164426e-06
6.643958834999999453e+03 1.161121482567359538e-03 2.590441736850164426e-06
6.651955804999999600e+03 1.142538534811307020e-03 2.590441736850164426e-06
6.659952774999999747e+03 1.117869178451491065e-03 2.590441736850164426e-06
6.667949744999999893e+03 1.092238685458925664e-03 2.590441736850164426e-06
6.675946715000000040e+03 1.087268569185749706e-03 2.590441736850164426e-06
6.683943685000000187e+03 1.071905750545707782e-03 2.590441736850164426e-06
6.691940655000000334e+03 1.052210883467115041e-03 2.590441736850164426e-06
6.699937624999999571e+03 1.046661214217987912e-03 2.590441736850164426e-06
6.707934594999999717e+03 1.038254118389651337e-03 2.590441736850164426e-06
6.715931564999999864e+03 1.034589877550820027e-03 2.590441736850164426e-06
6.723928535000000011e+03 1.025433384137092868e-03 2.590441736850164426e-06
6.731925505000000157e+03 1.021543662408335622e-03 2.590441736850164426e-06
6.739922474999999395e+03 1.018489087584403948e-03 2.590441736850164426e-06
6.747919444999999541e+03 1.014743476772104677e-03 2.590441736850164426e-06
6.755916414999999688e+03 1.016808053075855464e-03 2.590441736850164426e-06
6.763913384999999835e+03 1.011928572515352880e-03 2.590441736850164426e-06
6.771910354999999981e+03 1.007676336739165299e-03 2.590441736850164426e-06
6.779907325000000128e+03 1.008481896782104613e-03 2.590441736850164426e-06
6.787904295000000275e+03 1.006404063832485110e-03 2.590441736850164426e-06
6.795901264999999512e+03 1.004686726699007470e-03 2.590441736850164426e-06
6.803898234999999659e+03 9.990480437753403338e-04 2.590441736850164426e-06
6.811895204999999805e+03 9.963651242238071633e-04 2.590441736850164426e-06
6.819892174999999952e+03 9.970170220482111288e-04 2.590441736850164426e-06
6.827889145000000099e+03 9.912667831142153805e-04 2.590441736850164426e-06
6.835886114999999336e+03 9.894856342954117846e-04 2.590441736850164426e-06
6.843883084999999483e+03 9.879626187285111324e-04 2.590441736850164426e-06
6.851880054999999629e+03 9.847818869644384219e-04 2.590441736850164426e-06
6.859877024999999776e+03 9.810902090987589242e-04 2.590441736850164426e-06
6.867873994999999923e+03 9.789722450230071375e-04 2.590441736850164426e-06
6.875870965000000069e+03 9.715302171581035283e-04 2.590441736850164426e-06
6.883867935000000216e+03 9.750531047408363692e-04 2.590441736850164426e-06
6.891864904999999453e+03 9.676236709780632874e-04 2.590441736850164426e-06
6.899861874999999600e+03 9.702574318814862799e-04 2.590441736850164426e-06
6.907858844999999747e+03 9.653950387937768616e-04 2.590441736850164426e-06
6.915855814999999893e+03 9.576756759062201620e-04 2.590441736850164426e-06
6.923852784999999130e+03 9.580661673958879888e-04 2.590441736850164426e-06
6.931849754999999277e+03 9.564929550369791634e-04 2.590441736850164426e-06
6.939846724999999424e+03 9.508198354083923030e-04 2.590441736850164426e-06
6.947843694999999570e+03 9.454440641581192840e-04 2.590441736850164426e-06
6.955840664999999717e+03 9.476748065871918062e-04 2.590441736850164426e-06
6.963837634999999864e+03 9.394044995629735823e-04 2.590441736850164426e-06
6.971834605000000010e+03 9.435026155353097143e-04 2.590441736850164426e-06
6.979831575000000157e+03 9.400178878000431393e-04 2.590441736850164426e-06
6.987828544999999394e+03 9.301764603907865898e-04 2.590441736850164426e-06
6.995825514999999541e+03 9.319896292862118277e-04 2.590441736850164426e-06
