6.204125485000000481e+03 1.214462478514924003e-03 2.590441736850164426e-06
6.212122455000000627e+03 1.206995921685261302e-03 2.590441736850164426e-06
6.220119425000000774e+03 1.207127650030228325e-03 2.590441736850164426e-06
6.228116395000000011e+03 1.206244049118155052e-03 2.590441736850164426e-06
6.236113365000000158e+03 1.203500377719100714e-03 2.590441736850164426e-06
6.244110335000000305e+03 1.195610236389618546e-03 2.590441736850164426e-06
6.252107305000000451e+03 1.199806269914742776e-03 2.590441736850164426e-06
6.260104275000000598e+03 1.197465418174180384e-03 2.590441736850164426e-06
6.268101244999999835e+03 1.190701422479623940e-03 2.590441736850164426e-06
6.276098214999999982e+03 1.184878617416261016e-03 2.590441736850164426e-06
6.284095185000000129e+03 1.179889508084487181e-03 2.590441736850164426e-06
6.292092155000000275e+03 1.183474370453457521e-03 2.590441736850164426e-06
6.300089125000000422e+03 1.179380239142009418e-03 2.590441736850164426e-06
6.308086095000000569e+03 1.173923739370475762e-03 2.590441736850164426e-06
6.316083065000000715e+03 1.171051961931504279e-03 2.590441736850164426e-06
6.324080034999999953e+03 1.166366426390985514e-03 2.590441736850164426e-06
6.332077005000000099e+03 1.165009338566682122e-03 2.590441736850164426e-06
6.340073975000000246e+03 1.161792495543010739e-03 2.590441736850164426e-06
6.348070945000000393e+03 1.156492825108473366e-03 2.590441736850164426e-06
6.356067915000000539e+03 1.153365548148246574e-03 2.590441736850164426e-06
6.364064884999999776e+03 1.145045712239409728e-03 2.590441736850164426e-06
6.372061854999999923e+03 1.144698056967141057e-03 2.590441736850164426e-06
6.380058825000000070e+03 1.139401438228852250e-03 2.590441736850164426e-06
6.388055795000000217e+03 1.141630948612241958e-03 2.590441736850164426e-06
6.396052765000000363e+03 1.136770687193221869e-03 2.590441736850164426e-06
6.404049735000000510e+03 1.134709075993071232e-03 2.590441736850164426e-06
6.412046705000000657e+03 1.132103461564715457e-03 2.590441736850164426e-06
6.420043674999999894e+03 1.129842308442758139e-03 2.590441736850164426e-06
6.428040645000000040e+03 1.134780626179736915e-03 2.590441736850164426e-06
6.436037615000000187e+03 1.140557692490727897e-03 2.590441736850164426e-06
6.444034585000000334e+03 1.137144976477103258e-03 2.590441736850164426e-06
6.452031555000000481e+03 1.149246591361374401e-03 2.590441736850164426e-06
6.460028524999999718e+03 1.153174036442874409e-03 2.590441736850164426e-06
6.468025494999999864e+03 1.166648320264687981e-03 2.590441736850164426e-06
6.476022465000000011e+03 1.178261843001773314e-03 2.590441736850164426e-06
6.484019435000000158e+03 1.196095419346899971e-03 2.590441736850164426e-06
6.492016405000000304e+03 1.215519873141917033e-03 2.590441736850164426e-06
6.500013375000000451e+03 1.224635458281004034e-03 2.590441736850164426e-06
6.508010345000000598e+03 1.237817791234658302e-03 2.590441736850164426e-06
6.516007314999999835e+03 1.243171595459311796e-03 2.590441736850164426e-06
6.524004284999999982e+03 1.234265464550700440e-03 2.590441736850164426e-06
6.532001255000000128e+03 1.212452388335411501e-03 2.590441736850164426e-06
6.539998225000000275e+03 1.201620106474809253e-03 2.590441736850164426e-06
6.547995194999999512e+03 1.197531314302700996e-03 2.590441736850164426e-06
6.555992164999999659e+03 1.197002049704262803e-03 2.590441736850164426e-06
6.563989134999999806e+03 1.199014397012433545e-03 2.590441736850164426e-06
6.571986104999999952e+03 1.197633986205402963e-03 2.590441736850164426e-06
6.579983075000000099e+03 1.195712256427854244e-03 2.590441736850164426e-06
6.587980045000000246e+03 1.205992455078479372e-03 2.590441736850164426e-06
6.595977015000000392e+03 1.215791319547786372e-03 2.590441736850164426e-06
6.603973985000000539e+03 1.229643890529342207e-03 2.590441736850164426e-06
6.611970954999999776e+03 1.238494972788639712e-03 2.590441736850164426e-06
6.619967924999999923e+03 1.227848239387729825e-03 2.590441736850164426e-06
6.627964895000000070e+03 1.211466204264783275e-03 2.590441736850164426e-06
6.635961865000000216e+03 1.192689850261992573e-03 2.590441736850164426e-06
6.643958834999999453e+03 1.160499034106095935e-03 2.590441736850164426e-06
6.651955804999999600e+03 1.133880651922503481e-03 2.590441736850164426e-06
6.659952774999999747e+03 1.111397849520045101e-03 2.590441736850164426e-06
6.667949744999999893e+03 1.093768830966155214e-03 2.590441736850164426e-06
6.675946715000000040e+03 1.084015405141678691e-03 2.590441736850164426e-06
6.683943685000000187e+03 1.065088345097333364e-03 2.590441736850164426e-06
6.691940655000000334e+03 1.057129413200601957e-03 2.590441736850164426e-06
6.699937624999999571e+03 1.043051946644204782e-03 2.590441736850164426e-06
6.707934594999999717e+03 1.039959306762590178e-03 2.590441736850164426e-06
6.715931564999999864e+03 1.028070662853772374e-03 2.590441736850164426e-06
6.723928535000000011e+03 1.021587639472491035e-03 2.590441736850164426e-06
6.731925505000000157e+03 1.015773440219574532e-03 2.590441736850164426e-06
6.739922474999999395e+03 1.017884256352486047e-03 2.590441736850164426e-06
6.747919444999999541e+03 1.013177824950426201e-03 2.590441736850164426e-06
6.755916414999999688e+03 1.015103982366590257e-03 2.590441736850164426e-06
6.763913384999999835e+03 1.006509285328835261e-03 2.590441736850164426e-06
6.771910354999999981e+03 1.006607646179269455e-03 2.590441736850164426e-06
6.779907325000000128e+03 1.002997800514029677e-03 2.590441736850164426e-06
6.787904295000000275e+03 1.001419421165359236e-03 2.590441736850164426e-06
6.795901264999999512e+03 9.990536976259118632e-04 2.590441736850164426e-06
6.803898234999999659e+03 9.981837483477814556e-04 2.590441736850164426e-06
6.811895204999999805e+03 9.947650746156321347e-04 2.590441736850164426e-06
6.819892174999999952e+03 9.927511862645674052e-04 2.590441736850164426e-06
6.827889145000000099e+03 9.869567378352672640e-04 2.590441736850164426e-06
6.835886114999999336e+03 9.890361934764778894e-04 2.590441736850164426e-06
6.843883084999999483e+03 9.803402270913876958e-04 2.590441736850164426e-06
6.851880054999999629e+03 9.762875343166765689e-04 2.590441736850164426e-06
6.859877024999999776e+03 9.756427628356388214e-04 2.590441736850164426e-06
6.867873994999999923e+03 9.770383762942474494e-04 2.590441736850164426e-06
6.875870965000000069e+03 9.734960711003630288e-04 2.590441736850164426e-06
6.883867935000000216e+03 9.647286437741883465e-04 2.590441736850164426e-06
6.891864904999999453e+03 9.647591739380451028e-04 2.590441736850164426e-06
6.899861874999999600e+03 9.649455162754923395e-04 2.590441736850164426e-06
6.907858844999999747e+03 9.556089075250233811e-04 2.590441736850164426e-06
6.915855814999999893e+03 9.551810306184160479e-04 2.590441736850164426e-06
6.923852784999999130e+03 9.510545436658480230e-04 2.590441736850164426e-06
6.931849754999999277e+03 9.550141054398008939e-04 2.590441736850164426e-06
6.939846724999999424e+03 9.471346077176701073e-04 2.590441736850164426e-06
6.947843694999999570e+03 9.470057060355912149e-04 2.590441736850164426e-06
6.955840664999999717e+03 9.454395383525636583e-04 2.590441736850164426e-06
6.963837634999999864e+03 9.390081099778304101e-04 2.590441736850164426e-06
6.971834605000000010e+03 9.375026863627781331e-04 2.590441736850164426e-06
6.979831575000000157e+03 9.312571134006684178e-04 2.590441736850164426e-06
6.987828544999999394e+03 9.300787143332081260e-04 2.590441736850164426e-06
6.995825514999999541e+03 9.294605756688696782e-04 2.590441736850164426e-06
