6.204125485000000481e+03 1.558098399607813151e-03 2.590441736850164426e-06
6.212122455000000627e+03 1.557442379210054661e-03 2.590441736850164426e-06
6.220119425000000774e+03 1.546631538827005284e-03 2.590441736850164426e-06
6.228116395000000011e+03 1.550196931412567945e-03 2.590441736850164426e-06
6.236113365000000158e+03 1.545780882209607738e-03 2.590441736850164426e-06
6.244110335000000305e+03 1.538905431031536986e-03 2.590441736850164426e-06
6.252107305000000451e+03 1.534739648560560533e-03 2.590441736850164426e-06
6.260104275000000598e+03 1.534865685586352720e-03 2.590441736850164426e-06
6.268101244999999835e+03 1.527588884819129503e-03 2.590441736850164426e-06
6.276098214999999982e+03 1.523254344545755352e-03 2.590441736850164426e-06
6.284095185000000129e+03 1.517178942606813019e-03 2.590441736850164426e-06
6.292092155000000275e+03 1.514911245694459431e-03 2.590441736850164426e-06
6.300089125000000422e+03 1.510418705105391092e-03 2.590441736850164426e-06
6.308086095000000569e+03 1.508839179529630845e-03 2.590441736850164426e-06
6.316083065000000715e+03 1.503237078084037432e-03 2.590441736850164426e-06
6.324080034999999953e+03 1.497734496707128033e-03 2.590441736850164426e-06
6.332077005000000099e+03 1.496773356572845106e-03 2.590441736850164426e-06
6.340073975000000246e+03 1.494185550873062748e-03 2.590441736850164426e-06
6.348070945000000393e+03 1.489544350294298540e-03 2.590441736850164426e-06
6.356067915000000539e+03 1.480904378511830937e-03 2.590441736850164426e-06
6.364064884999999776e+03 1.481407774437055840e-03 2.590441736850164426e-06
6.372061854999999923e+03 1.475679028829607244e-03 2.590441736850164426e-06
6.380058825000000070e+03 1.471147257198274520e-03 2.590441736850164426e-06
6.388055795000000217e+03 1.467859649861668128e-03 2.590441736850164426e-06
6.396052765000000363e+03 1.470428689769156909e-03 2.590441736850164426e-06
6.404049735000000510e+03 1.457399927592096514e-03 2.590441736850164426e-06
6.412046705000000657e+03 1.461251234764275294e-03 2.590441736850164426e-06
6.420043674999999894e+03 1.463696815444330557e-03 2.590441736850164426e-06
6.428040645000000040e+03 1.457664991288476009e-03 2.590441736850164426e-06
6.436037615000000187e+03 1.471361365614428079e-03 2.590441736850164426e-06
6.444034585000000334e+03 1.463285924996770302e-03 2.590441736850164426e-06
6.452031555000000481e+03 1.468004418327471588e-03 2.590441736850164426e-06
6.460028524999999718e+03 1.474330265699703383e-03 2.590441736850164426e-06
6.468025494999999864e+03 1.483503166571999632e-03 2.590441736850164426e-06
6.476022465000000011e+03 1.494025379899465789e-03 2.590441736850164426e-06
6.484019435000000158e+03 1.511201532283804700e-03 2.590441736850164426e-06
6.492016405000000304e+03 1.524075902547236986e-03 2.590441736850164426e-06
6.500013375000000451e+03 1.542833822987063662e-03 2.590441736850164426e-06
6.508010345000000598e+03 1.563182237499042117e-03 2.590441736850164426e-06
6.516007314999999835e+03 1.563888577696279092e-03 2.590441736850164426e-06
6.524004284999999982e+03 1.562195062515512461e-03 2.590441736850164426e-06
6.532001255000000128e+03 1.540701857232167201e-03 2.590441736850164426e-06
6.539998225000000275e+03 1.525871785434042716e-03 2.590441736850164426e-06
6.547995194999999512e+03 1.516324837671934088e-03 2.590441736850164426e-06
6.555992164999999659e+03 1.515987174955992292e-03 2.590441736850164426e-06
6.563989134999999806e+03 1.523127599197716172e-03 2.590441736850164426e-06
6.571986104999999952e+03 1.516414992086777529e-03 2.590441736850164426e-06
6.579983075000000099e+03 1.517376023398043670e-03 2.590441736850164426e-06
6.587980045000000246e+03 1.523934534069826567e-03 2.590441736850164426e-06
6.595977015000000392e+03 1.538745251683331944e-03 2.590441736850164426e-06
6.603973985000000539e+03 1.553223565214753967e-03 2.590441736850164426e-06
6.611970954999999776e+03 1.554340327337330610e-03 2.590441736850164426e-06
6.619967924999999923e+03 1.540758709762362092e-03 2.590441736850164426e-06
6.627964895000000070e+03 1.513214996105890836e-03 2.590441736850164426e-06
6.635961865000000216e+03 1.489952164336817274e-03 2.590441736850164426e-06
6.643958834999999453e+03 1.463525106119499932e-03 2.590441736850164426e-06
6.651955804999999600e+03 1.437794887233876046e-03 2.590441736850164426e-06
6.659952774999999747e+03 1.411918590156055172e-03 2.590441736850164426e-06
6.667949744999999893e+03 1.391540742068871767e-03 2.590441736850164426e-06
6.675946715000000040e+03 1.384928622349786186e-03 2.590441736850164426e-06
6.683943685000000187e+03 1.378075256133395833e-03 2.590441736850164426e-06
6.691940655000000334e+03 1.351647821860982790e-03 2.590441736850164426e-06
6.699937624999999571e+03 1.344944647130912052e-03 2.590441736850164426e-06
6.707934594999999717e+03 1.339848992335577679e-03 2.590441736850164426e-06
6.715931564999999864e+03 1.323916808408354216e-03 2.590441736850164426e-06
6.723928535000000011e+03 1.316940837477347838e-03 2.590441736850164426e-06
6.731925505000000157e+03 1.322253980110543303e-03 2.590441736850164426e-06
6.739922474999999395e+03 1.311294426421681343e-03 2.590441736850164426e-06
6.747919444999999541e+03 1.304200639582360531e-03 2.590441736850164426e-06
6.755916414999999688e+03 1.303328997137900760e-03 2.590441736850164426e-06
6.763913384999999835e+03 1.297057326363621789e-03 2.590441736850164426e-06
6.771910354999999981e+03 1.294588111382121353e-03 2.590441736850164426e-06
6.779907325000000128e+03 1.292350059426365140e-03 2.590441736850164426e-06
6.787904295000000275e+03 1.286129082918510171e-03 2.590441736850164426e-06
6.795901264999999512e+03 1.279520640200132843e-03 2.590441736850164426e-06
6.803898234999999659e+03 1.281797238130679339e-03 2.590441736850164426e-06
6.811895204999999805e+03 1.276453031957050597e-03 2.590441736850164426e-06
6.819892174999999952e+03 1.272041197781719401e-03 2.590441736850164426e-06
6.827889145000000099e+03 1.273558864658334020e-03 2.590441736850164426e-06
6.835886114999999336e+03 1.269306028705409787e-03 2.590441736850164426e-06
6.843883084999999483e+03 1.264409431148677933e-03 2.590441736850164426e-06
6.851880054999999629e+03 1.258998985028090666e-03 2.590441736850164426e-06
6.859877024999999776e+03 1.250958149956536269e-03 2.590441736850164426e-06
6.867873994999999923e+03 1.254930641669621538e-03 2.590441736850164426e-06
6.875870965000000069e+03 1.246909509591222556e-03 2.590441736850164426e-06
6.883867935000000216e+03 1.243681197865230230e-03 2.590441736850164426e-06
6.891864904999999453e+03 1.239007903979244844e-03 2.590441736850164426e-06
6.899861874999999600e+03 1.232914919394778727e-03 2.590441736850164426e-06
6.907858844999999747e+03 1.231967353730630769e-03 2.590441736850164426e-06
6.915855814999999893e+03 1.231398826157114375e-03 2.590441736850164426e-06
6.923852784999999130e+03 1.226864286154681367e-03 2.590441736850164426e-06
6.931849754999999277e+03 1.224404808605065835e-03 2.590441736850164426e-06
6.939846724999999424e+03 1.219197413702649384e-03 2.590441736850164426e-06
6.947843694999999570e+03 1.212324629082879406e-03 2.590441736850164426e-06
6.955840664999999717e+03 1.213930819051059398e-03 2.590441736850164426e-06
6.963837634999999864e+03 1.208126746169199033e-03 2.590441736850164426e-06
6.971834605000000010e+03 1.202396093156537712e-03 2.590441736850164426e-06
6.979831575000000157e+03 1.198700117279403229e-03 2.590441736850164426e-06
6.987828544999999394e+03 1.201081300269824740e-03 2.590441736850164426e-06
6.995825514999999541e+03 1.195181744589631726e-03 2.590441736850164426e-06
