6.204125485000000481e+03 1.473371858994130396e-03 2.590441736850164426e-06
6.212122455000000627e+03 1.470443695866871384e-03 2.590441736850164426e-06
6.220119425000000774e+03 1.463944176189260239e-03 2.590441736850164426e-06
6.228116395000000011e+03 1.459133496142646759e-03 2.590441736850164426e-06
6.236113365000000158e+03 1.458853194976967270e-03 2.590441736850164426e-06
6.244110335000000305e+03 1.454641744808997687e-03 2.590441736850164426e-06
6.252107305000000451e+03 1.449672187537168243e-03 2.590441736850164426e-06
6.260104275000000598e+03 1.447298769195110024e-03 2.590441736850164426e-06
6.268101244999999835e+03 1.442860717241014213e-03 2.590441736850164426e-06
6.276098214999999982e+03 1.438578485056455974e-03 2.590441736850164426e-06
6.284095185000000129e+03 1.437596123056638416e-03 2.590441736850164426e-06
6.292092155000000275e+03 1.433959357997083859e-03 2.590441736850164426e-06
6.300089125000000422e+03 1.427738241132777385e-03 2.590441736850164426e-06
6.308086095000000569e+03 1.424767290976097561e-03 2.590441736850164426e-06
6.316083065000000715e+03 1.416883637636727131e-03 2.590441736850164426e-06
6.324080034999999953e+03 1.415837382952114549e-03 2.590441736850164426e-06
6.332077005000000099e+03 1.411082952097134123e-03 2.590441736850164426e-06
6.340073975000000246e+03 1.411284932022588727e-03 2.590441736850164426e-06
6.348070945000000393e+03 1.406115177702224562e-03 2.590441736850164426e-06
6.356067915000000539e+03 1.399248188682492011e-03 2.590441736850164426e-06
6.364064884999999776e+03 1.397300853209518853e-03 2.590441736850164426e-06
6.372061854999999923e+03 1.394155020731872386e-03 2.590441736850164426e-06
6.380058825000000070e+03 1.392105441896797618e-03 2.590441736850164426e-06
6.388055795000000217e+03 1.388335106532340548e-03 2.590441736850164426e-06
6.396052765000000363e+03 1.381801948431665662e-03 2.590441736850164426e-06
6.404049735000000510e+03 1.380306738978639113e-03 2.590441736850164426e-06
6.412046705000000657e+03 1.376790790134107580e-03 2.590441736850164426e-06
6.420043674999999894e+03 1.376151276081026466e-03 2.590441736850164426e-06
6.428040645000000040e+03 1.380185382223355099e-03 2.590441736850164426e-06
6.436037615000000187e+03 1.383472264935295230e-03 2.590441736850164426e-06
6.444034585000000334e+03 1.380391173599766850e-03 2.590441736850164426e-06
6.452031555000000481e+03 1.387080314477816571e-03 2.590441736850164426e-06
6.460028524999999718e+03 1.398896870409806030e-03 2.590441736850164426e-06
6.468025494999999864e+03 1.404619413353978396e-03 2.590441736850164426e-06
6.476022465000000011e+03 1.422074643346610528e-03 2.590441736850164426e-06
6.484019435000000158e+03 1.435968333153959638e-03 2.590441736850164426e-06
6.492016405000000304e+03 1.451783038537404714e-03 2.590441736850164426e-06
6.500013375000000451e+03 1.460303676405675646e-03 2.590441736850164426e-06
6.508010345000000598e+03 1.468570065883896417e-03 2.590441736850164426e-06
6.516007314999999835e+03 1.479631737661910636e-03 2.590441736850164426e-06
6.524004284999999982e+03 1.478433184990503519e-03 2.590441736850164426e-06
6.532001255000000128e+03 1.463335957089694894e-03 2.590441736850164426e-06
6.539998225000000275e+03 1.455054717748818175e-03 2.590441736850164426e-06
6.547995194999999512e+03 1.447610980287860434e-03 2.590441736850164426e-06
6.555992164999999659e+03 1.434765020224908726e-03 2.590441736850164426e-06
6.563989134999999806e+03 1.435976632354678218e-03 2.590441736850164426e-06
6.571986104999999952e+03 1.435961501433234483e-03 2.590441736850164426e-06
6.579983075000000099e+03 1.441482401604346139e-03 2.590441736850164426e-06
6.587980045000000246e+03 1.439127590292253343e-03 2.590441736850164426e-06
6.595977015000000392e+03 1.459264571186308368e-03 2.590441736850164426e-06
6.603973985000000539e+03 1.466657826724200066e-03 2.590441736850164426e-06
6.611970954999999776e+03 1.467040672310192294e-03 2.590441736850164426e-06
6.619967924999999923e+03 1.456276479409347561e-03 2.590441736850164426e-06
6.627964895000000070e+03 1.434216905861323112e-03 2.590441736850164426e-06
6.635961865000000216e+03 1.413421777080853866e-03 2.590441736850164426e-06
6.643958834999999453e+03 1.391053578563822019e-03 2.590441736850164426e-06
6.651955804999999600e+03 1.360589219669699687e-03 2.590441736850164426e-06
6.659952774999999747e+03 1.339671467948930217e-03 2.590441736850164426e-06
6.667949744999999893e+03 1.321568626158585013e-03 2.590441736850164426e-06
6.675946715000000040e+03 1.305208289044527221e-03 2.590441736850164426e-06
6.683943685000000187e+03 1.290605246659520507e-03 2.590441736850164426e-06
6.691940655000000334e+03 1.278745580680330394e-03 2.590441736850164426e-06
6.699937624999999571e+03 1.264791884362382506e-03 2.590441736850164426e-06
6.707934594999999717e+03 1.256742291461779336e-03 2.590441736850164426e-06
6.715931564999999864e+03 1.251276443528978903e-03 2.590441736850164426e-06
6.723928535000000011e+03 1.239573362945369829e-03 2.590441736850164426e-06
6.731925505000000157e+03 1.235609641583520395e-03 2.590441736850164426e-06
6.739922474999999395e+03 1.233257791065578250e-03 2.590441736850164426e-06
6.747919444999999541e+03 1.234604230397952709e-03 2.590441736850164426e-06
6.755916414999999688e+03 1.230062947174965929e-03 2.590441736850164426e-06
6.763913384999999835e+03 1.226779529171049101e-03 2.590441736850164426e-06
6.771910354999999981e+03 1.219356778479758954e-03 2.590441736850164426e-06
6.779907325000000128e+03 1.219136777381634763e-03 2.590441736850164426e-06
6.787904295000000275e+03 1.214875604329531972e-03 2.590441736850164426e-06
6.795901264999999512e+03 1.211780254504135190e-03 2.590441736850164426e-06
6.803898234999999659e+03 1.211189290903280083e-03 2.590441736850164426e-06
6.811895204999999805e+03 1.198885244255159296e-03 2.590441736850164426e-06
6.819892174999999952e+03 1.203263704842973255e-03 2.590441736850164426e-06
6.827889145000000099e+03 1.198293847172305629e-03 2.590441736850164426e-06
6.835886114999999336e+03 1.197417926436368258e-03 2.590441736850164426e-06
6.843883084999999483e+03 1.186427285291633514e-03 2.590441736850164426e-06
6.851880054999999629e+03 1.183914358141271300e-03 2.590441736850164426e-06
6.859877024999999776e+03 1.189066363220194064e-03 2.590441736850164426e-06
6.867873994999999923e+03 1.173931545059186390e-03 2.590441736850164426e-06
6.875870965000000069e+03 1.173294316837150989e-03 2.590441736850164426e-06
6.883867935000000216e+03 1.171880933723780946e-03 2.590441736850164426e-06
6.891864904999999453e+03 1.173548183139940882e-03 2.590441736850164426e-06
6.899861874999999600e+03 1.163200754570305846e-03 2.590441736850164426e-06
6.907858844999999747e+03 1.159333117366409798e-03 2.590441736850164426e-06
6.915855814999999893e+03 1.158008311873277721e-03 2.590441736850164426e-06
6.923852784999999130e+03 1.159252207751282479e-03 2.590441736850164426e-06
6.931849754999999277e+03 1.151521725153208499e-03 2.590441736850164426e-06
6.939846724999999424e+03 1.149459285016055706e-03 2.590441736850164426e-06
6.947843694999999570e+03 1.147293718238186124e-03 2.590441736850164426e-06
6.955840664999999717e+03 1.143792412649221463e-03 2.590441736850164426e-06
6.963837634999999864e+03 1.138613441052253004e-03 2.590441736850164426e-06
6.971834605000000010e+03 1.135521726910666005e-03 2.590441736850164426e-06
6.979831575000000157e+03 1.132669918689873734e-03 2.590441736850164426e-06
6.987828544999999394e+03 1.132806241155229774e-03 2.590441736850164426e-06
6.995825514999999541e+03 1.123126484634277052e-03 2.590441736850164426e-06
