6.204125485000000481e+03 1.583612350458929539e-03 2.590441736850164426e-06
6.212122455000000627e+03 1.581061163080153473e-03 2.590441736850164426e-06
6.220119425000000774e+03 1.576414493619754820e-03 2.590441736850164426e-06
6.228116395000000011e+03 1.570012456781973544e-03 2.590441736850164426e-06
6.236113365000000158e+03 1.568061120665513973e-03 2.590441736850164426e-06
6.244110335000000305e+03 1.567422412944245811e-03 2.590441736850164426e-06
6.252107305000000451e+03 1.563130156779225701e-03 2.590441736850164426e-06
6.260104275000000598e+03 1.556467520727218687e-03 2.590441736850164426e-06
6.268101244999999835e+03 1.553961380365158611e-03 2.590441736850164426e-06
6.276098214999999982e+03 1.550936492060542640e-03 2.590441736850164426e-06
6.284095185000000129e+03 1.546014242893745333e-03 2.590441736850164426e-06
6.292092155000000275e+03 1.546582496941849337e-03 2.590441736850164426e-06
6.300089125000000422e+03 1.539501442571752443e-03 2.590441736850164426e-06
6.308086095000000569e+03 1.533343857607477384e-03 2.590441736850164426e-06
6.316083065000000715e+03 1.533408702968101908e-03 2.590441736850164426e-06
6.324080034999999953e+03 1.530317485048947627e-03 2.590441736850164426e-06
6.332077005000000099e+03 1.524844145068904614e-03 2.590441736850164426e-06
6.340073975000000246e+03 1.520337714352645257e-03 2.590441736850164426e-06
6.348070945000000393e+03 1.512724180866321065e-03 2.590441736850164426e-06
6.356067915000000539e+03 1.507581635637644107e-03 2.590441736850164426e-06
6.364064884999999776e+03 1.504080239877535023e-03 2.590441736850164426e-06
6.372061854999999923e+03 1.494888359435722061e-03 2.590441736850164426e-06
6.380058825000000070e+03 1.493974604993144901e-03 2.590441736850164426e-06
6.388055795000000217e+03 1.492568925605311904e-03 2.590441736850164426e-06
6.396052765000000363e+03 1.489229462874754918e-03 2.590441736850164426e-06
6.404049735000000510e+03 1.489111251236052572e-03 2.590441736850164426e-06
6.412046705000000657e+03 1.487361767964344222e-03 2.590441736850164426e-06
6.420043674999999894e+03 1.485615816174783383e-03 2.590441736850164426e-06
6.428040645000000040e+03 1.487086259213603583e-03 2.590441736850164426e-06
6.436037615000000187e+03 1.491812425929342056e-03 2.590441736850164426e-06
6.444034585000000334e+03 1.490976437024389310e-03 2.590441736850164426e-06
6.452031555000000481e+03 1.493415406037988495e-03 2.590441736850164426e-06
6.460028524999999718e+03 1.506453948336489894e-03 2.590441736850164426e-06
6.468025494999999864e+03 1.513090017513689638e-03 2.590441736850164426e-06
6.476022465000000011e+03 1.525568980126955441e-03 2.590441736850164426e-06
6.484019435000000158e+03 1.539945762702836030e-03 2.590441736850164426e-06
6.492016405000000304e+03 1.554313868243444681e-03 2.590441736850164426e-06
6.500013375000000451e+03 1.568884621573491886e-03 2.590441736850164426e-06
6.508010345000000598e+03 1.577412316202037902e-03 2.590441736850164426e-06
6.516007314999999835e+03 1.578382658473540152e-03 2.590441736850164426e-06
6.524004284999999982e+03 1.586815208265206180e-03 2.590441736850164426e-06
6.532001255000000128e+03 1.573003649758951839e-03 2.590441736850164426e-06
6.539998225000000275e+03 1.551158153276872929e-03 2.590441736850164426e-06
6.547995194999999512e+03 1.541852761070786277e-03 2.590441736850164426e-06
6.555992164999999659e+03 1.541006849175603896e-03 2.590441736850164426e-06
6.563989134999999806e+03 1.537376538541487684e-03 2.590441736850164426e-06
6.571986104999999952e+03 1.538788357189297589e-03 2.590441736850164426e-06
6.579983075000000099e+03 1.534414945058388538e-03 2.590441736850164426e-06
6.587980045000000246e+03 1.543730039441662495e-03 2.590441736850164426e-06
6.595977015000000392e+03 1.558943262237954793e-03 2.590441736850164426e-06
6.603973985000000539e+03 1.564325254974800045e-03 2.590441736850164426e-06
6.611970954999999776e+03 1.569031526943780955e-03 2.590441736850164426e-06
6.619967924999999923e+03 1.553550773892607012e-03 2.590441736850164426e-06
6.627964895000000070e+03 1.540968804582698191e-03 2.590441736850164426e-06
6.635961865000000216e+03 1.517535597888161484e-03 2.590441736850164426e-06
6.643958834999999453e+03 1.493489701143972280e-03 2.590441736850164426e-06
6.651955804999999600e+03 1.466438061320872238e-03 2.590441736850164426e-06
6.659952774999999747e+03 1.440302190548196654e-03 2.590441736850164426e-06
6.667949744999999893e+03 1.422858227404464335e-03 2.590441736850164426e-06
6.675946715000000040e+03 1.405323628620374276e-03 2.590441736850164426e-06
6.683943685000000187e+03 1.390100086874029904e-03 2.590441736850164426e-06
6.691940655000000334e+03 1.373941535842750647e-03 2.590441736850164426e-06
6.699937624999999571e+03 1.368131312687716076e-03 2.590441736850164426e-06
6.707934594999999717e+03 1.359963899769155507e-03 2.590441736850164426e-06
6.715931564999999864e+03 1.352795130560472325e-03 2.590441736850164426e-06
6.723928535000000011e+03 1.343597454223367012e-03 2.590441736850164426e-06
6.731925505000000157e+03 1.336413170199425788e-03 2.590441736850164426e-06
6.739922474999999395e+03 1.332186621320084318e-03 2.590441736850164426e-06
6.747919444999999541e+03 1.326795169948744718e-03 2.590441736850164426e-06
6.755916414999999688e+03 1.323321903520346347e-03 2.590441736850164426e-06
6.763913384999999835e+03 1.321818078337371090e-03 2.590441736850164426e-06
6.771910354999999981e+03 1.314476383111302200e-03 2.590441736850164426e-06
6.779907325000000128e+03 1.313991914585715568e-03 2.590441736850164426e-06
6.787904295000000275e+03 1.304026032658609771e-03 2.590441736850164426e-06
6.795901264999999512e+03 1.311712690337672261e-03 2.590441736850164426e-06
6.803898234999999659e+03 1.303874093584536610e-03 2.590441736850164426e-06
6.811895204999999805e+03 1.297584158505730957e-03 2.590441736850164426e-06
6.819892174999999952e+03 1.292172960042790126e-03 2.590441736850164426e-06
6.827889145000000099e+03 1.294324294645432093e-03 2.590441736850164426e-06
6.835886114999999336e+03 1.280667472915295339e-03 2.590441736850164426e-06
6.843883084999999483e+03 1.284662225416002487e-03 2.590441736850164426e-06
6.851880054999999629e+03 1.275166773881099063e-03 2.590441736850164426e-06
6.859877024999999776e+03 1.277252540158584949e-03 2.590441736850164426e-06
6.867873994999999923e+03 1.272637267059277110e-03 2.590441736850164426e-06
6.875870965000000069e+03 1.265199702135763648e-03 2.590441736850164426e-06
6.883867935000000216e+03 1.265579606425466450e-03 2.590441736850164426e-06
6.891864904999999453e+03 1.260979301234205078e-03 2.590441736850164426e-06
6.899861874999999600e+03 1.256425882035895093e-03 2.590441736850164426e-06
6.907858844999999747e+03 1.254672227079684345e-03 2.590441736850164426e-06
6.915855814999999893e+03 1.247101764888104702e-03 2.590441736850164426e-06
6.923852784999999130e+03 1.250380986643294563e-03 2.590441736850164426e-06
6.931849754999999277e+03 1.241864203180867172e-03 2.590441736850164426e-06
6.939846724999999424e+03 1.239076871142624162e-03 2.590441736850164426e-06
6.947843694999999570e+03 1.235584592535830589e-03 2.590441736850164426e-06
6.955840664999999717e+03 1.235310543289454754e-03 2.590441736850164426e-06
6.963837634999999864e+03 1.228230963005459957e-03 2.590441736850164426e-06
6.971834605000000010e+03 1.226467560723713520e-03 2.590441736850164426e-06
6.979831575000000157e+03 1.220002184571623806e-03 2.590441736850164426e-06
6.987828544999999394e+03 1.218928836588053805e-03 2.590441736850164426e-06
6.995825514999999541e+03 1.211569274637420458e-03 2.590441736850164426e-06
