6.204125485000000481e+03 1.260063437725134853e-03 2.590441736850164426e-06
6.212122455000000627e+03 1.259227459363677871e-03 2.590441736850164426e-06
6.220119425000000774e+03 1.254159134242212098e-03 2.590441736850164426e-06
6.228116395000000011e+03 1.255770528236958101e-03 2.590441736850164426e-06
6.236113365000000158e+03 1.248342748567399631e-03 2.590441736850164426e-06
6.244110335000000305e+03 1.239298981931677684e-03 2.590441736850164426e-06
6.252107305000000451e+03 1.240512290354584815e-03 2.590441736850164426e-06
6.260104275000000598e+03 1.241737005878690032e-03 2.590441736850164426e-06
6.268101244999999835e+03 1.242545377637701990e-03 2.590441736850164426e-06
6.276098214999999982e+03 1.230624481124543241e-03 2.590441736850164426e-06
6.284095185000000129e+03 1.232703739582653073e-03 2.590441736850164426e-06
6.292092155000000275e+03 1.226740756132234118e-03 2.590441736850164426e-06
6.300089125000000422e+03 1.220677809097393124e-03 2.590441736850164426e-06
6.308086095000000569e+03 1.220631157688262421e-03 2.590441736850164426e-06
6.316083065000000715e+03 1.218960637771020076e-03 2.590441736850164426e-06
6.324080034999999953e+03 1.219819446502303254e-03 2.590441736850164426e-06
6.332077005000000099e+03 1.207788000973179007e-03 2.590441736850164426e-06
6.340073975000000246e+03 1.206576424187973161e-03 2.590441736850164426e-06
6.348070945000000393e+03 1.202136037053066044e-03 2.590441736850164426e-06
6.356067915000000539e+03 1.197976027111433009e-03 2.590441736850164426e-06
6.364064884999999776e+03 1.199427701959577142e-03 2.590441736850164426e-06
6.372061854999999923e+03 1.187737642631320461e-03 2.590441736850164426e-06
6.380058825000000070e+03 1.192497456379893774e-03 2.590441736850164426e-06
6.388055795000000217e+03 1.186541537479179811e-03 2.590441736850164426e-06
6.396052765000000363e+03 1.183058215331777218e-03 2.590441736850164426e-06
6.404049735000000510e+03 1.182052954266720824e-03 2.590441736850164426e-06
6.412046705000000657e+03 1.183007295539951912e-03 2.590441736850164426e-06
6.420043674999999894e+03 1.180817724592553297e-03 2.590441736850164426e-06
6.428040645000000040e+03 1.181983421989611606e-03 2.590441736850164426e-06
6.436037615000000187e+03 1.189908339893612542e-03 2.590441736850164426e-06
6.444034585000000334e+03 1.185763621965815707e-03 2.590441736850164426e-06
6.452031555000000481e+03 1.193859369874172328e-03 2.590441736850164426e-06
6.460028524999999718e+03 1.194984950139281769e-03 2.590441736850164426e-06
6.468025494999999864e+03 1.217605594994484097e-03 2.590441736850164426e-06
6.476022465000000011e+03 1.225992870517358469e-03 2.590441736850164426e-06
6.484019435000000158e+03 1.241542375395672873e-03 2.590441736850164426e-06
6.492016405000000304e+03 1.258198819890041578e-03 2.590441736850164426e-06
6.500013375000000451e+03 1.269441140174613729e-03 2.590441736850164426e-06
6.508010345000000598e+03 1.283198622287703506e-03 2.590441736850164426e-06
6.516007314999999835e+03 1.281798631700373226e-03 2.590441736850164426e-06
6.524004284999999982e+03 1.276970783799354515e-03 2.590441736850164426e-06
6.532001255000000128e+03 1.256073119523203963e-03 2.590441736850164426e-06
6.539998225000000275e+03 1.247854997748961857e-03 2.590441736850164426e-06
6.547995194999999512e+03 1.244338645346868173e-03 2.590441736850164426e-06
6.555992164999999659e+03 1.242625984525717051e-03 2.590441736850164426e-06
6.563989134999999806e+03 1.236725789171987892e-03 2.590441736850164426e-06
6.571986104999999952e+03 1.238050664702970921e-03 2.590441736850164426e-06
6.579983075000000099e+03 1.240673266209930481e-03 2.590441736850164426e-06
6.587980045000000246e+03 1.241156578995908279e-03 2.590441736850164426e-06
6.595977015000000392e+03 1.257047490527407607e-03 2.590441736850164426e-06
6.603973985000000539e+03 1.269641682502218542e-03 2.590441736850164426e-06
6.611970954999999776e+03 1.277339758693011793e-03 2.590441736850164426e-06
6.619967924999999923e+03 1.266517205116565866e-03 2.590441736850164426e-06
6.627964895000000070e+03 1.251200286862102053e-03 2.590441736850164426e-06
6.635961865000000216e+03 1.234706734544124222e-03 2.590441736850164426e-06
6.643958834999999453e+03 1.203660200525909305e-03 2.590441736850164426e-06
6.651955804999999600e+03 1.179147655863400880e-03 2.590441736850164426e-06
6.659952774999999747e+03 1.150934970355401224e-03 2.590441736850164426e-06
6.667949744999999893e+03 1.133990630213955325e-03 2.590441736850164426e-06
6.675946715000000040e+03 1.120056339662182194e-03 2.590441736850164426e-06
6.683943685000000187e+03 1.109772102164904763e-03 2.590441736850164426e-06
6.691940655000000334e+03 1.092375365179693589e-03 2.590441736850164426e-06
6.699937624999999571e+03 1.082659368276397147e-03 2.590441736850164426e-06
6.707934594999999717e+03 1.076459906166617533e-03 2.590441736850164426e-06
6.715931564999999864e+03 1.070197613687476432e-03 2.590441736850164426e-06
6.723928535000000011e+03 1.061619160782318856e-03 2.590441736850164426e-06
6.731925505000000157e+03 1.060149772217681323e-03 2.590441736850164426e-06
6.739922474999999395e+03 1.059166844106299672e-03 2.590441736850164426e-06
6.747919444999999541e+03 1.054178213837813141e-03 2.590441736850164426e-06
6.755916414999999688e+03 1.052631575428310522e-03 2.590441736850164426e-06
6.763913384999999835e+03 1.046994716322491000e-03 2.590441736850164426e-06
6.771910354999999981e+03 1.047154396804840515e-03 2.590441736850164426e-06
6.779907325000000128e+03 1.038533845124573309e-03 2.590441736850164426e-06
6.787904295000000275e+03 1.039861669124270745e-03 2.590441736850164426e-06
6.795901264999999512e+03 1.039346954636363035e-03 2.590441736850164426e-06
6.803898234999999659e+03 1.034289718076055516e-03 2.590441736850164426e-06
6.811895204999999805e+03 1.032246167885881964e-03 2.590441736850164426e-06
6.819892174999999952e+03 1.028673420446151116e-03 2.590441736850164426e-06
6.827889145000000099e+03 1.027358255623161661e-03 2.590441736850164426e-06
6.835886114999999336e+03 1.028632148362795600e-03 2.590441736850164426e-06
6.843883084999999483e+03 1.020206162212816594e-03 2.590441736850164426e-06
6.851880054999999629e+03 1.023992658658564583e-03 2.590441736850164426e-06
6.859877024999999776e+03 1.018424149430807333e-03 2.590441736850164426e-06
6.867873994999999923e+03 1.007096942695798235e-03 2.590441736850164426e-06
6.875870965000000069e+03 1.009359407212948945e-03 2.590441736850164426e-06
6.883867935000000216e+03 1.003525738536137531e-03 2.590441736850164426e-06
6.891864904999999453e+03 1.001255809263351584e-03 2.590441736850164426e-06
6.899861874999999600e+03 1.001346996727460080e-03 2.590441736850164426e-06
6.907858844999999747e+03 9.934521832695153692e-04 2.590441736850164426e-06
6.915855814999999893e+03 9.972430162836455267e-04 2.590441736850164426e-06
6.923852784999999130e+03 9.895405813683511541e-04 2.590441736850164426e-06
6.931849754999999277e+03 9.911450899344712451e-04 2.590441736850164426e-06
6.939846724999999424e+03 9.915083607663290229e-04 2.590441736850164426e-06
6.947843694999999570e+03 9.809270443760743571e-04 2.590441736850164426e-06
6.955840664999999717e+03 9.785802214030037312e-04 2.590441736850164426e-06
6.963837634999999864e+03 9.808531786599343494e-04 2.590441736850164426e-06
6.971834605000000010e+03 9.744833595009491384e-04 2.590441736850164426e-06
6.979831575000000157e+03 9.710378351881544280e-04 2.590441736850164426e-06
6.987828544999999394e+03 9.677520302496478389e-04 2.590441736850164426e-06
6.995825514999999541e+03 9.657473748696790081e-04 2.590441736850164426e-06
