6.204125485000000481e+03 1.628920645392839062e-03 2.590441736850164426e-06
6.212122455000000627e+03 1.623399434018069944e-03 2.590441736850164426e-06
6.220119425000000774e+03 1.621586027861226728e-03 2.590441736850164426e-06
6.228116395000000011e+03 1.615833382148813141e-03 2.590441736850164426e-06
6.236113365000000158e+03 1.611225106899509844e-03 2.590441736850164426e-06
6.244110335000000305e+03 1.607101740590372333e-03 2.590441736850164426e-06
6.252107305000000451e+03 1.603646824206513173e-03 2.590441736850164426e-06
6.260104275000000598e+03 1.596701855257099800e-03 2.590441736850164426e-06
6.268101244999999835e+03 1.594077606793994342e-03 2.590441736850164426e-06
6.276098214999999982e+03 1.591969553730949484e-03 2.590441736850164426e-06
6.284095185000000129e+03 1.584821306317554367e-03 2.590441736850164426e-06
6.292092155000000275e+03 1.582551249973950360e-03 2.590441736850164426e-06
6.300089125000000422e+03 1.581392785456742439e-03 2.590441736850164426e-06
6.308086095000000569e+03 1.577130798694886425e-03 2.590441736850164426e-06
6.316083065000000715e+03 1.570198073351761594e-03 2.590441736850164426e-06
6.324080034999999953e+03 1.562096364225426092e-03 2.590441736850164426e-06
6.332077005000000099e+03 1.562221916173247649e-03 2.590441736850164426e-06
6.340073975000000246e+03 1.559914988803754723e-03 2.590441736850164426e-06
6.348070945000000393e+03 1.550609093840988467e-03 2.590441736850164426e-06
6.356067915000000539e+03 1.551208031463413789e-03 2.590441736850164426e-06
6.364064884999999776e+03 1.546843376635880689e-03 2.590441736850164426e-06
6.372061854999999923e+03 1.540682841252780360e-03 2.590441736850164426e-06
6.380058825000000070e+03 1.540035049630571933e-03 2.590441736850164426e-06
6.388055795000000217e+03 1.532164946155829604e-03 2.590441736850164426e-06
6.396052765000000363e+03 1.529980529150188522e-03 2.590441736850164426e-06
6.404049735000000510e+03 1.523896488331053824e-03 2.590441736850164426e-06
6.412046705000000657e+03 1.527720973769696811e-03 2.590441736850164426e-06
6.420043674999999894e+03 1.522633898596869456e-03 2.590441736850164426e-06
6.428040645000000040e+03 1.524450013290041270e-03 2.590441736850164426e-06
6.436037615000000187e+03 1.524273872321076518e-03 2.590441736850164426e-06
6.444034585000000334e+03 1.533049638286584915e-03 2.590441736850164426e-06
6.452031555000000481e+03 1.534226398924777622e-03 2.590441736850164426e-06
6.460028524999999718e+03 1.542785905115290519e-03 2.590441736850164426e-06
6.468025494999999864e+03 1.551093849179805816e-03 2.590441736850164426e-06
6.476022465000000011e+03 1.563613363016754399e-03 2.590441736850164426e-06
6.484019435000000158e+03 1.580252762350513535e-03 2.590441736850164426e-06
6.492016405000000304e+03 1.591434357602141553e-03 2.590441736850164426e-06
6.500013375000000451e+03 1.603627177934737738e-03 2.590441736850164426e-06
6.508010345000000598e+03 1.612739236561793127e-03 2.590441736850164426e-06
6.516007314999999835e+03 1.620996348023159535e-03 2.590441736850164426e-06
6.524004284999999982e+03 1.619943947577735669e-03 2.590441736850164426e-06
6.532001255000000128e+03 1.608994178154838630e-03 2.590441736850164426e-06
6.539998225000000275e+03 1.591147200588517588e-03 2.590441736850164426e-06
6.547995194999999512e+03 1.585279055959418074e-03 2.590441736850164426e-06
6.555992164999999659e+03 1.580399579676550160e-03 2.590441736850164426e-06
6.563989134999999806e+03 1.581381690679451541e-03 2.590441736850164426e-06
6.571986104999999952e+03 1.579464053446518086e-03 2.590441736850164426e-06
6.579983075000000099e+03 1.572844748842830952e-03 2.590441736850164426e-06
6.587980045000000246e+03 1.579636386203844660e-03 2.590441736850164426e-06
6.595977015000000392e+03 1.602252481215620276e-03 2.590441736850164426e-06
6.603973985000000539e+03 1.605522640196866075e-03 2.590441736850164426e-06
6.611970954999999776e+03 1.604253110674302985e-03 2.590441736850164426e-06
6.619967924999999923e+03 1.589637562398960383e-03 2.590441736850164426e-06
6.627964895000000070e+03 1.576610952435176507e-03 2.590441736850164426e-06
6.635961865000000216e+03 1.554081670824034467e-03 2.590441736850164426e-06
6.643958834999999453e+03 1.533325794845465367e-03 2.590441736850164426e-06
6.651955804999999600e+03 1.504004021714688616e-03 2.590441736850164426e-06
6.659952774999999747e+03 1.476602811546511452e-03 2.590441736850164426e-06
6.667949744999999893e+03 1.457132985182868967e-03 2.590441736850164426e-06
6.675946715000000040e+03 1.437558123507816409e-03 2.590441736850164426e-06
6.683943685000000187e+03 1.426479290263333146e-03 2.590441736850164426e-06
6.691940655000000334e+03 1.410150802490332637e-03 2.590441736850164426e-06
6.699937624999999571e+03 1.398175483328401372e-03 2.590441736850164426e-06
6.707934594999999717e+03 1.388919724806588407e-03 2.590441736850164426e-06
6.715931564999999864e+03 1.383710208687489616e-03 2.590441736850164426e-06
6.723928535000000011e+03 1.377572274794099669e-03 2.590441736850164426e-06
6.731925505000000157e+03 1.370958500849126958e-03 2.590441736850164426e-06
6.739922474999999395e+03 1.371186327973144235e-03 2.590441736850164426e-06
6.747919444999999541e+03 1.361781583526872497e-03 2.590441736850164426e-06
6.755916414999999688e+03 1.357212294836422856e-03 2.590441736850164426e-06
6.763913384999999835e+03 1.352708468139304007e-03 2.590441736850164426e-06
6.771910354999999981e+03 1.349117467762553238e-03 2.590441736850164426e-06
6.779907325000000128e+03 1.347689832848215528e-03 2.590441736850164426e-06
6.787904295000000275e+03 1.343108376245123140e-03 2.590441736850164426e-06
6.795901264999999512e+03 1.343195719336261716e-03 2.590441736850164426e-06
6.803898234999999659e+03 1.337492683653020500e-03 2.590441736850164426e-06
6.811895204999999805e+03 1.329543864743465724e-03 2.590441736850164426e-06
6.819892174999999952e+03 1.328192836493799966e-03 2.590441736850164426e-06
6.827889145000000099e+03 1.325919216107455337e-03 2.590441736850164426e-06
6.835886114999999336e+03 1.320684478725618095e-03 2.590441736850164426e-06
6.843883084999999483e+03 1.313364451686410738e-03 2.590441736850164426e-06
6.851880054999999629e+03 1.310624156552217621e-03 2.590441736850164426e-06
6.859877024999999776e+03 1.307331705800975291e-03 2.590441736850164426e-06
6.867873994999999923e+03 1.306448861449075035e-03 2.590441736850164426e-06
6.875870965000000069e+03 1.300925819595646644e-03 2.590441736850164426e-06
6.883867935000000216e+03 1.296228838584555492e-03 2.590441736850164426e-06
6.891864904999999453e+03 1.293528680049973968e-03 2.590441736850164426e-06
6.899861874999999600e+03 1.289024638526132735e-03 2.590441736850164426e-06
6.907858844999999747e+03 1.287877648314847976e-03 2.590441736850164426e-06
6.915855814999999893e+03 1.284240206279847665e-03 2.590441736850164426e-06
6.923852784999999130e+03 1.281688369679645631e-03 2.590441736850164426e-06
6.931849754999999277e+03 1.275935140496137904e-03 2.590441736850164426e-06
6.939846724999999424e+03 1.275855660373109062e-03 2.590441736850164426e-06
6.947843694999999570e+03 1.268470003886698746e-03 2.590441736850164426e-06
6.955840664999999717e+03 1.264083604876209063e-03 2.590441736850164426e-06
6.963837634999999864e+03 1.259777042533926587e-03 2.590441736850164426e-06
6.971834605000000010e+03 1.258867678006888148e-03 2.590441736850164426e-06
6.979831575000000157e+03 1.254532747165478185e-03 2.590441736850164426e-06
6.987828544999999394e+03 1.252548998483992565e-03 2.590441736850164426e-06
6.995825514999999541e+03 1.248064583540814529e-03 2.590441736850164426e-06
