6.204125485000000481e+03 1.618405365972761488e-03 2.590441736850164426e-06
6.212122455000000627e+03 1.612753075543493959e-03 2.590441736850164426e-06
6.220119425000000774e+03 1.605325668329981963e-03 2.590441736850164426e-06
6.228116395000000011e+03 1.603586672741304881e-03 2.590441736850164426e-06
6.236113365000000158e+03 1.596750497981119310e-03 2.590441736850164426e-06
6.244110335000000305e+03 1.591311340376116166e-03 2.590441736850164426e-06
6.252107305000000451e+03 1.592939015269389733e-03 2.590441736850164426e-06
6.260104275000000598e+03 1.586643200726194775e-03 2.590441736850164426e-06
6.268101244999999835e+03 1.584817618950337247e-03 2.590441736850164426e-06
6.276098214999999982e+03 1.580511379735807841e-03 2.590441736850164426e-06
6.284095185000000129e+03 1.569672715069869240e-03 2.590441736850164426e-06
6.292092155000000275e+03 1.574764570443373942e-03 2.590441736850164426e-06
6.300089125000000422e+03 1.571836360236999802e-03 2.590441736850164426e-06
6.308086095000000569e+03 1.561330409852068829e-03 2.590441736850164426e-06
6.316083065000000715e+03 1.559823589225048856e-03 2.590441736850164426e-06
6.324080034999999953e+03 1.553890063161935797e-03 2.590441736850164426e-06
6.332077005000000099e+03 1.552049060684609905e-03 2.590441736850164426e-06
6.340073975000000246e+03 1.546170465750982192e-03 2.590441736850164426e-06
6.348070945000000393e+03 1.541000639877055690e-03 2.590441736850164426e-06
6.356067915000000539e+03 1.536354005989053846e-03 2.590441736850164426e-06
6.364064884999999776e+03 1.533711476793918685e-03 2.590441736850164426e-06
6.372061854999999923e+03 1.525240149052023734e-03 2.590441736850164426e-06
6.380058825000000070e+03 1.524695699236121001e-03 2.590441736850164426e-06
6.388055795000000217e+03 1.528446697497760215e-03 2.590441736850164426e-06
6.396052765000000363e+03 1.519102208861587569e-03 2.590441736850164426e-06
6.404049735000000510e+03 1.519012789209583025e-03 2.590441736850164426e-06
6.412046705000000657e+03 1.513999318475982812e-03 2.590441736850164426e-06
6.420043674999999894e+03 1.511781137914917136e-03 2.590441736850164426e-06
6.428040645000000040e+03 1.514812431402074366e-03 2.590441736850164426e-06
6.436037615000000187e+03 1.512200551136980674e-03 2.590441736850164426e-06
6.444034585000000334e+03 1.517015175472636018e-03 2.590441736850164426e-06
6.452031555000000481e+03 1.524879536857311896e-03 2.590441736850164426e-06
6.460028524999999718e+03 1.525312877159987462e-03 2.590441736850164426e-06
6.468025494999999864e+03 1.540161478692139273e-03 2.590441736850164426e-06
6.476022465000000011e+03 1.544044630960592643e-03 2.590441736850164426e-06
6.484019435000000158e+03 1.569464116080977528e-03 2.590441736850164426e-06
6.492016405000000304e+03 1.580096780748294592e-03 2.590441736850164426e-06
6.500013375000000451e+03 1.593563865847536128e-03 2.590441736850164426e-06
6.508010345000000598e+03 1.613808608265654421e-03 2.590441736850164426e-06
6.516007314999999835e+03 1.620344581067038794e-03 2.590441736850164426e-06
6.524004284999999982e+03 1.613154602887858667e-03 2.590441736850164426e-06
6.532001255000000128e+03 1.592331799740422105e-03 2.590441736850164426e-06
6.539998225000000275e+03 1.574880080368409267e-03 2.590441736850164426e-06
6.547995194999999512e+03 1.571853570709573792e-03 2.590441736850164426e-06
6.555992164999999659e+03 1.564702603821628612e-03 2.590441736850164426e-06
6.563989134999999806e+03 1.566088223885325412e-03 2.590441736850164426e-06
6.571986104999999952e+03 1.566681841913037873e-03 2.590441736850164426e-06
6.579983075000000099e+03 1.566149654542884923e-03 2.590441736850164426e-06
6.587980045000000246e+03 1.574542847007460436e-03 2.590441736850164426e-06
6.595977015000000392e+03 1.594781049586219438e-03 2.590441736850164426e-06
6.603973985000000539e+03 1.595321044308924390e-03 2.590441736850164426e-06
6.611970954999999776e+03 1.604410132645818065e-03 2.590441736850164426e-06
6.619967924999999923e+03 1.586411824653786041e-03 2.590441736850164426e-06
6.627964895000000070e+03 1.566007646090216603e-03 2.590441736850164426e-06
6.635961865000000216e+03 1.543134277511013126e-03 2.590441736850164426e-06
6.643958834999999453e+03 1.512518890507568098e-03 2.590441736850164426e-06
6.651955804999999600e+03 1.481435831288172543e-03 2.590441736850164426e-06
6.659952774999999747e+03 1.460845065356797994e-03 2.590441736850164426e-06
6.667949744999999893e+03 1.437642598239923788e-03 2.590441736850164426e-06
6.675946715000000040e+03 1.429730455077854456e-03 2.590441736850164426e-06
6.683943685000000187e+03 1.416977122035642262e-03 2.590441736850164426e-06
6.691940655000000334e+03 1.400759104176740487e-03 2.590441736850164426e-06
6.699937624999999571e+03 1.390035202806539976e-03 2.590441736850164426e-06
6.707934594999999717e+03 1.377879043090983946e-03 2.590441736850164426e-06
6.715931564999999864e+03 1.370371088672425307e-03 2.590441736850164426e-06
6.723928535000000011e+03 1.372542715083087828e-03 2.590441736850164426e-06
6.731925505000000157e+03 1.362105189188441779e-03 2.590441736850164426e-06
6.739922474999999395e+03 1.357475867697886763e-03 2.590441736850164426e-06
6.747919444999999541e+03 1.353102164896341063e-03 2.590441736850164426e-06
6.755916414999999688e+03 1.351894871169391152e-03 2.590441736850164426e-06
6.763913384999999835e+03 1.341039756342970709e-03 2.590441736850164426e-06
6.771910354999999981e+03 1.339796039300929567e-03 2.590441736850164426e-06
6.779907325000000128e+03 1.334952034277531912e-03 2.590441736850164426e-06
6.787904295000000275e+03 1.332605260393358729e-03 2.590441736850164426e-06
6.795901264999999512e+03 1.330818250409004618e-03 2.590441736850164426e-06
6.803898234999999659e+03 1.328777460724071911e-03 2.590441736850164426e-06
6.811895204999999805e+03 1.326936603946715903e-03 2.590441736850164426e-06
6.819892174999999952e+03 1.318914749432284483e-03 2.590441736850164426e-06
6.827889145000000099e+03 1.309795750414209387e-03 2.590441736850164426e-06
6.835886114999999336e+03 1.306564249243342621e-03 2.590441736850164426e-06
6.843883084999999483e+03 1.307309890689007563e-03 2.590441736850164426e-06
6.851880054999999629e+03 1.301569232441624358e-03 2.590441736850164426e-06
6.859877024999999776e+03 1.305097894366833051e-03 2.590441736850164426e-06
6.867873994999999923e+03 1.290056660122281419e-03 2.590441736850164426e-06
6.875870965000000069e+03 1.293408483670104199e-03 2.590441736850164426e-06
6.883867935000000216e+03 1.290509236117128467e-03 2.590441736850164426e-06
6.891864904999999453e+03 1.284742126003767275e-03 2.590441736850164426e-06
6.899861874999999600e+03 1.282603920129612041e-03 2.590441736850164426e-06
6.907858844999999747e+03 1.274485420642139290e-03 2.590441736850164426e-06
6.915855814999999893e+03 1.272478167277636251e-03 2.590441736850164426e-06
6.923852784999999130e+03 1.272343350694518128e-03 2.590441736850164426e-06
6.931849754999999277e+03 1.265161233250275538e-03 2.590441736850164426e-06
6.939846724999999424e+03 1.260480131913722804e-03 2.590441736850164426e-06
6.947843694999999570e+03 1.255858933533530314e-03 2.590441736850164426e-06
6.955840664999999717e+03 1.256050498989198794e-03 2.590441736850164426e-06
6.963837634999999864e+03 1.251743763826930781e-03 2.590441736850164426e-06
6.971834605000000010e+03 1.247573312910582729e-03 2.590441736850164426e-06
6.979831575000000157e+03 1.243156238177634985e-03 2.590441736850164426e-06
6.987828544999999394e+03 1.238358446187714113e-03 2.590441736850164426e-06
6.995825514999999541e+03 1.234950666904903113e-03 2.590441736850164426e-06
