6.204125485000000481e+03 1.529162123557487735e-03 2.590441736850164426e-06
6.212122455000000627e+03 1.520958789755597496e-03 2.590441736850164426e-06
6.220119425000000774e+03 1.514380900771067828e-03 2.590441736850164426e-06
6.228116395000000011e+03 1.510445259692949887e-03 2.590441736850164426e-06
6.236113365000000158e+03 1.506890134214169822e-03 2.590441736850164426e-06
6.244110335000000305e+03 1.506975072068339168e-03 2.590441736850164426e-06
6.252107305000000451e+03 1.502065726747197271e-03 2.590441736850164426e-06
6.260104275000000598e+03 1.501784174976376852e-03 2.590441736850164426e-06
6.268101244999999835e+03 1.495365460604655347e-03 2.590441736850164426e-06
6.276098214999999982e+03 1.489855410343459297e-03 2.590441736850164426e-06
6.284095185000000129e+03 1.482142970369815195e-03 2.590441736850164426e-06
6.292092155000000275e+03 1.484133832956813226e-03 2.590441736850164426e-06
6.300089125000000422e+03 1.474737395449479422e-03 2.590441736850164426e-06
6.308086095000000569e+03 1.474404827908509666e-03 2.590441736850164426e-06
6.316083065000000715e+03 1.472175086857545291e-03 2.590441736850164426e-06
6.324080034999999953e+03 1.466964476771946647e-03 2.590441736850164426e-06
6.332077005000000099e+03 1.463962588508630359e-03 2.590441736850164426e-06
6.340073975000000246e+03 1.454494629489390487e-03 2.590441736850164426e-06
6.348070945000000393e+03 1.449566474066314638e-03 2.590441736850164426e-06
6.356067915000000539e+03 1.453091928559247176e-03 2.590441736850164426e-06
6.364064884999999776e+03 1.445121201340596488e-03 2.590441736850164426e-06
6.372061854999999923e+03 1.440249900112897195e-03 2.590441736850164426e-06
6.380058825000000070e+03 1.440304236753206339e-03 2.590441736850164426e-06
6.388055795000000217e+03 1.436220639910547282e-03 2.590441736850164426e-06
6.396052765000000363e+03 1.433171806287387344e-03 2.590441736850164426e-06
6.404049735000000510e+03 1.429083078172532079e-03 2.590441736850164426e-06
6.412046705000000657e+03 1.430085550759784560e-03 2.590441736850164426e-06
6.420043674999999894e+03 1.429482349089943299e-03 2.590441736850164426e-06
6.428040645000000040e+03 1.429921448264768634e-03 2.590441736850164426e-06
6.436037615000000187e+03 1.433826383544434084e-03 2.590441736850164426e-06
6.444034585000000334e+03 1.434308818942390054e-03 2.590441736850164426e-06
6.452031555000000481e+03 1.440025875479925910e-03 2.590441736850164426e-06
6.460028524999999718e+03 1.447564110860897211e-03 2.590441736850164426e-06
6.468025494999999864e+03 1.455108795187005965e-03 2.590441736850164426e-06
6.476022465000000011e+03 1.470453752707319905e-03 2.590441736850164426e-06
6.484019435000000158e+03 1.481966014154210065e-03 2.590441736850164426e-06
6.492016405000000304e+03 1.496389552970303757e-03 2.590441736850164426e-06
6.500013375000000451e+03 1.514786005477234722e-03 2.590441736850164426e-06
6.508010345000000598e+03 1.518553424877935962e-03 2.590441736850164426e-06
6.516007314999999835e+03 1.527493107527049757e-03 2.590441736850164426e-06
6.524004284999999982e+03 1.520924462742563555e-03 2.590441736850164426e-06
6.532001255000000128e+03 1.506554492372118997e-03 2.590441736850164426e-06
6.539998225000000275e+03 1.497096320753637903e-03 2.590441736850164426e-06
6.547995194999999512e+03 1.493086166967995225e-03 2.590441736850164426e-06
6.555992164999999659e+03 1.483820008369882973e-03 2.590441736850164426e-06
6.563989134999999806e+03 1.483981933358254068e-03 2.590441736850164426e-06
6.571986104999999952e+03 1.481576858599117225e-03 2.590441736850164426e-06
6.579983075000000099e+03 1.481622260490917829e-03 2.590441736850164426e-06
6.587980045000000246e+03 1.483758354332736715e-03 2.590441736850164426e-06
6.595977015000000392e+03 1.504340844139762708e-03 2.590441736850164426e-06
6.603973985000000539e+03 1.514257265005360077e-03 2.590441736850164426e-06
6.611970954999999776e+03 1.506470278710955995e-03 2.590441736850164426e-06
6.619967924999999923e+03 1.497033145950122475e-03 2.590441736850164426e-06
6.627964895000000070e+03 1.486540555166448140e-03 2.590441736850164426e-06
6.635961865000000216e+03 1.460013409783308437e-03 2.590441736850164426e-06
6.643958834999999453e+03 1.439002180244114545e-03 2.590441736850164426e-06
6.651955804999999600e+03 1.412994602956730216e-03 2.590441736850164426e-06
6.659952774999999747e+03 1.385353518295246757e-03 2.590441736850164426e-06
6.667949744999999893e+03 1.364751646848704576e-03 2.590441736850164426e-06
6.675946715000000040e+03 1.350910368501052677e-03 2.590441736850164426e-06
6.683943685000000187e+03 1.338813550445317694e-03 2.590441736850164426e-06
6.691940655000000334e+03 1.318243194101258262e-03 2.590441736850164426e-06
6.699937624999999571e+03 1.310551293624875142e-03 2.590441736850164426e-06
6.707934594999999717e+03 1.307328524986400668e-03 2.590441736850164426e-06
6.715931564999999864e+03 1.296662914546834605e-03 2.590441736850164426e-06
6.723928535000000011e+03 1.292164458719586998e-03 2.590441736850164426e-06
6.731925505000000157e+03 1.288002508604653949e-03 2.590441736850164426e-06
6.739922474999999395e+03 1.279960096586198366e-03 2.590441736850164426e-06
6.747919444999999541e+03 1.276865563965718601e-03 2.590441736850164426e-06
6.755916414999999688e+03 1.272937421345652189e-03 2.590441736850164426e-06
6.763913384999999835e+03 1.268537929776833570e-03 2.590441736850164426e-06
6.771910354999999981e+03 1.267247185912122494e-03 2.590441736850164426e-06
6.779907325000000128e+03 1.257036000446245258e-03 2.590441736850164426e-06
6.787904295000000275e+03 1.261050912335397005e-03 2.590441736850164426e-06
6.795901264999999512e+03 1.255488295408218203e-03 2.590441736850164426e-06
6.803898234999999659e+03 1.256374124478909157e-03 2.590441736850164426e-06
6.811895204999999805e+03 1.249165271563594092e-03 2.590441736850164426e-06
6.819892174999999952e+03 1.244154783848247948e-03 2.590441736850164426e-06
6.827889145000000099e+03 1.244406410259374417e-03 2.590441736850164426e-06
6.835886114999999336e+03 1.237049213960625957e-03 2.590441736850164426e-06
6.843883084999999483e+03 1.234451715395119354e-03 2.590441736850164426e-06
6.851880054999999629e+03 1.228789262258501254e-03 2.590441736850164426e-06
6.859877024999999776e+03 1.226905300495975681e-03 2.590441736850164426e-06
6.867873994999999923e+03 1.223906442417006975e-03 2.590441736850164426e-06
6.875870965000000069e+03 1.215363973284404363e-03 2.590441736850164426e-06
6.883867935000000216e+03 1.214921323304806204e-03 2.590441736850164426e-06
6.891864904999999453e+03 1.216385754571391213e-03 2.590441736850164426e-06
6.899861874999999600e+03 1.210104036423687674e-03 2.590441736850164426e-06
6.907858844999999747e+03 1.208988062424356299e-03 2.590441736850164426e-06
6.915855814999999893e+03 1.204372944501258449e-03 2.590441736850164426e-06
6.923852784999999130e+03 1.196981869052212962e-03 2.590441736850164426e-06
6.931849754999999277e+03 1.192886011578881290e-03 2.590441736850164426e-06
6.939846724999999424e+03 1.191999761395673516e-03 2.590441736850164426e-06
6.947843694999999570e+03 1.187712813948716643e-03 2.590441736850164426e-06
6.955840664999999717e+03 1.182681395222336075e-03 2.590441736850164426e-06
6.963837634999999864e+03 1.178858076264629020e-03 2.590441736850164426e-06
6.971834605000000010e+03 1.177979194282662229e-03 2.590441736850164426e-06
6.979831575000000157e+03 1.177066309624474113e-03 2.590441736850164426e-06
6.987828544999999394e+03 1.169536508196545492e-03 2.590441736850164426e-06
6.995825514999999541e+03 1.161726440308300315e-03 2.590441736850164426e-06
