6.204125485000000481e+03 1.291931112602470386e-03 2.590441736850164426e-06
6.212122455000000627e+03 1.291081011034783460e-03 2.590441736850164426e-06
6.220119425000000774e+03 1.282385487619191154e-03 2.590441736850164426e-06
6.228116395000000011e+03 1.282382161054966335e-03 2.590441736850164426e-06
6.236113365000000158e+03 1.282663636921730277e-03 2.590441736850164426e-06
6.244110335000000305e+03 1.279811818695842729e-03 2.590441736850164426e-06
6.252107305000000451e+03 1.276651594974380051e-03 2.590441736850164426e-06
6.260104275000000598e+03 1.267876862651353157e-03 2.590441736850164426e-06
6.268101244999999835e+03 1.268414161215068031e-03 2.590441736850164426e-06
6.276098214999999982e+03 1.259855210205680599e-03 2.590441736850164426e-06
6.284095185000000129e+03 1.262621172982136874e-03 2.590441736850164426e-06
6.292092155000000275e+03 1.261265607121616564e-03 2.590441736850164426e-06
6.300089125000000422e+03 1.254630149912431929e-03 2.590441736850164426e-06
6.308086095000000569e+03 1.246645795227888315e-03 2.590441736850164426e-06
6.316083065000000715e+03 1.252331075552520160e-03 2.590441736850164426e-06
6.324080034999999953e+03 1.246635886265999669e-03 2.590441736850164426e-06
6.332077005000000099e+03 1.245143048874314522e-03 2.590441736850164426e-06
6.340073975000000246e+03 1.240049862933632766e-03 2.590441736850164426e-06
6.348070945000000393e+03 1.235380249554212696e-03 2.590441736850164426e-06
6.356067915000000539e+03 1.232678574737578348e-03 2.590441736850164426e-06
6.364064884999999776e+03 1.225726577008767488e-03 2.590441736850164426e-06
6.372061854999999923e+03 1.218116047067979496e-03 2.590441736850164426e-06
6.380058825000000070e+03 1.216295959909277765e-03 2.590441736850164426e-06
6.388055795000000217e+03 1.215028409814899405e-03 2.590441736850164426e-06
6.396052765000000363e+03 1.213300080296877493e-03 2.590441736850164426e-06
6.404049735000000510e+03 1.207379500563658193e-03 2.590441736850164426e-06
6.412046705000000657e+03 1.210156492437688492e-03 2.590441736850164426e-06
6.420043674999999894e+03 1.207438194402276743e-03 2.590441736850164426e-06
6.428040645000000040e+03 1.202289315518217938e-03 2.590441736850164426e-06
6.436037615000000187e+03 1.208499804126064595e-03 2.590441736850164426e-06
6.444034585000000334e+03 1.216525700633294639e-03 2.590441736850164426e-06
6.452031555000000481e+03 1.217942201022292848e-03 2.590441736850164426e-06
6.460028524999999718e+03 1.228488502116330738e-03 2.590441736850164426e-06
6.468025494999999864e+03 1.241506077482708043e-03 2.590441736850164426e-06
6.476022465000000011e+03 1.251537306854427116e-03 2.590441736850164426e-06
6.484019435000000158e+03 1.270710995111566047e-03 2.590441736850164426e-06
6.492016405000000304e+03 1.284055780041959503e-03 2.590441736850164426e-06
6.500013375000000451e+03 1.303031984615807791e-03 2.590441736850164426e-06
6.508010345000000598e+03 1.312585863087366994e-03 2.590441736850164426e-06
6.516007314999999835e+03 1.319575480159808746e-03 2.590441736850164426e-06
6.524004284999999982e+03 1.315889799988928391e-03 2.590441736850164426e-06
6.532001255000000128e+03 1.299178042640656639e-03 2.590441736850164426e-06
6.539998225000000275e+03 1.287683157526607830e-03 2.590441736850164426e-06
6.547995194999999512e+03 1.280802801988005458e-03 2.590441736850164426e-06
6.555992164999999659e+03 1.275543152182160396e-03 2.590441736850164426e-06
6.563989134999999806e+03 1.270403717055958908e-03 2.590441736850164426e-06
6.571986104999999952e+03 1.272590791286724171e-03 2.590441736850164426e-06
6.579983075000000099e+03 1.276852542498476241e-03 2.590441736850164426e-06
6.587980045000000246e+03 1.278191662578376849e-03 2.590441736850164426e-06
6.595977015000000392e+03 1.301168026562744091e-03 2.590441736850164426e-06
6.603973985000000539e+03 1.308371176008729739e-03 2.590441736850164426e-06
6.611970954999999776e+03 1.314669903695785602e-03 2.590441736850164426e-06
6.619967924999999923e+03 1.299440334454603566e-03 2.590441736850164426e-06
6.627964895000000070e+03 1.289058580615297205e-03 2.590441736850164426e-06
6.635961865000000216e+03 1.259724360083183149e-03 2.590441736850164426e-06
6.643958834999999453e+03 1.230635159651561608e-03 2.590441736850164426e-06
6.651955804999999600e+03 1.211500142781882141e-03 2.590441736850164426e-06
6.659952774999999747e+03 1.181404055215728955e-03 2.590441736850164426e-06
6.667949744999999893e+03 1.161650526554805800e-03 2.590441736850164426e-06
6.675946715000000040e+03 1.146627523407115715e-03 2.590441736850164426e-06
6.683943685000000187e+03 1.126847743993101983e-03 2.590441736850164426e-06
6.691940655000000334e+03 1.116291225814957603e-03 2.590441736850164426e-06
6.699937624999999571e+03 1.109448576686923767e-03 2.590441736850164426e-06
6.707934594999999717e+03 1.101376339733599373e-03 2.590441736850164426e-06
6.715931564999999864e+03 1.093508223815733288e-03 2.590441736850164426e-06
6.723928535000000011e+03 1.091369164002087538e-03 2.590441736850164426e-06
6.731925505000000157e+03 1.088126691019955256e-03 2.590441736850164426e-06
6.739922474999999395e+03 1.082498982676103564e-03 2.590441736850164426e-06
6.747919444999999541e+03 1.079406439704815078e-03 2.590441736850164426e-06
6.755916414999999688e+03 1.077185393050745631e-03 2.590441736850164426e-06
6.763913384999999835e+03 1.072875734417412562e-03 2.590441736850164426e-06
6.771910354999999981e+03 1.071375677379672814e-03 2.590441736850164426e-06
6.779907325000000128e+03 1.070647806459351214e-03 2.590441736850164426e-06
6.787904295000000275e+03 1.064672878257803086e-03 2.590441736850164426e-06
6.795901264999999512e+03 1.058983382311946527e-03 2.590441736850164426e-06
6.803898234999999659e+03 1.061481259399508137e-03 2.590441736850164426e-06
6.811895204999999805e+03 1.058498514003500951e-03 2.590441736850164426e-06
6.819892174999999952e+03 1.057264661913485428e-03 2.590441736850164426e-06
6.827889145000000099e+03 1.056493230023120705e-03 2.590441736850164426e-06
6.835886114999999336e+03 1.049220831027841824e-03 2.590441736850164426e-06
6.843883084999999483e+03 1.047315113618200837e-03 2.590441736850164426e-06
6.851880054999999629e+03 1.041377188875872422e-03 2.590441736850164426e-06
6.859877024999999776e+03 1.038329984187707621e-03 2.590441736850164426e-06
6.867873994999999923e+03 1.037727447608721579e-03 2.590441736850164426e-06
6.875870965000000069e+03 1.033592585492121426e-03 2.590441736850164426e-06
6.883867935000000216e+03 1.035564041545651570e-03 2.590441736850164426e-06
6.891864904999999453e+03 1.023690779590307300e-03 2.590441736850164426e-06
6.899861874999999600e+03 1.023785152649995004e-03 2.590441736850164426e-06
6.907858844999999747e+03 1.020621247455240745e-03 2.590441736850164426e-06
6.915855814999999893e+03 1.019772065253858042e-03 2.590441736850164426e-06
6.923852784999999130e+03 1.017607846093903073e-03 2.590441736850164426e-06
6.931849754999999277e+03 1.013884158639937610e-03 2.590441736850164426e-06
6.939846724999999424e+03 1.011804641897601741e-03 2.590441736850164426e-06
6.947843694999999570e+03 1.005158698576771219e-03 2.590441736850164426e-06
6.955840664999999717e+03 1.003943383947374741e-03 2.590441736850164426e-06
6.963837634999999864e+03 1.000545127016027724e-03 2.590441736850164426e-06
6.971834605000000010e+03 9.993221972117373626e-04 2.590441736850164426e-06
6.979831575000000157e+03 9.990951020280366014e-04 2.590441736850164426e-06
6.987828544999999394e+03 9.895183343938396530e-04 2.590441736850164426e-06
6.995825514999999541e+03 9.866875124671481249e-04 2.590441736850164426e-06
