6.204125485000000481e+03 1.361235320855223602e-03 2.590441736850164426e-06
6.212122455000000627e+03 1.357396739609509784e-03 2.590441736850164426e-06
6.220119425000000774e+03 1.354757694268797236e-03 2.590441736850164426e-06
6.228116395000000011e+03 1.348367051543745455e-03 2.590441736850164426e-06
6.236113365000000158e+03 1.345501880444620671e-03 2.590441736850164426e-06
6.244110335000000305e+03 1.339441209242498571e-03 2.590441736850164426e-06
6.252107305000000451e+03 1.337495961762277851e-03 2.590441736850164426e-06
6.260104275000000598e+03 1.338596976516494676e-03 2.590441736850164426e-06
6.268101244999999835e+03 1.332329037104567834e-03 2.590441736850164426e-06
6.276098214999999982e+03 1.330169776443243870e-03 2.590441736850164426e-06
6.284095185000000129e+03 1.325216541946266013e-03 2.590441736850164426e-06
6.292092155000000275e+03 1.320313114088573917e-03 2.590441736850164426e-06
6.300089125000000422e+03 1.315904136054680228e-03 2.590441736850164426e-06
6.308086095000000569e+03 1.310019080221866200e-03 2.590441736850164426e-06
6.316083065000000715e+03 1.311776582961417812e-03 2.590441736850164426e-06
6.324080034999999953e+03 1.299222814004698983e-03 2.590441736850164426e-06
6.332077005000000099e+03 1.310550832203223603e-03 2.590441736850164426e-06
6.340073975000000246e+03 1.297483897941783962e-03 2.590441736850164426e-06
6.348070945000000393e+03 1.296914826917570148e-03 2.590441736850164426e-06
6.356067915000000539e+03 1.287801209334428791e-03 2.590441736850164426e-06
6.364064884999999776e+03 1.286836231629494417e-03 2.590441736850164426e-06
6.372061854999999923e+03 1.280897693772964667e-03 2.590441736850164426e-06
6.380058825000000070e+03 1.282997340391985779e-03 2.590441736850164426e-06
6.388055795000000217e+03 1.276090573364166165e-03 2.590441736850164426e-06
6.396052765000000363e+03 1.275972050492780096e-03 2.590441736850164426e-06
6.404049735000000510e+03 1.270356867736694394e-03 2.590441736850164426e-06
6.412046705000000657e+03 1.265711539186739620e-03 2.590441736850164426e-06
6.420043674999999894e+03 1.271908183649454564e-03 2.590441736850164426e-06
6.428040645000000040e+03 1.273059300858101883e-03 2.590441736850164426e-06
6.436037615000000187e+03 1.274338564210962315e-03 2.590441736850164426e-06
6.444034585000000334e+03 1.279216951335898633e-03 2.590441736850164426e-06
6.452031555000000481e+03 1.283272167234666885e-03 2.590441736850164426e-06
6.460028524999999718e+03 1.286690711578813073e-03 2.590441736850164426e-06
6.468025494999999864e+03 1.298202731915611705e-03 2.590441736850164426e-06
6.476022465000000011e+03 1.306561126941078446e-03 2.590441736850164426e-06
6.484019435000000158e+03 1.320230055532322375e-03 2.590441736850164426e-06
6.492016405000000304e+03 1.337249929081365868e-03 2.590441736850164426e-06
6.500013375000000451e+03 1.359824917635211886e-03 2.590441736850164426e-06
6.508010345000000598e+03 1.374594898995280161e-03 2.590441736850164426e-06
6.516007314999999835e+03 1.385268478767654040e-03 2.590441736850164426e-06
6.524004284999999982e+03 1.378572302856807775e-03 2.590441736850164426e-06
6.532001255000000128e+03 1.363426283296533632e-03 2.590441736850164426e-06
6.539998225000000275e+03 1.345675479743958271e-03 2.590441736850164426e-06
6.547995194999999512e+03 1.337867616437944489e-03 2.590441736850164426e-06
6.555992164999999659e+03 1.338019053505158174e-03 2.590441736850164426e-06
6.563989134999999806e+03 1.334973765088342656e-03 2.590441736850164426e-06
6.571986104999999952e+03 1.339127982285292671e-03 2.590441736850164426e-06
6.579983075000000099e+03 1.336185730741305290e-03 2.590441736850164426e-06
6.587980045000000246e+03 1.345092428792084511e-03 2.590441736850164426e-06
6.595977015000000392e+03 1.356059575789842191e-03 2.590441736850164426e-06
6.603973985000000539e+03 1.367152957940469087e-03 2.590441736850164426e-06
6.611970954999999776e+03 1.371337795990473004e-03 2.590441736850164426e-06
6.619967924999999923e+03 1.352280176167991194e-03 2.590441736850164426e-06
6.627964895000000070e+03 1.335858390045960905e-03 2.590441736850164426e-06
6.635961865000000216e+03 1.316170876548185785e-03 2.590441736850164426e-06
6.643958834999999453e+03 1.281425004826683206e-03 2.590441736850164426e-06
6.651955804999999600e+03 1.262376533874824290e-03 2.590441736850164426e-06
6.659952774999999747e+03 1.233506638567629212e-03 2.590441736850164426e-06
6.667949744999999893e+03 1.212294034009541105e-03 2.590441736850164426e-06
6.675946715000000040e+03 1.202907589881647239e-03 2.590441736850164426e-06
6.683943685000000187e+03 1.189419456441238691e-03 2.590441736850164426e-06
6.691940655000000334e+03 1.174540358333752820e-03 2.590441736850164426e-06
6.699937624999999571e+03 1.166375473893065074e-03 2.590441736850164426e-06
6.707934594999999717e+03 1.155342178184308845e-03 2.590441736850164426e-06
6.715931564999999864e+03 1.148201878368658793e-03 2.590441736850164426e-06
6.723928535000000011e+03 1.143312218965687006e-03 2.590441736850164426e-06
6.731925505000000157e+03 1.140924803444733895e-03 2.590441736850164426e-06
6.739922474999999395e+03 1.141921197762151875e-03 2.590441736850164426e-06
6.747919444999999541e+03 1.133595333972153797e-03 2.590441736850164426e-06
6.755916414999999688e+03 1.128106707654984771e-03 2.590441736850164426e-06
6.763913384999999835e+03 1.124786942388286129e-03 2.590441736850164426e-06
6.771910354999999981e+03 1.124061361307897430e-03 2.590441736850164426e-06
6.779907325000000128e+03 1.121456207470666790e-03 2.590441736850164426e-06
6.787904295000000275e+03 1.120328930253404335e-03 2.590441736850164426e-06
6.795901264999999512e+03 1.121904083634734728e-03 2.590441736850164426e-06
6.803898234999999659e+03 1.115131778097061717e-03 2.590441736850164426e-06
6.811895204999999805e+03 1.112440115303287231e-03 2.590441736850164426e-06
6.819892174999999952e+03 1.109771156639532573e-03 2.590441736850164426e-06
6.827889145000000099e+03 1.109125494134505533e-03 2.590441736850164426e-06
6.835886114999999336e+03 1.103082322457861432e-03 2.590441736850164426e-06
6.843883084999999483e+03 1.099037028727209821e-03 2.590441736850164426e-06
6.851880054999999629e+03 1.095002160790333389e-03 2.590441736850164426e-06
6.859877024999999776e+03 1.093895104521391218e-03 2.590441736850164426e-06
6.867873994999999923e+03 1.087762220793393264e-03 2.590441736850164426e-06
6.875870965000000069e+03 1.088894557834628940e-03 2.590441736850164426e-06
6.883867935000000216e+03 1.082297710136681307e-03 2.590441736850164426e-06
6.891864904999999453e+03 1.082614342242406045e-03 2.590441736850164426e-06
6.899861874999999600e+03 1.075482621680448657e-03 2.590441736850164426e-06
6.907858844999999747e+03 1.075837911284386553e-03 2.590441736850164426e-06
6.915855814999999893e+03 1.071924102589197044e-03 2.590441736850164426e-06
6.923852784999999130e+03 1.067890418584679230e-03 2.590441736850164426e-06
6.931849754999999277e+03 1.066772400720980606e-03 2.590441736850164426e-06
6.939846724999999424e+03 1.062746189862426392e-03 2.590441736850164426e-06
6.947843694999999570e+03 1.060868523981267847e-03 2.590441736850164426e-06
6.955840664999999717e+03 1.054402648402116794e-03 2.590441736850164426e-06
6.963837634999999864e+03 1.053353869238491010e-03 2.590441736850164426e-06
6.971834605000000010e+03 1.051768734593598424e-03 2.590441736850164426e-06
6.979831575000000157e+03 1.043750190389317999e-03 2.590441736850164426e-06
6.987828544999999394e+03 1.045079930182550533e-03 2.590441736850164426e-06
6.995825514999999541e+03 1.042424613943012226e-03 2.590441736850164426e-06
