6.204125485000000481e+03 1.372517924982541264e-03 2.590441736850164426e-06
6.212122455000000627e+03 1.370652135407250281e-03 2.590441736850164426e-06
6.220119425000000774e+03 1.364452848980346900e-03 2.590441736850164426e-06
6.228116395000000011e+03 1.359762945916086815e-03 2.590441736850164426e-06
6.236113365000000158e+03 1.356139692780743925e-03 2.590441736850164426e-06
6.244110335000000305e+03 1.349319449245168058e-03 2.590441736850164426e-06
6.252107305000000451e+03 1.347341753850752602e-03 2.590441736850164426e-06
6.260104275000000598e+03 1.346072581954914187e-03 2.590441736850164426e-06
6.268101244999999835e+03 1.337552720840538834e-03 2.590441736850164426e-06
6.276098214999999982e+03 1.337071954019219966e-03 2.590441736850164426e-06
6.284095185000000129e+03 1.329537080103623814e-03 2.590441736850164426e-06
6.292092155000000275e+03 1.333295287843301027e-03 2.590441736850164426e-06
6.300089125000000422e+03 1.323619363514910935e-03 2.590441736850164426e-06
6.308086095000000569e+03 1.320686040190177527e-03 2.590441736850164426e-06
6.316083065000000715e+03 1.318959314101604942e-03 2.590441736850164426e-06
6.324080034999999953e+03 1.319079444280634762e-03 2.590441736850164426e-06
6.332077005000000099e+03 1.308410481018511349e-03 2.590441736850164426e-06
6.340073975000000246e+03 1.312536266260150427e-03 2.590441736850164426e-06
6.348070945000000393e+03 1.301437984913723835e-03 2.590441736850164426e-06
6.356067915000000539e+03 1.302523604493520436e-03 2.590441736850164426e-06
6.364064884999999776e+03 1.299462824867037448e-03 2.590441736850164426e-06
6.372061854999999923e+03 1.299636310412144837e-03 2.590441736850164426e-06
6.380058825000000070e+03 1.289691430147549018e-03 2.590441736850164426e-06
6.388055795000000217e+03 1.288460061124270528e-03 2.590441736850164426e-06
6.396052765000000363e+03 1.284822176162650357e-03 2.590441736850164426e-06
6.404049735000000510e+03 1.278823464144163537e-03 2.590441736850164426e-06
6.412046705000000657e+03 1.282577928192542597e-03 2.590441736850164426e-06
6.420043674999999894e+03 1.281131147335273562e-03 2.590441736850164426e-06
6.428040645000000040e+03 1.278967080028719106e-03 2.590441736850164426e-06
6.436037615000000187e+03 1.285591520325165974e-03 2.590441736850164426e-06
6.444034585000000334e+03 1.286054294533989879e-03 2.590441736850164426e-06
6.452031555000000481e+03 1.289147272332454150e-03 2.590441736850164426e-06
6.460028524999999718e+03 1.301483742898161804e-03 2.590441736850164426e-06
6.468025494999999864e+03 1.307548296550157434e-03 2.590441736850164426e-06
6.476022465000000011e+03 1.318372670749262936e-03 2.590441736850164426e-06
6.484019435000000158e+03 1.337500303327368578e-03 2.590441736850164426e-06
6.492016405000000304e+03 1.355220946248405231e-03 2.590441736850164426e-06
6.500013375000000451e+03 1.368903359293633781e-03 2.590441736850164426e-06
6.508010345000000598e+03 1.381660596259036118e-03 2.590441736850164426e-06
6.516007314999999835e+03 1.382800998923092899e-03 2.590441736850164426e-06
6.524004284999999982e+03 1.367615115620425320e-03 2.590441736850164426e-06
6.532001255000000128e+03 1.351189752427750784e-03 2.590441736850164426e-06
6.539998225000000275e+03 1.346118469368296714e-03 2.590441736850164426e-06
6.547995194999999512e+03 1.339444738186599702e-03 2.590441736850164426e-06
6.555992164999999659e+03 1.334493625801186226e-03 2.590441736850164426e-06
6.563989134999999806e+03 1.334571854120657989e-03 2.590441736850164426e-06
6.571986104999999952e+03 1.328718475220851602e-03 2.590441736850164426e-06
6.579983075000000099e+03 1.336981806898154086e-03 2.590441736850164426e-06
6.587980045000000246e+03 1.336858799433491207e-03 2.590441736850164426e-06
6.595977015000000392e+03 1.358203552523889806e-03 2.590441736850164426e-06
6.603973985000000539e+03 1.364632891261892801e-03 2.590441736850164426e-06
6.611970954999999776e+03 1.369092885671937621e-03 2.590441736850164426e-06
6.619967924999999923e+03 1.360468352912865692e-03 2.590441736850164426e-06
6.627964895000000070e+03 1.348549902875776415e-03 2.590441736850164426e-06
6.635961865000000216e+03 1.324900424962045754e-03 2.590441736850164426e-06
6.643958834999999453e+03 1.297577132622680478e-03 2.590441736850164426e-06
6.651955804999999600e+03 1.271598985473725496e-03 2.590441736850164426e-06
6.659952774999999747e+03 1.246224023586970904e-03 2.590441736850164426e-06
6.667949744999999893e+03 1.223918981125128461e-03 2.590441736850164426e-06
6.675946715000000040e+03 1.209866867977414532e-03 2.590441736850164426e-06
6.683943685000000187e+03 1.199613962084452451e-03 2.590441736850164426e-06
6.691940655000000334e+03 1.190617618580174647e-03 2.590441736850164426e-06
6.699937624999999571e+03 1.174716919056651657e-03 2.590441736850164426e-06
6.707934594999999717e+03 1.162731074934515154e-03 2.590441736850164426e-06
6.715931564999999864e+03 1.159881539151378900e-03 2.590441736850164426e-06
6.723928535000000011e+03 1.156246921838126980e-03 2.590441736850164426e-06
6.731925505000000157e+03 1.148087989818071366e-03 2.590441736850164426e-06
6.739922474999999395e+03 1.147318695182949003e-03 2.590441736850164426e-06
6.747919444999999541e+03 1.148457392367036728e-03 2.590441736850164426e-06
6.755916414999999688e+03 1.138337070834274326e-03 2.590441736850164426e-06
6.763913384999999835e+03 1.141306790795183594e-03 2.590441736850164426e-06
6.771910354999999981e+03 1.137481064749219523e-03 2.590441736850164426e-06
6.779907325000000128e+03 1.129076807203835582e-03 2.590441736850164426e-06
6.787904295000000275e+03 1.132652032093604518e-03 2.590441736850164426e-06
6.795901264999999512e+03 1.126280387933805858e-03 2.590441736850164426e-06
6.803898234999999659e+03 1.124263636051125526e-03 2.590441736850164426e-06
6.811895204999999805e+03 1.122302297566930666e-03 2.590441736850164426e-06
6.819892174999999952e+03 1.120920705116449896e-03 2.590441736850164426e-06
6.827889145000000099e+03 1.108864525764623231e-03 2.590441736850164426e-06
6.835886114999999336e+03 1.109013193139059489e-03 2.590441736850164426e-06
6.843883084999999483e+03 1.112737993716457572e-03 2.590441736850164426e-06
6.851880054999999629e+03 1.104319490416187568e-03 2.590441736850164426e-06
6.859877024999999776e+03 1.100341178109547633e-03 2.590441736850164426e-06
6.867873994999999923e+03 1.097174224080535616e-03 2.590441736850164426e-06
6.875870965000000069e+03 1.093731985930653221e-03 2.590441736850164426e-06
6.883867935000000216e+03 1.096817272340851841e-03 2.590441736850164426e-06
6.891864904999999453e+03 1.086460703244658717e-03 2.590441736850164426e-06
6.899861874999999600e+03 1.082987142575259423e-03 2.590441736850164426e-06
6.907858844999999747e+03 1.086521250403092590e-03 2.590441736850164426e-06
6.915855814999999893e+03 1.077196075331927211e-03 2.590441736850164426e-06
6.923852784999999130e+03 1.081860217212123748e-03 2.590441736850164426e-06
6.931849754999999277e+03 1.076762184683153524e-03 2.590441736850164426e-06
6.939846724999999424e+03 1.069681669121762616e-03 2.590441736850164426e-06
6.947843694999999570e+03 1.066951046651630052e-03 2.590441736850164426e-06
6.955840664999999717e+03 1.065665720650890019e-03 2.590441736850164426e-06
6.963837634999999864e+03 1.060135345141941746e-03 2.590441736850164426e-06
6.971834605000000010e+03 1.054504270682476812e-03 2.590441736850164426e-06
6.979831575000000157e+03 1.055356953002885506e-03 2.590441736850164426e-06
6.987828544999999394e+03 1.050022057494547165e-03 2.590441736850164426e-06
6.995825514999999541e+03 1.045954189984308865e-03 2.590441736850164426e-06
