6.204125485000000481e+03 1.330303162974635000e-03 2.590441736850164426e-06
6.212122455000000627e+03 1.329503728156235286e-03 2.590441736850164426e-06
6.220119425000000774e+03 1.328186418162876801e-03 2.590441736850164426e-06
6.228116395000000011e+03 1.316837927386326325e-03 2.590441736850164426e-06
6.236113365000000158e+03 1.315794492529515991e-03 2.590441736850164426e-06
6.244110335000000305e+03 1.312544934182491253e-03 2.590441736850164426e-06
6.252107305000000451e+03 1.311840112231872114e-03 2.590441736850164426e-06
6.260104275000000598e+03 1.307693504482774528e-03 2.590441736850164426e-06
6.268101244999999835e+03 1.303297067211398475e-03 2.590441736850164426e-06
6.276098214999999982e+03 1.299860634171072114e-03 2.590441736850164426e-06
6.284095185000000129e+03 1.300834711206485909e-03 2.590441736850164426e-06
6.292092155000000275e+03 1.303102656703908476e-03 2.590441736850164426e-06
6.300089125000000422e+03 1.291846904042767219e-03 2.590441736850164426e-06
6.308086095000000569e+03 1.288840145431762417e-03 2.590441736850164426e-06
6.316083065000000715e+03 1.287927907378449846e-03 2.590441736850164426e-06
6.324080034999999953e+03 1.285615007153598829e-03 2.590441736850164426e-06
6.332077005000000099e+03 1.278265493114032463e-03 2.590441736850164426e-06
6.340073975000000246e+03 1.272081665119729251e-03 2.590441736850164426e-06
6.348070945000000393e+03 1.270885857606382638e-03 2.590441736850164426e-06
6.356067915000000539e+03 1.267461985838545021e-03 2.590441736850164426e-06
6.364064884999999776e+03 1.264849584687903310e-03 2.590441736850164426e-06
6.372061854999999923e+03 1.259009342576147307e-03 2.590441736850164426e-06
6.380058825000000070e+03 1.260833773489955728e-03 2.590441736850164426e-06
6.388055795000000217e+03 1.251155023895590039e-03 2.590441736850164426e-06
6.396052765000000363e+03 1.252657299254700133e-03 2.590441736850164426e-06
6.404049735000000510e+03 1.245572620816416632e-03 2.590441736850164426e-06
6.412046705000000657e+03 1.251769919189747119e-03 2.590441736850164426e-06
6.420043674999999894e+03 1.248223342843066347e-03 2.590441736850164426e-06
6.428040645000000040e+03 1.251090048435691063e-03 2.590441736850164426e-06
6.436037615000000187e+03 1.256896728037400733e-03 2.590441736850164426e-06
6.444034585000000334e+03 1.254866463182860437e-03 2.590441736850164426e-06
6.452031555000000481e+03 1.261036064864860546e-03 2.590441736850164426e-06
6.460028524999999718e+03 1.264835166349916442e-03 2.590441736850164426e-06
6.468025494999999864e+03 1.280056925488432104e-03 2.590441736850164426e-06
6.476022465000000011e+03 1.293030649476169594e-03 2.590441736850164426e-06
6.484019435000000158e+03 1.303128942735178519e-03 2.590441736850164426e-06
6.492016405000000304e+03 1.319775419797835844e-03 2.590441736850164426e-06
6.500013375000000451e+03 1.336674751216049371e-03 2.590441736850164426e-06
6.508010345000000598e+03 1.345781649900655531e-03 2.590441736850164426e-06
6.516007314999999835e+03 1.350359194554647761e-03 2.590441736850164426e-06
6.524004284999999982e+03 1.345921802747434420e-03 2.590441736850164426e-06
6.532001255000000128e+03 1.336376762465183018e-03 2.590441736850164426e-06
6.539998225000000275e+03 1.320000025792228806e-03 2.590441736850164426e-06
6.547995194999999512e+03 1.322258000040108959e-03 2.590441736850164426e-06
6.555992164999999659e+03 1.315226151190280633e-03 2.590441736850164426e-06
6.563989134999999806e+03 1.313046468079896245e-03 2.590441736850164426e-06
6.571986104999999952e+03 1.315537018411786288e-03 2.590441736850164426e-06
6.579983075000000099e+03 1.315690023560315810e-03 2.590441736850164426e-06
6.587980045000000246e+03 1.313291841052247663e-03 2.590441736850164426e-06
6.595977015000000392e+03 1.338738837652723350e-03 2.590441736850164426e-06
6.603973985000000539e+03 1.336477411141010537e-03 2.590441736850164426e-06
6.611970954999999776e+03 1.342068353315671939e-03 2.590441736850164426e-06
6.619967924999999923e+03 1.330936442973339011e-03 2.590441736850164426e-06
6.627964895000000070e+03 1.318218703229419916e-03 2.590441736850164426e-06
6.635961865000000216e+03 1.290641813596460309e-03 2.590441736850164426e-06
6.643958834999999453e+03 1.268141014808791970e-03 2.590441736850164426e-06
6.651955804999999600e+03 1.240050630616602043e-03 2.590441736850164426e-06
6.659952774999999747e+03 1.216639366947460527e-03 2.590441736850164426e-06
6.667949744999999893e+03 1.200348792154493213e-03 2.590441736850164426e-06
6.675946715000000040e+03 1.184049091869469449e-03 2.590441736850164426e-06
6.683943685000000187e+03 1.174593502147768496e-03 2.590441736850164426e-06
6.691940655000000334e+03 1.164589164157455153e-03 2.590441736850164426e-06
6.699937624999999571e+03 1.147223252743475620e-03 2.590441736850164426e-06
6.707934594999999717e+03 1.147712752064835489e-03 2.590441736850164426e-06
6.715931564999999864e+03 1.134612878526810881e-03 2.590441736850164426e-06
6.723928535000000011e+03 1.130520621087396232e-03 2.590441736850164426e-06
6.731925505000000157e+03 1.118523168358326152e-03 2.590441736850164426e-06
6.739922474999999395e+03 1.120110135700460967e-03 2.590441736850164426e-06
6.747919444999999541e+03 1.117151678483619803e-03 2.590441736850164426e-06
6.755916414999999688e+03 1.114041427296672080e-03 2.590441736850164426e-06
6.763913384999999835e+03 1.108510217404953683e-03 2.590441736850164426e-06
6.771910354999999981e+03 1.101767760245000657e-03 2.590441736850164426e-06
6.779907325000000128e+03 1.102477517409752991e-03 2.590441736850164426e-06
6.787904295000000275e+03 1.097564480395445954e-03 2.590441736850164426e-06
6.795901264999999512e+03 1.099397916878722473e-03 2.590441736850164426e-06
6.803898234999999659e+03 1.093690866505083858e-03 2.590441736850164426e-06
6.811895204999999805e+03 1.090950177086358851e-03 2.590441736850164426e-06
6.819892174999999952e+03 1.088741608582308520e-03 2.590441736850164426e-06
6.827889145000000099e+03 1.082923799527552629e-03 2.590441736850164426e-06
6.835886114999999336e+03 1.082205643893490322e-03 2.590441736850164426e-06
6.843883084999999483e+03 1.077082743223365703e-03 2.590441736850164426e-06
6.851880054999999629e+03 1.074602503122064866e-03 2.590441736850164426e-06
6.859877024999999776e+03 1.066049282107620804e-03 2.590441736850164426e-06
6.867873994999999923e+03 1.068923774063375298e-03 2.590441736850164426e-06
6.875870965000000069e+03 1.065586457275462598e-03 2.590441736850164426e-06
6.883867935000000216e+03 1.066742390449286699e-03 2.590441736850164426e-06
6.891864904999999453e+03 1.058939534985321295e-03 2.590441736850164426e-06
6.899861874999999600e+03 1.055344787357392986e-03 2.590441736850164426e-06
6.907858844999999747e+03 1.056098209228567304e-03 2.590441736850164426e-06
6.915855814999999893e+03 1.051099682739196775e-03 2.590441736850164426e-06
6.923852784999999130e+03 1.047756392744736203e-03 2.590441736850164426e-06
6.931849754999999277e+03 1.042734462682524911e-03 2.590441736850164426e-06
6.939846724999999424e+03 1.042447030402321451e-03 2.590441736850164426e-06
6.947843694999999570e+03 1.034743023290043799e-03 2.590441736850164426e-06
6.955840664999999717e+03 1.034489168199419001e-03 2.590441736850164426e-06
6.963837634999999864e+03 1.030716821933925966e-03 2.590441736850164426e-06
6.971834605000000010e+03 1.027332513427329239e-03 2.590441736850164426e-06
6.979831575000000157e+03 1.026370595585509920e-03 2.590441736850164426e-06
6.987828544999999394e+03 1.020995192649221898e-03 2.590441736850164426e-06
6.995825514999999541e+03 1.017427727686194073e-03 2.590441736850164426e-06
