6.204125485000000481e+03 1.276957313010294338e-03 2.590441736850164426e-06
6.212122455000000627e+03 1.272196873375538518e-03 2.590441736850164426e-06
6.220119425000000774e+03 1.275838197357900263e-03 2.590441736850164426e-06
6.228116395000000011e+03 1.270157197674703703e-03 2.590441736850164426e-06
6.236113365000000158e+03 1.265540645519300884e-03 2.590441736850164426e-06
6.244110335000000305e+03 1.256055871993626023e-03 2.590441736850164426e-06
6.252107305000000451e+03 1.261444138310726607e-03 2.590441736850164426e-06
6.260104275000000598e+03 1.251067953497126762e-03 2.590441736850164426e-06
6.268101244999999835e+03 1.254251690469707515e-03 2.590441736850164426e-06
6.276098214999999982e+03 1.247122863087265316e-03 2.590441736850164426e-06
6.284095185000000129e+03 1.244941584248159244e-03 2.590441736850164426e-06
6.292092155000000275e+03 1.240767432442326131e-03 2.590441736850164426e-06
6.300089125000000422e+03 1.239491500586218861e-03 2.590441736850164426e-06
6.308086095000000569e+03 1.235595328603596296e-03 2.590441736850164426e-06
6.316083065000000715e+03 1.229848579375330013e-03 2.590441736850164426e-06
6.324080034999999953e+03 1.227384920274096928e-03 2.590441736850164426e-06
6.332077005000000099e+03 1.225161334482202571e-03 2.590441736850164426e-06
6.340073975000000246e+03 1.222694847148922924e-03 2.590441736850164426e-06
6.348070945000000393e+03 1.215346233387574418e-03 2.590441736850164426e-06
6.356067915000000539e+03 1.217201253186824808e-03 2.590441736850164426e-06
6.364064884999999776e+03 1.203072227566676349e-03 2.590441736850164426e-06
6.372061854999999923e+03 1.202804020118940827e-03 2.590441736850164426e-06
6.380058825000000070e+03 1.205021803722131513e-03 2.590441736850164426e-06
6.388055795000000217e+03 1.201945602163469965e-03 2.590441736850164426e-06
6.396052765000000363e+03 1.191926863258511819e-03 2.590441736850164426e-06
6.404049735000000510e+03 1.192696746437884626e-03 2.590441736850164426e-06
6.412046705000000657e+03 1.195193152998990857e-03 2.590441736850164426e-06
6.420043674999999894e+03 1.195566327294333682e-03 2.590441736850164426e-06
6.428040645000000040e+03 1.194524679058452023e-03 2.590441736850164426e-06
6.436037615000000187e+03 1.194283678474776338e-03 2.590441736850164426e-06
6.444034585000000334e+03 1.203784413644358627e-03 2.590441736850164426e-06
6.452031555000000481e+03 1.202344420178911568e-03 2.590441736850164426e-06
6.460028524999999718e+03 1.210100045440866542e-03 2.590441736850164426e-06
6.468025494999999864e+03 1.222402588780700013e-03 2.590441736850164426e-06
6.476022465000000011e+03 1.235752218986176315e-03 2.590441736850164426e-06
6.484019435000000158e+03 1.252637806868442524e-03 2.590441736850164426e-06
6.492016405000000304e+03 1.268204512581246318e-03 2.590441736850164426e-06
6.500013375000000451e+03 1.287534348407237423e-03 2.590441736850164426e-06
6.508010345000000598e+03 1.307438004188962071e-03 2.590441736850164426e-06
6.516007314999999835e+03 1.305618287728218998e-03 2.590441736850164426e-06
6.524004284999999982e+03 1.303560386192508360e-03 2.590441736850164426e-06
6.532001255000000128e+03 1.285817855592701151e-03 2.590441736850164426e-06
6.539998225000000275e+03 1.273859883892009513e-03 2.590441736850164426e-06
6.547995194999999512e+03 1.268422676999522583e-03 2.590441736850164426e-06
6.555992164999999659e+03 1.267101072946234417e-03 2.590441736850164426e-06
6.563989134999999806e+03 1.258652308497375076e-03 2.590441736850164426e-06
6.571986104999999952e+03 1.264534611805126409e-03 2.590441736850164426e-06
6.579983075000000099e+03 1.263674387439140019e-03 2.590441736850164426e-06
6.587980045000000246e+03 1.269949920579423706e-03 2.590441736850164426e-06
6.595977015000000392e+03 1.286047034576902120e-03 2.590441736850164426e-06
6.603973985000000539e+03 1.299043462934230389e-03 2.590441736850164426e-06
6.611970954999999776e+03 1.298545952102974710e-03 2.590441736850164426e-06
6.619967924999999923e+03 1.285557035832766981e-03 2.590441736850164426e-06
6.627964895000000070e+03 1.273997130270292186e-03 2.590441736850164426e-06
6.635961865000000216e+03 1.248102763089150094e-03 2.590441736850164426e-06
6.643958834999999453e+03 1.210774606858530189e-03 2.590441736850164426e-06
6.651955804999999600e+03 1.189765341672626136e-03 2.590441736850164426e-06
6.659952774999999747e+03 1.165121077922290013e-03 2.590441736850164426e-06
6.667949744999999893e+03 1.147347298011397844e-03 2.590441736850164426e-06
6.675946715000000040e+03 1.133873786375524245e-03 2.590441736850164426e-06
6.683943685000000187e+03 1.121004886163432229e-03 2.590441736850164426e-06
6.691940655000000334e+03 1.107700835456175035e-03 2.590441736850164426e-06
6.699937624999999571e+03 1.097097854381277968e-03 2.590441736850164426e-06
6.707934594999999717e+03 1.090616047725429926e-03 2.590441736850164426e-06
6.715931564999999864e+03 1.080711428724769703e-03 2.590441736850164426e-06
6.723928535000000011e+03 1.078132015337709059e-03 2.590441736850164426e-06
6.731925505000000157e+03 1.066682540145760805e-03 2.590441736850164426e-06
6.739922474999999395e+03 1.069509452062264747e-03 2.590441736850164426e-06
6.747919444999999541e+03 1.068689644870027440e-03 2.590441736850164426e-06
6.755916414999999688e+03 1.058650636842787445e-03 2.590441736850164426e-06
6.763913384999999835e+03 1.064697611771607847e-03 2.590441736850164426e-06
6.771910354999999981e+03 1.061611633018406855e-03 2.590441736850164426e-06
6.779907325000000128e+03 1.050514808137204079e-03 2.590441736850164426e-06
6.787904295000000275e+03 1.051370749828269609e-03 2.590441736850164426e-06
6.795901264999999512e+03 1.050928083560719560e-03 2.590441736850164426e-06
6.803898234999999659e+03 1.050479499211017355e-03 2.590441736850164426e-06
6.811895204999999805e+03 1.037474511180120403e-03 2.590441736850164426e-06
6.819892174999999952e+03 1.044884609788108293e-03 2.590441736850164426e-06
6.827889145000000099e+03 1.037233227254899179e-03 2.590441736850164426e-06
6.835886114999999336e+03 1.036155673407184808e-03 2.590441736850164426e-06
6.843883084999999483e+03 1.033451454433870209e-03 2.590441736850164426e-06
6.851880054999999629e+03 1.027493160635484714e-03 2.590441736850164426e-06
6.859877024999999776e+03 1.026257861343245681e-03 2.590441736850164426e-06
6.867873994999999923e+03 1.023148975479376511e-03 2.590441736850164426e-06
6.875870965000000069e+03 1.020415061851557290e-03 2.590441736850164426e-06
6.883867935000000216e+03 1.017831625929605747e-03 2.590441736850164426e-06
6.891864904999999453e+03 1.018359301459059035e-03 2.590441736850164426e-06
6.899861874999999600e+03 1.010406003420838200e-03 2.590441736850164426e-06
6.907858844999999747e+03 1.006299827124879434e-03 2.590441736850164426e-06
6.915855814999999893e+03 1.005663724014248467e-03 2.590441736850164426e-06
6.923852784999999130e+03 1.005727860112964238e-03 2.590441736850164426e-06
6.931849754999999277e+03 9.995674992317102586e-04 2.590441736850164426e-06
6.939846724999999424e+03 1.001035723832128512e-03 2.590441736850164426e-06
6.947843694999999570e+03 9.943584290076270399e-04 2.590441736850164426e-06
6.955840664999999717e+03 9.960626170660668958e-04 2.590441736850164426e-06
6.963837634999999864e+03 9.932073421678245303e-04 2.590441736850164426e-06
6.971834605000000010e+03 9.856400610880697993e-04 2.590441736850164426e-06
6.979831575000000157e+03 9.884122904717867423e-04 2.590441736850164426e-06
6.987828544999999394e+03 9.809996660498632431e-04 2.590441736850164426e-06
6.995825514999999541e+03 9.795238453503695049e-04 2.590441736850164426e-06
