6.204125485000000481e+03 1.458536763502559864e-03 2.590441736850164426e-06
6.212122455000000627e+03 1.459957632034065934e-03 2.590441736850164426e-06
6.220119425000000774e+03 1.450955946494409191e-03 2.590441736850164426e-06
6.228116395000000011e+03 1.447919855165251748e-03 2.590441736850164426e-06
6.236113365000000158e+03 1.443458148068385355e-03 2.590441736850164426e-06
6.244110335000000305e+03 1.441493438346851510e-03 2.590441736850164426e-06
6.252107305000000451e+03 1.434650648254779271e-03 2.590441736850164426e-06
6.260104275000000598e+03 1.433098522929218428e-03 2.590441736850164426e-06
6.268101244999999835e+03 1.426330036936662889e-03 2.590441736850164426e-06
6.276098214999999982e+03 1.426634936928093678e-03 2.590441736850164426e-06
6.284095185000000129e+03 1.424662171369390183e-03 2.590441736850164426e-06
6.292092155000000275e+03 1.419763720487937642e-03 2.590441736850164426e-06
6.300089125000000422e+03 1.417155406827700238e-03 2.590441736850164426e-06
6.308086095000000569e+03 1.410724540349070745e-03 2.590441736850164426e-06
6.316083065000000715e+03 1.404321641675726050e-03 2.590441736850164426e-06
6.324080034999999953e+03 1.402269336421988182e-03 2.590441736850164426e-06
6.332077005000000099e+03 1.399611701383204378e-03 2.590441736850164426e-06
6.340073975000000246e+03 1.397088355471040079e-03 2.590441736850164426e-06
6.348070945000000393e+03 1.390331021256550415e-03 2.590441736850164426e-06
6.356067915000000539e+03 1.388618407492426404e-03 2.590441736850164426e-06
6.364064884999999776e+03 1.386344736037273522e-03 2.590441736850164426e-06
6.372061854999999923e+03 1.383082436984195895e-03 2.590441736850164426e-06
6.380058825000000070e+03 1.378388771755117417e-03 2.590441736850164426e-06
6.388055795000000217e+03 1.375349956885654149e-03 2.590441736850164426e-06
6.396052765000000363e+03 1.369161111290894718e-03 2.590441736850164426e-06
6.404049735000000510e+03 1.366479497392468880e-03 2.590441736850164426e-06
6.412046705000000657e+03 1.368316074818242594e-03 2.590441736850164426e-06
6.420043674999999894e+03 1.363394462786842462e-03 2.590441736850164426e-06
6.428040645000000040e+03 1.369624907130733435e-03 2.590441736850164426e-06
6.436037615000000187e+03 1.371131773722396308e-03 2.590441736850164426e-06
6.444034585000000334e+03 1.373493575498264214e-03 2.590441736850164426e-06
6.452031555000000481e+03 1.381445255601265656e-03 2.590441736850164426e-06
6.460028524999999718e+03 1.375142230704411508e-03 2.590441736850164426e-06
6.468025494999999864e+03 1.395411292587200175e-03 2.590441736850164426e-06
6.476022465000000011e+03 1.405669158593497725e-03 2.590441736850164426e-06
6.484019435000000158e+03 1.425143271198157056e-03 2.590441736850164426e-06
6.492016405000000304e+03 1.438840052324531467e-03 2.590441736850164426e-06
6.500013375000000451e+03 1.453188546471875569e-03 2.590441736850164426e-06
6.508010345000000598e+03 1.458210037903826060e-03 2.590441736850164426e-06
6.516007314999999835e+03 1.466412375902525524e-03 2.590441736850164426e-06
6.524004284999999982e+03 1.463004602481730691e-03 2.590441736850164426e-06
6.532001255000000128e+03 1.444466997436580965e-03 2.590441736850164426e-06
6.539998225000000275e+03 1.427203812602302873e-03 2.590441736850164426e-06
6.547995194999999512e+03 1.424938710522222164e-03 2.590441736850164426e-06
6.555992164999999659e+03 1.428657907703786761e-03 2.590441736850164426e-06
6.563989134999999806e+03 1.416602799227125549e-03 2.590441736850164426e-06
6.571986104999999952e+03 1.416408715784034334e-03 2.590441736850164426e-06
6.579983075000000099e+03 1.421336249393040114e-03 2.590441736850164426e-06
6.587980045000000246e+03 1.426991222383352034e-03 2.590441736850164426e-06
6.595977015000000392e+03 1.442303320126291609e-03 2.590441736850164426e-06
6.603973985000000539e+03 1.451956739569483902e-03 2.590441736850164426e-06
6.611970954999999776e+03 1.453735008343782316e-03 2.590441736850164426e-06
6.619967924999999923e+03 1.444744194119210266e-03 2.590441736850164426e-06
6.627964895000000070e+03 1.429068134601749153e-03 2.590441736850164426e-06
6.635961865000000216e+03 1.402266019149327192e-03 2.590441736850164426e-06
6.643958834999999453e+03 1.380871687739908303e-03 2.590441736850164426e-06
6.651955804999999600e+03 1.351547244686620176e-03 2.590441736850164426e-06
6.659952774999999747e+03 1.327057999283878928e-03 2.590441736850164426e-06
6.667949744999999893e+03 1.301253538885296457e-03 2.590441736850164426e-06
6.675946715000000040e+03 1.297858050482722861e-03 2.590441736850164426e-06
6.683943685000000187e+03 1.280517393806164658e-03 2.590441736850164426e-06
6.691940655000000334e+03 1.265962918444602089e-03 2.590441736850164426e-06
6.699937624999999571e+03 1.258136544937822707e-03 2.590441736850164426e-06
6.707934594999999717e+03 1.251645246375238151e-03 2.590441736850164426e-06
6.715931564999999864e+03 1.238720508013820476e-03 2.590441736850164426e-06
6.723928535000000011e+03 1.225124468633101687e-03 2.590441736850164426e-06
6.731925505000000157e+03 1.230182214477138110e-03 2.590441736850164426e-06
6.739922474999999395e+03 1.224485387591140373e-03 2.590441736850164426e-06
6.747919444999999541e+03 1.218297888416962956e-03 2.590441736850164426e-06
6.755916414999999688e+03 1.219372392261441245e-03 2.590441736850164426e-06
6.763913384999999835e+03 1.210179865726667033e-03 2.590441736850164426e-06
6.771910354999999981e+03 1.209695645893866600e-03 2.590441736850164426e-06
6.779907325000000128e+03 1.207090743452659100e-03 2.590441736850164426e-06
6.787904295000000275e+03 1.203325646844598381e-03 2.590441736850164426e-06
6.795901264999999512e+03 1.203465432608993900e-03 2.590441736850164426e-06
6.803898234999999659e+03 1.198218967014444891e-03 2.590441736850164426e-06
6.811895204999999805e+03 1.192651410934596331e-03 2.590441736850164426e-06
6.819892174999999952e+03 1.187675200880398702e-03 2.590441736850164426e-06
6.827889145000000099e+03 1.188635623346045739e-03 2.590441736850164426e-06
6.835886114999999336e+03 1.181701994743467130e-03 2.590441736850164426e-06
6.843883084999999483e+03 1.177031066217923330e-03 2.590441736850164426e-06
6.851880054999999629e+03 1.179579460860826759e-03 2.590441736850164426e-06
6.859877024999999776e+03 1.175587510447457162e-03 2.590441736850164426e-06
6.867873994999999923e+03 1.164590387354620888e-03 2.590441736850164426e-06
6.875870965000000069e+03 1.166734745217543274e-03 2.590441736850164426e-06
6.883867935000000216e+03 1.162538961220230867e-03 2.590441736850164426e-06
6.891864904999999453e+03 1.159768929602276706e-03 2.590441736850164426e-06
6.899861874999999600e+03 1.154960716744885679e-03 2.590441736850164426e-06
6.907858844999999747e+03 1.156126055403669224e-03 2.590441736850164426e-06
6.915855814999999893e+03 1.155386905354751238e-03 2.590441736850164426e-06
6.923852784999999130e+03 1.144231325759385506e-03 2.590441736850164426e-06
6.931849754999999277e+03 1.143188938289027914e-03 2.590441736850164426e-06
6.939846724999999424e+03 1.138920794585798280e-03 2.590441736850164426e-06
6.947843694999999570e+03 1.136395700997962482e-03 2.590441736850164426e-06
6.955840664999999717e+03 1.133836771621588935e-03 2.590441736850164426e-06
6.963837634999999864e+03 1.132145998313242386e-03 2.590441736850164426e-06
6.971834605000000010e+03 1.128283778499037694e-03 2.590441736850164426e-06
6.979831575000000157e+03 1.121806374328020118e-03 2.590441736850164426e-06
6.987828544999999394e+03 1.120093825560788308e-03 2.590441736850164426e-06
6.995825514999999541e+03 1.119080699348955427e-03 2.590441736850164426e-06
