6.204125485000000481e+03 1.460827705154894808e-03 2.590441736850164426e-06
6.212122455000000627e+03 1.459865953584134910e-03 2.590441736850164426e-06
6.220119425000000774e+03 1.451521151211594566e-03 2.590441736850164426e-06
6.228116395000000011e+03 1.449236257310932341e-03 2.590441736850164426e-06
6.236113365000000158e+03 1.441976573483273651e-03 2.590441736850164426e-06
6.244110335000000305e+03 1.440350812161733879e-03 2.590441736850164426e-06
6.252107305000000451e+03 1.440979630720478667e-03 2.590441736850164426e-06
6.260104275000000598e+03 1.435953907016943552e-03 2.590441736850164426e-06
6.268101244999999835e+03 1.431250051616617678e-03 2.590441736850164426e-06
6.276098214999999982e+03 1.429163806453369150e-03 2.590441736850164426e-06
6.284095185000000129e+03 1.419559256265427640e-03 2.590441736850164426e-06
6.292092155000000275e+03 1.421148098251812618e-03 2.590441736850164426e-06
6.300089125000000422e+03 1.416109001823227581e-03 2.590441736850164426e-06
6.308086095000000569e+03 1.416694733196471228e-03 2.590441736850164426e-06
6.316083065000000715e+03 1.409651504170284777e-03 2.590441736850164426e-06
6.324080034999999953e+03 1.411258211779799297e-03 2.590441736850164426e-06
6.332077005000000099e+03 1.401170488482917720e-03 2.590441736850164426e-06
6.340073975000000246e+03 1.401309481061749785e-03 2.590441736850164426e-06
6.348070945000000393e+03 1.394121303978306404e-03 2.590441736850164426e-06
6.356067915000000539e+03 1.390070101925205233e-03 2.590441736850164426e-06
6.364064884999999776e+03 1.388930552959957579e-03 2.590441736850164426e-06
6.372061854999999923e+03 1.381807102031467997e-03 2.590441736850164426e-06
6.380058825000000070e+03 1.373892217760961645e-03 2.590441736850164426e-06
6.388055795000000217e+03 1.373565953319664948e-03 2.590441736850164426e-06
6.396052765000000363e+03 1.374407829985662896e-03 2.590441736850164426e-06
6.404049735000000510e+03 1.369551647356190890e-03 2.590441736850164426e-06
6.412046705000000657e+03 1.360775587598412901e-03 2.590441736850164426e-06
6.420043674999999894e+03 1.358072362839102395e-03 2.590441736850164426e-06
6.428040645000000040e+03 1.367764688354542683e-03 2.590441736850164426e-06
6.436037615000000187e+03 1.366286864014240121e-03 2.590441736850164426e-06
6.444034585000000334e+03 1.367989966528751359e-03 2.590441736850164426e-06
6.452031555000000481e+03 1.374043977220857542e-03 2.590441736850164426e-06
6.460028524999999718e+03 1.381849186478640787e-03 2.590441736850164426e-06
6.468025494999999864e+03 1.396990620562249237e-03 2.590441736850164426e-06
6.476022465000000011e+03 1.405536321702197198e-03 2.590441736850164426e-06
6.484019435000000158e+03 1.422319771452764097e-03 2.590441736850164426e-06
6.492016405000000304e+03 1.434304794489505829e-03 2.590441736850164426e-06
6.500013375000000451e+03 1.456243034911565903e-03 2.590441736850164426e-06
6.508010345000000598e+03 1.471195353707088153e-03 2.590441736850164426e-06
6.516007314999999835e+03 1.478320594809249579e-03 2.590441736850164426e-06
6.524004284999999982e+03 1.476245090529524360e-03 2.590441736850164426e-06
6.532001255000000128e+03 1.451422294061526820e-03 2.590441736850164426e-06
6.539998225000000275e+03 1.440308265972021053e-03 2.590441736850164426e-06
6.547995194999999512e+03 1.437370819962538069e-03 2.590441736850164426e-06
6.555992164999999659e+03 1.434706125885902182e-03 2.590441736850164426e-06
6.563989134999999806e+03 1.431787738238625082e-03 2.590441736850164426e-06
6.571986104999999952e+03 1.434592008891452187e-03 2.590441736850164426e-06
6.579983075000000099e+03 1.435310606650926296e-03 2.590441736850164426e-06
6.587980045000000246e+03 1.439970238036170471e-03 2.590441736850164426e-06
6.595977015000000392e+03 1.461427973951141910e-03 2.590441736850164426e-06
6.603973985000000539e+03 1.461691078225335269e-03 2.590441736850164426e-06
6.611970954999999776e+03 1.465282438855444215e-03 2.590441736850164426e-06
6.619967924999999923e+03 1.459234999929744049e-03 2.590441736850164426e-06
6.627964895000000070e+03 1.434954494487670866e-03 2.590441736850164426e-06
6.635961865000000216e+03 1.413334706836999986e-03 2.590441736850164426e-06
6.643958834999999453e+03 1.375104840068353896e-03 2.590441736850164426e-06
6.651955804999999600e+03 1.349071031208400528e-03 2.590441736850164426e-06
6.659952774999999747e+03 1.328651262926925812e-03 2.590441736850164426e-06
6.667949744999999893e+03 1.304370020085481247e-03 2.590441736850164426e-06
6.675946715000000040e+03 1.288970349600717259e-03 2.590441736850164426e-06
6.683943685000000187e+03 1.278442524777672999e-03 2.590441736850164426e-06
6.691940655000000334e+03 1.262531435829593015e-03 2.590441736850164426e-06
6.699937624999999571e+03 1.247544468653134699e-03 2.590441736850164426e-06
6.707934594999999717e+03 1.241966024188118035e-03 2.590441736850164426e-06
6.715931564999999864e+03 1.234620448159076981e-03 2.590441736850164426e-06
6.723928535000000011e+03 1.232839201196054722e-03 2.590441736850164426e-06
6.731925505000000157e+03 1.232452120782036266e-03 2.590441736850164426e-06
6.739922474999999395e+03 1.221965063148924228e-03 2.590441736850164426e-06
6.747919444999999541e+03 1.217483189528669341e-03 2.590441736850164426e-06
6.755916414999999688e+03 1.212994623923839685e-03 2.590441736850164426e-06
6.763913384999999835e+03 1.217193166351150831e-03 2.590441736850164426e-06
6.771910354999999981e+03 1.208559957150446684e-03 2.590441736850164426e-06
6.779907325000000128e+03 1.209296511377500787e-03 2.590441736850164426e-06
6.787904295000000275e+03 1.204739465588995119e-03 2.590441736850164426e-06
6.795901264999999512e+03 1.202541355985911869e-03 2.590441736850164426e-06
6.803898234999999659e+03 1.204986144031405847e-03 2.590441736850164426e-06
6.811895204999999805e+03 1.190117108088702353e-03 2.590441736850164426e-06
6.819892174999999952e+03 1.189422739719555016e-03 2.590441736850164426e-06
6.827889145000000099e+03 1.192936805373984860e-03 2.590441736850164426e-06
6.835886114999999336e+03 1.189318729474334859e-03 2.590441736850164426e-06
6.843883084999999483e+03 1.182862636864143039e-03 2.590441736850164426e-06
6.851880054999999629e+03 1.176900584686812676e-03 2.590441736850164426e-06
6.859877024999999776e+03 1.172089302414237389e-03 2.590441736850164426e-06
6.867873994999999923e+03 1.169556820204213773e-03 2.590441736850164426e-06
6.875870965000000069e+03 1.169406268640339362e-03 2.590441736850164426e-06
6.883867935000000216e+03 1.167875007337914857e-03 2.590441736850164426e-06
6.891864904999999453e+03 1.161935546351039938e-03 2.590441736850164426e-06
6.899861874999999600e+03 1.157904017555728970e-03 2.590441736850164426e-06
6.907858844999999747e+03 1.160432519630057602e-03 2.590441736850164426e-06
6.915855814999999893e+03 1.149443349808526756e-03 2.590441736850164426e-06
6.923852784999999130e+03 1.143566781802091105e-03 2.590441736850164426e-06
6.931849754999999277e+03 1.146570166871298214e-03 2.590441736850164426e-06
6.939846724999999424e+03 1.138803572905884272e-03 2.590441736850164426e-06
6.947843694999999570e+03 1.143420565186711261e-03 2.590441736850164426e-06
6.955840664999999717e+03 1.136122193318949867e-03 2.590441736850164426e-06
6.963837634999999864e+03 1.126249492174165963e-03 2.590441736850164426e-06
6.971834605000000010e+03 1.126465184025454919e-03 2.590441736850164426e-06
6.979831575000000157e+03 1.123647318883314039e-03 2.590441736850164426e-06
6.987828544999999394e+03 1.125572382220010013e-03 2.590441736850164426e-06
6.995825514999999541e+03 1.122198624817972133e-03 2.590441736850164426e-06
