6.204125485000000481e+03 1.349213215075517006e-03 2.590441736850164426e-06
6.212122455000000627e+03 1.348309096314475068e-03 2.590441736850164426e-06
6.220119425000000774e+03 1.339391272497825408e-03 2.590441736850164426e-06
6.228116395000000011e+03 1.335918278352116054e-03 2.590441736850164426e-06
6.236113365000000158e+03 1.337935892459703744e-03 2.590441736850164426e-06
6.244110335000000305e+03 1.328786591581384777e-03 2.590441736850164426e-06
6.252107305000000451e+03 1.331958273623669352e-03 2.590441736850164426e-06
6.260104275000000598e+03 1.325610749158758752e-03 2.590441736850164426e-06
6.268101244999999835e+03 1.326767774108653661e-03 2.590441736850164426e-06
6.276098214999999982e+03 1.314928620082842859e-03 2.590441736850164426e-06
6.284095185000000129e+03 1.318401810935209469e-03 2.590441736850164426e-06
6.292092155000000275e+03 1.317374103033425604e-03 2.590441736850164426e-06
6.300089125000000422e+03 1.306529241062976722e-03 2.590441736850164426e-06
6.308086095000000569e+03 1.305824677473975274e-03 2.590441736850164426e-06
6.316083065000000715e+03 1.301275676299793902e-03 2.590441736850164426e-06
6.324080034999999953e+03 1.301448854838698280e-03 2.590441736850164426e-06
6.332077005000000099e+03 1.294436142870518955e-03 2.590441736850164426e-06
6.340073975000000246e+03 1.293341569351916459e-03 2.590441736850164426e-06
6.348070945000000393e+03 1.288019984465197569e-03 2.590441736850164426e-06
6.356067915000000539e+03 1.284488323055041998e-03 2.590441736850164426e-06
6.364064884999999776e+03 1.277274802249996153e-03 2.590441736850164426e-06
6.372061854999999923e+03 1.274215955637627825e-03 2.590441736850164426e-06
6.380058825000000070e+03 1.269044789255935985e-03 2.590441736850164426e-06
6.388055795000000217e+03 1.267411313596529358e-03 2.590441736850164426e-06
6.396052765000000363e+03 1.267219548724781960e-03 2.590441736850164426e-06
6.404049735000000510e+03 1.259369166596571591e-03 2.590441736850164426e-06
6.412046705000000657e+03 1.251623362916467162e-03 2.590441736850164426e-06
6.420043674999999894e+03 1.256172307083910878e-03 2.590441736850164426e-06
6.428040645000000040e+03 1.254427943683058362e-03 2.590441736850164426e-06
6.436037615000000187e+03 1.261715821789298779e-03 2.590441736850164426e-06
6.444034585000000334e+03 1.263346243643256872e-03 2.590441736850164426e-06
6.452031555000000481e+03 1.267309473428074838e-03 2.590441736850164426e-06
6.460028524999999718e+03 1.276529546372421687e-03 2.590441736850164426e-06
6.468025494999999864e+03 1.287379618523225213e-03 2.590441736850164426e-06
6.476022465000000011e+03 1.305361546338030697e-03 2.590441736850164426e-06
6.484019435000000158e+03 1.322062464320803528e-03 2.590441736850164426e-06
6.492016405000000304e+03 1.338452126608587721e-03 2.590441736850164426e-06
6.500013375000000451e+03 1.350952266217912397e-03 2.590441736850164426e-06
6.508010345000000598e+03 1.368101306173269719e-03 2.590441736850164426e-06
6.516007314999999835e+03 1.376702776814928185e-03 2.590441736850164426e-06
6.524004284999999982e+03 1.369279774759609271e-03 2.590441736850164426e-06
6.532001255000000128e+03 1.351200287800170948e-03 2.590441736850164426e-06
6.539998225000000275e+03 1.335751636081326105e-03 2.590441736850164426e-06
6.547995194999999512e+03 1.326252724983192390e-03 2.590441736850164426e-06
6.555992164999999659e+03 1.329964942398797773e-03 2.590441736850164426e-06
6.563989134999999806e+03 1.327215265447142861e-03 2.590441736850164426e-06
6.571986104999999952e+03 1.322556071503197799e-03 2.590441736850164426e-06
6.579983075000000099e+03 1.324042246935279183e-03 2.590441736850164426e-06
6.587980045000000246e+03 1.329301698562652782e-03 2.590441736850164426e-06
6.595977015000000392e+03 1.344023969668145004e-03 2.590441736850164426e-06
6.603973985000000539e+03 1.359044624193524566e-03 2.590441736850164426e-06
6.611970954999999776e+03 1.362645201320001904e-03 2.590441736850164426e-06
6.619967924999999923e+03 1.346720321388498532e-03 2.590441736850164426e-06
6.627964895000000070e+03 1.342526192491463877e-03 2.590441736850164426e-06
6.635961865000000216e+03 1.310226566777413686e-03 2.590441736850164426e-06
6.643958834999999453e+03 1.283646051753579986e-03 2.590441736850164426e-06
6.651955804999999600e+03 1.263765861209424331e-03 2.590441736850164426e-06
6.659952774999999747e+03 1.229504773192792097e-03 2.590441736850164426e-06
6.667949744999999893e+03 1.205494449797980209e-03 2.590441736850164426e-06
6.675946715000000040e+03 1.189081831989969359e-03 2.590441736850164426e-06
6.683943685000000187e+03 1.175058143377175242e-03 2.590441736850164426e-06
6.691940655000000334e+03 1.166233792389899816e-03 2.590441736850164426e-06
6.699937624999999571e+03 1.150510392169549860e-03 2.590441736850164426e-06
6.707934594999999717e+03 1.144302938885649167e-03 2.590441736850164426e-06
6.715931564999999864e+03 1.146975470527798096e-03 2.590441736850164426e-06
6.723928535000000011e+03 1.136902162770209385e-03 2.590441736850164426e-06
6.731925505000000157e+03 1.127788735922785829e-03 2.590441736850164426e-06
6.739922474999999395e+03 1.127638477604262380e-03 2.590441736850164426e-06
6.747919444999999541e+03 1.123300154086906031e-03 2.590441736850164426e-06
6.755916414999999688e+03 1.121075227575022218e-03 2.590441736850164426e-06
6.763913384999999835e+03 1.116532894196166923e-03 2.590441736850164426e-06
6.771910354999999981e+03 1.117828760546595501e-03 2.590441736850164426e-06
6.779907325000000128e+03 1.120267627024364816e-03 2.590441736850164426e-06
6.787904295000000275e+03 1.113240106775927225e-03 2.590441736850164426e-06
6.795901264999999512e+03 1.109448176783848269e-03 2.590441736850164426e-06
6.803898234999999659e+03 1.111674035759808088e-03 2.590441736850164426e-06
6.811895204999999805e+03 1.099444127463668295e-03 2.590441736850164426e-06
6.819892174999999952e+03 1.104514594741829803e-03 2.590441736850164426e-06
6.827889145000000099e+03 1.100999977098946750e-03 2.590441736850164426e-06
6.835886114999999336e+03 1.092607444077900751e-03 2.590441736850164426e-06
6.843883084999999483e+03 1.090648983753474566e-03 2.590441736850164426e-06
6.851880054999999629e+03 1.084200413455187629e-03 2.590441736850164426e-06
6.859877024999999776e+03 1.084420915394694292e-03 2.590441736850164426e-06
6.867873994999999923e+03 1.086564786114569423e-03 2.590441736850164426e-06
6.875870965000000069e+03 1.079175925250941328e-03 2.590441736850164426e-06
6.883867935000000216e+03 1.078290297150306725e-03 2.590441736850164426e-06
6.891864904999999453e+03 1.067668292244084750e-03 2.590441736850164426e-06
6.899861874999999600e+03 1.071941682795787007e-03 2.590441736850164426e-06
6.907858844999999747e+03 1.067834226464441094e-03 2.590441736850164426e-06
6.915855814999999893e+03 1.066488856874131747e-03 2.590441736850164426e-06
6.923852784999999130e+03 1.062622405891708310e-03 2.590441736850164426e-06
6.931849754999999277e+03 1.056745511322122657e-03 2.590441736850164426e-06
6.939846724999999424e+03 1.059588092276411535e-03 2.590441736850164426e-06
6.947843694999999570e+03 1.051535258767089713e-03 2.590441736850164426e-06
6.955840664999999717e+03 1.047895915480835313e-03 2.590441736850164426e-06
6.963837634999999864e+03 1.048165584716970146e-03 2.590441736850164426e-06
6.971834605000000010e+03 1.043734985624857710e-03 2.590441736850164426e-06
6.979831575000000157e+03 1.044147518274478499e-03 2.590441736850164426e-06
6.987828544999999394e+03 1.038626733145440583e-03 2.590441736850164426e-06
6.995825514999999541e+03 1.032611152574514773e-03 2.590441736850164426e-06
