6.204125485000000481e+03 1.473156827392794674e-03 2.590441736850164426e-06
6.212122455000000627e+03 1.468216396099516086e-03 2.590441736850164426e-06
6.220119425000000774e+03 1.462246939509354591e-03 2.590441736850164426e-06
6.228116395000000011e+03 1.461106888346277392e-03 2.590441736850164426e-06
6.236113365000000158e+03 1.452142996752382904e-03 2.590441736850164426e-06
6.244110335000000305e+03 1.449948630059738706e-03 2.590441736850164426e-06
6.252107305000000451e+03 1.453045618448872657e-03 2.590441736850164426e-06
6.260104275000000598e+03 1.445100913925292593e-03 2.590441736850164426e-06
6.268101244999999835e+03 1.441137891110855131e-03 2.590441736850164426e-06
6.276098214999999982e+03 1.432406171778004582e-03 2.590441736850164426e-06
6.284095185000000129e+03 1.435500103211960390e-03 2.590441736850164426e-06
6.292092155000000275e+03 1.433013013294865334e-03 2.590441736850164426e-06
6.300089125000000422e+03 1.428807981527626791e-03 2.590441736850164426e-06
6.308086095000000569e+03 1.420432762999871736e-03 2.590441736850164426e-06
6.316083065000000715e+03 1.419321881388547297e-03 2.590441736850164426e-06
6.324080034999999953e+03 1.416855610475527402e-03 2.590441736850164426e-06
6.332077005000000099e+03 1.413143268560423200e-03 2.590441736850164426e-06
6.340073975000000246e+03 1.409612331175295712e-03 2.590441736850164426e-06
6.348070945000000393e+03 1.405606635790000291e-03 2.590441736850164426e-06
6.356067915000000539e+03 1.400785304345958469e-03 2.590441736850164426e-06
6.364064884999999776e+03 1.394292175435011237e-03 2.590441736850164426e-06
6.372061854999999923e+03 1.384769694018205856e-03 2.590441736850164426e-06
6.380058825000000070e+03 1.383889683199956804e-03 2.590441736850164426e-06
6.388055795000000217e+03 1.381485811207377318e-03 2.590441736850164426e-06
6.396052765000000363e+03 1.381267052330929562e-03 2.590441736850164426e-06
6.404049735000000510e+03 1.380648555722817535e-03 2.590441736850164426e-06
6.412046705000000657e+03 1.378854782003899456e-03 2.590441736850164426e-06
6.420043674999999894e+03 1.377775270188602748e-03 2.590441736850164426e-06
6.428040645000000040e+03 1.368888485340602956e-03 2.590441736850164426e-06
6.436037615000000187e+03 1.380591630711026181e-03 2.590441736850164426e-06
6.444034585000000334e+03 1.382022715856557086e-03 2.590441736850164426e-06
6.452031555000000481e+03 1.382197134421888707e-03 2.590441736850164426e-06
6.460028524999999718e+03 1.398231900469328656e-03 2.590441736850164426e-06
6.468025494999999864e+03 1.410372534375873427e-03 2.590441736850164426e-06
6.476022465000000011e+03 1.421533871073532096e-03 2.590441736850164426e-06
6.484019435000000158e+03 1.436826357647939464e-03 2.590441736850164426e-06
6.492016405000000304e+03 1.458485979712701624e-03 2.590441736850164426e-06
6.500013375000000451e+03 1.465501788929583467e-03 2.590441736850164426e-06
6.508010345000000598e+03 1.458899280192601589e-03 2.590441736850164426e-06
6.516007314999999835e+03 1.466443984353887463e-03 2.590441736850164426e-06
6.524004284999999982e+03 1.464643496530985446e-03 2.590441736850164426e-06
6.532001255000000128e+03 1.448734893572411293e-03 2.590441736850164426e-06
6.539998225000000275e+03 1.438453594513771023e-03 2.590441736850164426e-06
6.547995194999999512e+03 1.439374452761960294e-03 2.590441736850164426e-06
6.555992164999999659e+03 1.431229146941547046e-03 2.590441736850164426e-06
6.563989134999999806e+03 1.429646524375502133e-03 2.590441736850164426e-06
6.571986104999999952e+03 1.428569291340289977e-03 2.590441736850164426e-06
6.579983075000000099e+03 1.427968656289372402e-03 2.590441736850164426e-06
6.587980045000000246e+03 1.429561503102110519e-03 2.590441736850164426e-06
6.595977015000000392e+03 1.443033181509616181e-03 2.590441736850164426e-06
6.603973985000000539e+03 1.447612509475790362e-03 2.590441736850164426e-06
6.611970954999999776e+03 1.452398703930135246e-03 2.590441736850164426e-06
6.619967924999999923e+03 1.446296857209221918e-03 2.590441736850164426e-06
6.627964895000000070e+03 1.439628963875213890e-03 2.590441736850164426e-06
6.635961865000000216e+03 1.411225845658546337e-03 2.590441736850164426e-06
6.643958834999999453e+03 1.401433707883241713e-03 2.590441736850164426e-06
6.651955804999999600e+03 1.360167476342381571e-03 2.590441736850164426e-06
6.659952774999999747e+03 1.339579149872504628e-03 2.590441736850164426e-06
6.667949744999999893e+03 1.317569666470647105e-03 2.590441736850164426e-06
6.675946715000000040e+03 1.295909204825004867e-03 2.590441736850164426e-06
6.683943685000000187e+03 1.286726170081391434e-03 2.590441736850164426e-06
6.691940655000000334e+03 1.276830068155166906e-03 2.590441736850164426e-06
6.699937624999999571e+03 1.264626304248116532e-03 2.590441736850164426e-06
6.707934594999999717e+03 1.253165799500664552e-03 2.590441736850164426e-06
6.715931564999999864e+03 1.248325889681638472e-03 2.590441736850164426e-06
6.723928535000000011e+03 1.242681618162442712e-03 2.590441736850164426e-06
6.731925505000000157e+03 1.236226073512438316e-03 2.590441736850164426e-06
6.739922474999999395e+03 1.233536615334418322e-03 2.590441736850164426e-06
6.747919444999999541e+03 1.227176421104615766e-03 2.590441736850164426e-06
6.755916414999999688e+03 1.223470787283753320e-03 2.590441736850164426e-06
6.763913384999999835e+03 1.219337932335367138e-03 2.590441736850164426e-06
6.771910354999999981e+03 1.220704471202114410e-03 2.590441736850164426e-06
6.779907325000000128e+03 1.213827592252382341e-03 2.590441736850164426e-06
6.787904295000000275e+03 1.215187353303850753e-03 2.590441736850164426e-06
6.795901264999999512e+03 1.209193700049589811e-03 2.590441736850164426e-06
6.803898234999999659e+03 1.206916603614075975e-03 2.590441736850164426e-06
6.811895204999999805e+03 1.209382311852750819e-03 2.590441736850164426e-06
6.819892174999999952e+03 1.202246838119291764e-03 2.590441736850164426e-06
6.827889145000000099e+03 1.197500195026166654e-03 2.590441736850164426e-06
6.835886114999999336e+03 1.188299523164699145e-03 2.590441736850164426e-06
6.843883084999999483e+03 1.194961800509483380e-03 2.590441736850164426e-06
6.851880054999999629e+03 1.181886272541879520e-03 2.590441736850164426e-06
6.859877024999999776e+03 1.185199400700682332e-03 2.590441736850164426e-06
6.867873994999999923e+03 1.182782913069627779e-03 2.590441736850164426e-06
6.875870965000000069e+03 1.175439374826596755e-03 2.590441736850164426e-06
6.883867935000000216e+03 1.176690279997081061e-03 2.590441736850164426e-06
6.891864904999999453e+03 1.167030671831613235e-03 2.590441736850164426e-06
6.899861874999999600e+03 1.172340957525710211e-03 2.590441736850164426e-06
6.907858844999999747e+03 1.158643865165643770e-03 2.590441736850164426e-06
6.915855814999999893e+03 1.158636070505747288e-03 2.590441736850164426e-06
6.923852784999999130e+03 1.150593510203382465e-03 2.590441736850164426e-06
6.931849754999999277e+03 1.153401322479664579e-03 2.590441736850164426e-06
6.939846724999999424e+03 1.152857951791308282e-03 2.590441736850164426e-06
6.947843694999999570e+03 1.147656505449261158e-03 2.590441736850164426e-06
6.955840664999999717e+03 1.143206426107357425e-03 2.590441736850164426e-06
6.963837634999999864e+03 1.142039169045996243e-03 2.590441736850164426e-06
6.971834605000000010e+03 1.140951259354085374e-03 2.590441736850164426e-06
6.979831575000000157e+03 1.133912037978081992e-03 2.590441736850164426e-06
6.987828544999999394e+03 1.128992251076242148e-03 2.590441736850164426e-06
6.995825514999999541e+03 1.127003593064537920e-03 2.590441736850164426e-06
