6.204125485000000481e+03 1.843223857698988392e-03 2.590441736850164426e-06
6.212122455000000627e+03 1.840331315401301168e-03 2.590441736850164426e-06
6.220119425000000774e+03 1.834392309692204834e-03 2.590441736850164426e-06
6.228116395000000011e+03 1.828075034203086296e-03 2.590441736850164426e-06
6.236113365000000158e+03 1.830258614777792447e-03 2.590441736850164426e-06
6.244110335000000305e+03 1.826207712197562907e-03 2.590441736850164426e-06
6.252107305000000451e+03 1.821515842050482840e-03 2.590441736850164426e-06
6.260104275000000598e+03 1.812419575097569185e-03 2.590441736850164426e-06
6.268101244999999835e+03 1.813693742682821177e-03 2.590441736850164426e-06
6.276098214999999982e+03 1.803457347737381705e-03 2.590441736850164426e-06
6.284095185000000129e+03 1.798686909241337031e-03 2.590441736850164426e-06
6.292092155000000275e+03 1.798629855782326020e-03 2.590441736850164426e-06
6.300089125000000422e+03 1.792481385013114338e-03 2.590441736850164426e-06
6.308086095000000569e+03 1.784336513198310319e-03 2.590441736850164426e-06
6.316083065000000715e+03 1.788374918533276910e-03 2.590441736850164426e-06
6.324080034999999953e+03 1.773897768506382420e-03 2.590441736850164426e-06
6.332077005000000099e+03 1.773367205886813326e-03 2.590441736850164426e-06
6.340073975000000246e+03 1.767444362449913358e-03 2.590441736850164426e-06
6.348070945000000393e+03 1.759607044977882584e-03 2.590441736850164426e-06
6.356067915000000539e+03 1.758323509252789898e-03 2.590441736850164426e-06
6.364064884999999776e+03 1.757277716807363046e-03 2.590441736850164426e-06
6.372061854999999923e+03 1.745701960017015646e-03 2.590441736850164426e-06
6.380058825000000070e+03 1.751919789416730554e-03 2.590441736850164426e-06
6.388055795000000217e+03 1.742629789518503622e-03 2.590441736850164426e-06
6.396052765000000363e+03 1.739262968660209869e-03 2.590441736850164426e-06
6.404049735000000510e+03 1.739945219163876186e-03 2.590441736850164426e-06
6.412046705000000657e+03 1.740451071086465120e-03 2.590441736850164426e-06
6.420043674999999894e+03 1.734098735242094744e-03 2.590441736850164426e-06
6.428040645000000040e+03 1.735164806383830347e-03 2.590441736850164426e-06
6.436037615000000187e+03 1.740762573513429320e-03 2.590441736850164426e-06
6.444034585000000334e+03 1.737572714675517712e-03 2.590441736850164426e-06
6.452031555000000481e+03 1.736417852013729399e-03 2.590441736850164426e-06
6.460028524999999718e+03 1.738380958863625526e-03 2.590441736850164426e-06
6.468025494999999864e+03 1.751815888643783658e-03 2.590441736850164426e-06
6.476022465000000011e+03 1.759675187312460722e-03 2.590441736850164426e-06
6.484019435000000158e+03 1.778208403548603911e-03 2.590441736850164426e-06
6.492016405000000304e+03 1.789175204212024297e-03 2.590441736850164426e-06
6.500013375000000451e+03 1.803938327622539280e-03 2.590441736850164426e-06
6.508010345000000598e+03 1.814110407039819239e-03 2.590441736850164426e-06
6.516007314999999835e+03 1.812877282486515798e-03 2.590441736850164426e-06
6.524004284999999982e+03 1.802496074863023769e-03 2.590441736850164426e-06
6.532001255000000128e+03 1.792933060380044741e-03 2.590441736850164426e-06
6.539998225000000275e+03 1.773529864209021220e-03 2.590441736850164426e-06
6.547995194999999512e+03 1.765017271527250138e-03 2.590441736850164426e-06
6.555992164999999659e+03 1.763357859809908069e-03 2.590441736850164426e-06
6.563989134999999806e+03 1.761584020733182598e-03 2.590441736850164426e-06
6.571986104999999952e+03 1.760278425778114908e-03 2.590441736850164426e-06
6.579983075000000099e+03 1.762402994967662232e-03 2.590441736850164426e-06
6.587980045000000246e+03 1.765228902527796184e-03 2.590441736850164426e-06
6.595977015000000392e+03 1.784765785545235420e-03 2.590441736850164426e-06
6.603973985000000539e+03 1.791113418925462889e-03 2.590441736850164426e-06
6.611970954999999776e+03 1.790343100932665450e-03 2.590441736850164426e-06
6.619967924999999923e+03 1.776737046624449114e-03 2.590441736850164426e-06
6.627964895000000070e+03 1.763969440009419522e-03 2.590441736850164426e-06
6.635961865000000216e+03 1.739743112091189170e-03 2.590441736850164426e-06
6.643958834999999453e+03 1.719104748752463404e-03 2.590441736850164426e-06
6.651955804999999600e+03 1.683486077020295620e-03 2.590441736850164426e-06
6.659952774999999747e+03 1.664897905468556288e-03 2.590441736850164426e-06
6.667949744999999893e+03 1.648474571879138479e-03 2.590441736850164426e-06
6.675946715000000040e+03 1.631799553650197052e-03 2.590441736850164426e-06
6.683943685000000187e+03 1.620252888732070769e-03 2.590441736850164426e-06
6.691940655000000334e+03 1.610049479885925167e-03 2.590441736850164426e-06
6.699937624999999571e+03 1.594360594976344629e-03 2.590441736850164426e-06
6.707934594999999717e+03 1.590023858899415003e-03 2.590441736850164426e-06
6.715931564999999864e+03 1.570875474331615874e-03 2.590441736850164426e-06
6.723928535000000011e+03 1.566071977899537865e-03 2.590441736850164426e-06
6.731925505000000157e+03 1.555652951635598047e-03 2.590441736850164426e-06
6.739922474999999395e+03 1.559668557920109366e-03 2.590441736850164426e-06
6.747919444999999541e+03 1.546994360417184048e-03 2.590441736850164426e-06
6.755916414999999688e+03 1.545799423205204866e-03 2.590441736850164426e-06
6.763913384999999835e+03 1.539971714179316602e-03 2.590441736850164426e-06
6.771910354999999981e+03 1.532288913015517279e-03 2.590441736850164426e-06
6.779907325000000128e+03 1.529354243996112073e-03 2.590441736850164426e-06
6.787904295000000275e+03 1.527883293169800131e-03 2.590441736850164426e-06
6.795901264999999512e+03 1.517649198007726356e-03 2.590441736850164426e-06
6.803898234999999659e+03 1.513095650393629903e-03 2.590441736850164426e-06
6.811895204999999805e+03 1.506346118174409915e-03 2.590441736850164426e-06
6.819892174999999952e+03 1.506601035322249022e-03 2.590441736850164426e-06
6.827889145000000099e+03 1.504816244984406859e-03 2.590441736850164426e-06
6.835886114999999336e+03 1.497228297398782654e-03 2.590441736850164426e-06
6.843883084999999483e+03 1.498174540838380277e-03 2.590441736850164426e-06
6.851880054999999629e+03 1.494308249080877416e-03 2.590441736850164426e-06
6.859877024999999776e+03 1.481265103934360523e-03 2.590441736850164426e-06
6.867873994999999923e+03 1.478101121329143891e-03 2.590441736850164426e-06
6.875870965000000069e+03 1.471665594776847387e-03 2.590441736850164426e-06
6.883867935000000216e+03 1.474127498605741320e-03 2.590441736850164426e-06
6.891864904999999453e+03 1.468207213879999234e-03 2.590441736850164426e-06
6.899861874999999600e+03 1.460981538642858266e-03 2.590441736850164426e-06
6.907858844999999747e+03 1.460533158013851323e-03 2.590441736850164426e-06
6.915855814999999893e+03 1.455559742533751432e-03 2.590441736850164426e-06
6.923852784999999130e+03 1.456144547908735454e-03 2.590441736850164426e-06
6.931849754999999277e+03 1.445093526484378388e-03 2.590441736850164426e-06
6.939846724999999424e+03 1.441235992525121247e-03 2.590441736850164426e-06
6.947843694999999570e+03 1.440054909464703924e-03 2.590441736850164426e-06
6.955840664999999717e+03 1.433623682210278909e-03 2.590441736850164426e-06
6.963837634999999864e+03 1.430456196750116071e-03 2.590441736850164426e-06
6.971834605000000010e+03 1.427136433686444035e-03 2.590441736850164426e-06
6.979831575000000157e+03 1.421667210132129735e-03 2.590441736850164426e-06
6.987828544999999394e+03 1.413644246131306233e-03 2.590441736850164426e-06
6.995825514999999541e+03 1.412048403307323251e-03 2.590441736850164426e-06
