6.204125485000000481e+03 1.532342364981559204e-03 2.590441736850164426e-06
6.212122455000000627e+03 1.522192462597432485e-03 2.590441736850164426e-06
6.220119425000000774e+03 1.521033424548517412e-03 2.590441736850164426e-06
6.228116395000000011e+03 1.523326250588658524e-03 2.590441736850164426e-06
6.236113365000000158e+03 1.512585773157820420e-03 2.590441736850164426e-06
6.244110335000000305e+03 1.510614958072551599e-03 2.590441736850164426e-06
6.252107305000000451e+03 1.506375709213313195e-03 2.590441736850164426e-06
6.260104275000000598e+03 1.500753095099934941e-03 2.590441736850164426e-06
6.268101244999999835e+03 1.496110939762804615e-03 2.590441736850164426e-06
6.276098214999999982e+03 1.489359822607074033e-03 2.590441736850164426e-06
6.284095185000000129e+03 1.490674974587133644e-03 2.590441736850164426e-06
6.292092155000000275e+03 1.486573204003785583e-03 2.590441736850164426e-06
6.300089125000000422e+03 1.480448071372367962e-03 2.590441736850164426e-06
6.308086095000000569e+03 1.477361976140003415e-03 2.590441736850164426e-06
6.316083065000000715e+03 1.470842077713278937e-03 2.590441736850164426e-06
6.324080034999999953e+03 1.473699844018355179e-03 2.590441736850164426e-06
6.332077005000000099e+03 1.464187017760228658e-03 2.590441736850164426e-06
6.340073975000000246e+03 1.463511872224184610e-03 2.590441736850164426e-06
6.348070945000000393e+03 1.455599566161771240e-03 2.590441736850164426e-06
6.356067915000000539e+03 1.455428730587071456e-03 2.590441736850164426e-06
6.364064884999999776e+03 1.451351360342988984e-03 2.590441736850164426e-06
6.372061854999999923e+03 1.445737893249731234e-03 2.590441736850164426e-06
6.380058825000000070e+03 1.437462088972420171e-03 2.590441736850164426e-06
6.388055795000000217e+03 1.434137233840968332e-03 2.590441736850164426e-06
6.396052765000000363e+03 1.438226981170600627e-03 2.590441736850164426e-06
6.404049735000000510e+03 1.433570369162873344e-03 2.590441736850164426e-06
6.412046705000000657e+03 1.431516064860863073e-03 2.590441736850164426e-06
6.420043674999999894e+03 1.425391353456624891e-03 2.590441736850164426e-06
6.428040645000000040e+03 1.432345445518340551e-03 2.590441736850164426e-06
6.436037615000000187e+03 1.433607176007438595e-03 2.590441736850164426e-06
6.444034585000000334e+03 1.433362081591539171e-03 2.590441736850164426e-06
6.452031555000000481e+03 1.440030673382500497e-03 2.590441736850164426e-06
6.460028524999999718e+03 1.445937234504050080e-03 2.590441736850164426e-06
6.468025494999999864e+03 1.459977998756061901e-03 2.590441736850164426e-06
6.476022465000000011e+03 1.471978667173776383e-03 2.590441736850164426e-06
6.484019435000000158e+03 1.485313854951727727e-03 2.590441736850164426e-06
6.492016405000000304e+03 1.508999130507067193e-03 2.590441736850164426e-06
6.500013375000000451e+03 1.514991854339300080e-03 2.590441736850164426e-06
6.508010345000000598e+03 1.519984595368496305e-03 2.590441736850164426e-06
6.516007314999999835e+03 1.522321362959982256e-03 2.590441736850164426e-06
6.524004284999999982e+03 1.522661872771916610e-03 2.590441736850164426e-06
6.532001255000000128e+03 1.502303162767818509e-03 2.590441736850164426e-06
6.539998225000000275e+03 1.497933049071181267e-03 2.590441736850164426e-06
6.547995194999999512e+03 1.484962396827144973e-03 2.590441736850164426e-06
6.555992164999999659e+03 1.478605394072192870e-03 2.590441736850164426e-06
6.563989134999999806e+03 1.482466618480005266e-03 2.590441736850164426e-06
6.571986104999999952e+03 1.478426932091660064e-03 2.590441736850164426e-06
6.579983075000000099e+03 1.478226038401609819e-03 2.590441736850164426e-06
6.587980045000000246e+03 1.487778274854726582e-03 2.590441736850164426e-06
6.595977015000000392e+03 1.500078102750275044e-03 2.590441736850164426e-06
6.603973985000000539e+03 1.506794712478885020e-03 2.590441736850164426e-06
6.611970954999999776e+03 1.512887367566899529e-03 2.590441736850164426e-06
6.619967924999999923e+03 1.503103195615928178e-03 2.590441736850164426e-06
6.627964895000000070e+03 1.491390704557172143e-03 2.590441736850164426e-06
6.635961865000000216e+03 1.459921802569200859e-03 2.590441736850164426e-06
6.643958834999999453e+03 1.441100725918542788e-03 2.590441736850164426e-06
6.651955804999999600e+03 1.409453403011088658e-03 2.590441736850164426e-06
6.659952774999999747e+03 1.382684826353017390e-03 2.590441736850164426e-06
6.667949744999999893e+03 1.367638423232869337e-03 2.590441736850164426e-06
6.675946715000000040e+03 1.353923294373081615e-03 2.590441736850164426e-06
6.683943685000000187e+03 1.339335388741157845e-03 2.590441736850164426e-06
6.691940655000000334e+03 1.321538727375587852e-03 2.590441736850164426e-06
6.699937624999999571e+03 1.313989124158550193e-03 2.590441736850164426e-06
6.707934594999999717e+03 1.305177514401228891e-03 2.590441736850164426e-06
6.715931564999999864e+03 1.295224343926572970e-03 2.590441736850164426e-06
6.723928535000000011e+03 1.283925846551814106e-03 2.590441736850164426e-06
6.731925505000000157e+03 1.283606358859699622e-03 2.590441736850164426e-06
6.739922474999999395e+03 1.285898209477786191e-03 2.590441736850164426e-06
6.747919444999999541e+03 1.274803605841585367e-03 2.590441736850164426e-06
6.755916414999999688e+03 1.278199325743859015e-03 2.590441736850164426e-06
6.763913384999999835e+03 1.273350308185114931e-03 2.590441736850164426e-06
6.771910354999999981e+03 1.264292668594735108e-03 2.590441736850164426e-06
6.779907325000000128e+03 1.267270863367394316e-03 2.590441736850164426e-06
6.787904295000000275e+03 1.258589892600347213e-03 2.590441736850164426e-06
6.795901264999999512e+03 1.259664434521111332e-03 2.590441736850164426e-06
6.803898234999999659e+03 1.255569665899159380e-03 2.590441736850164426e-06
6.811895204999999805e+03 1.248979188133410865e-03 2.590441736850164426e-06
6.819892174999999952e+03 1.245885202519775433e-03 2.590441736850164426e-06
6.827889145000000099e+03 1.240692329816237742e-03 2.590441736850164426e-06
6.835886114999999336e+03 1.237507994784919907e-03 2.590441736850164426e-06
6.843883084999999483e+03 1.234664279911695719e-03 2.590441736850164426e-06
6.851880054999999629e+03 1.234805777326561903e-03 2.590441736850164426e-06
6.859877024999999776e+03 1.228219115881108540e-03 2.590441736850164426e-06
6.867873994999999923e+03 1.222226861428002799e-03 2.590441736850164426e-06
6.875870965000000069e+03 1.222720775246277170e-03 2.590441736850164426e-06
6.883867935000000216e+03 1.218821200738399784e-03 2.590441736850164426e-06
6.891864904999999453e+03 1.216845214430947644e-03 2.590441736850164426e-06
6.899861874999999600e+03 1.217457713307589992e-03 2.590441736850164426e-06
6.907858844999999747e+03 1.207768870664386847e-03 2.590441736850164426e-06
6.915855814999999893e+03 1.203451499022625002e-03 2.590441736850164426e-06
6.923852784999999130e+03 1.208061856489318778e-03 2.590441736850164426e-06
6.931849754999999277e+03 1.198070103851725477e-03 2.590441736850164426e-06
6.939846724999999424e+03 1.193924685730636407e-03 2.590441736850164426e-06
6.947843694999999570e+03 1.192235317006232719e-03 2.590441736850164426e-06
6.955840664999999717e+03 1.187012982437859673e-03 2.590441736850164426e-06
6.963837634999999864e+03 1.185889781750547843e-03 2.590441736850164426e-06
6.971834605000000010e+03 1.180006825721646594e-03 2.590441736850164426e-06
6.979831575000000157e+03 1.174825441123365051e-03 2.590441736850164426e-06
6.987828544999999394e+03 1.173236849489411567e-03 2.590441736850164426e-06
6.995825514999999541e+03 1.167481880660544650e-03 2.590441736850164426e-06
