6.204125485000000481e+03 1.243321249146675002e-03 2.590441736850164426e-06
6.212122455000000627e+03 1.239526027379077213e-03 2.590441736850164426e-06
6.220119425000000774e+03 1.239003450640279455e-03 2.590441736850164426e-06
6.228116395000000011e+03 1.240032291602847191e-03 2.590441736850164426e-06
6.236113365000000158e+03 1.236597886875790992e-03 2.590441736850164426e-06
6.244110335000000305e+03 1.230363948793416822e-03 2.590441736850164426e-06
6.252107305000000451e+03 1.230664292191575209e-03 2.590441736850164426e-06
6.260104275000000598e+03 1.229582520481375778e-03 2.590441736850164426e-06
6.268101244999999835e+03 1.217390306220799637e-03 2.590441736850164426e-06
6.276098214999999982e+03 1.221299047167630171e-03 2.590441736850164426e-06
6.284095185000000129e+03 1.214844221485769041e-03 2.590441736850164426e-06
6.292092155000000275e+03 1.211804460064749671e-03 2.590441736850164426e-06
6.300089125000000422e+03 1.212288158245545741e-03 2.590441736850164426e-06
6.308086095000000569e+03 1.205776162368873104e-03 2.590441736850164426e-06
6.316083065000000715e+03 1.203535050026190590e-03 2.590441736850164426e-06
6.324080034999999953e+03 1.199109323473363615e-03 2.590441736850164426e-06
6.332077005000000099e+03 1.198018339641982420e-03 2.590441736850164426e-06
6.340073975000000246e+03 1.193477560494088938e-03 2.590441736850164426e-06
6.348070945000000393e+03 1.189197790745183218e-03 2.590441736850164426e-06
6.356067915000000539e+03 1.183023675170403154e-03 2.590441736850164426e-06
6.364064884999999776e+03 1.180337241710189894e-03 2.590441736850164426e-06
6.372061854999999923e+03 1.177060299846785377e-03 2.590441736850164426e-06
6.380058825000000070e+03 1.176369019785508327e-03 2.590441736850164426e-06
6.388055795000000217e+03 1.172480764862950803e-03 2.590441736850164426e-06
6.396052765000000363e+03 1.167373461792913349e-03 2.590441736850164426e-06
6.404049735000000510e+03 1.162386809621085296e-03 2.590441736850164426e-06
6.412046705000000657e+03 1.164382826100092026e-03 2.590441736850164426e-06
6.420043674999999894e+03 1.165959539735220108e-03 2.590441736850164426e-06
6.428040645000000040e+03 1.168035426669554499e-03 2.590441736850164426e-06
6.436037615000000187e+03 1.172008658676570525e-03 2.590441736850164426e-06
6.444034585000000334e+03 1.172220865167179727e-03 2.590441736850164426e-06
6.452031555000000481e+03 1.178707291137558047e-03 2.590441736850164426e-06
6.460028524999999718e+03 1.185078506606484844e-03 2.590441736850164426e-06
6.468025494999999864e+03 1.200351201447619112e-03 2.590441736850164426e-06
6.476022465000000011e+03 1.211837140920634650e-03 2.590441736850164426e-06
6.484019435000000158e+03 1.227781545202275525e-03 2.590441736850164426e-06
6.492016405000000304e+03 1.244972414608483619e-03 2.590441736850164426e-06
6.500013375000000451e+03 1.256431529383166771e-03 2.590441736850164426e-06
6.508010345000000598e+03 1.267041073723896780e-03 2.590441736850164426e-06
6.516007314999999835e+03 1.277361993723538213e-03 2.590441736850164426e-06
6.524004284999999982e+03 1.267502215165703825e-03 2.590441736850164426e-06
6.532001255000000128e+03 1.242334209623545188e-03 2.590441736850164426e-06
6.539998225000000275e+03 1.231217487366897869e-03 2.590441736850164426e-06
6.547995194999999512e+03 1.229963784241171068e-03 2.590441736850164426e-06
6.555992164999999659e+03 1.227383815677453608e-03 2.590441736850164426e-06
6.563989134999999806e+03 1.228467759470627894e-03 2.590441736850164426e-06
6.571986104999999952e+03 1.222598600330001943e-03 2.590441736850164426e-06
6.579983075000000099e+03 1.230760276825693241e-03 2.590441736850164426e-06
6.587980045000000246e+03 1.230580571069438914e-03 2.590441736850164426e-06
6.595977015000000392e+03 1.245861448523951937e-03 2.590441736850164426e-06
6.603973985000000539e+03 1.253109617041375757e-03 2.590441736850164426e-06
6.611970954999999776e+03 1.267351566306565555e-03 2.590441736850164426e-06
6.619967924999999923e+03 1.255357494027909207e-03 2.590441736850164426e-06
6.627964895000000070e+03 1.244450555048715349e-03 2.590441736850164426e-06
6.635961865000000216e+03 1.218247560455443766e-03 2.590441736850164426e-06
6.643958834999999453e+03 1.192665457019992901e-03 2.590441736850164426e-06
6.651955804999999600e+03 1.163510079231704075e-03 2.590441736850164426e-06
6.659952774999999747e+03 1.140903533234234081e-03 2.590441736850164426e-06
6.667949744999999893e+03 1.118229657086783520e-03 2.590441736850164426e-06
6.675946715000000040e+03 1.111004361717112280e-03 2.590441736850164426e-06
6.683943685000000187e+03 1.096390647825241623e-03 2.590441736850164426e-06
6.691940655000000334e+03 1.080910271879454744e-03 2.590441736850164426e-06
6.699937624999999571e+03 1.071058593109056392e-03 2.590441736850164426e-06
6.707934594999999717e+03 1.062330648492602935e-03 2.590441736850164426e-06
6.715931564999999864e+03 1.056716927176461120e-03 2.590441736850164426e-06
6.723928535000000011e+03 1.050318190509474687e-03 2.590441736850164426e-06
6.731925505000000157e+03 1.048768123340948618e-03 2.590441736850164426e-06
6.739922474999999395e+03 1.043611946262124274e-03 2.590441736850164426e-06
6.747919444999999541e+03 1.037946286142335398e-03 2.590441736850164426e-06
6.755916414999999688e+03 1.039884989309115566e-03 2.590441736850164426e-06
6.763913384999999835e+03 1.030938395985726754e-03 2.590441736850164426e-06
6.771910354999999981e+03 1.028153214558498755e-03 2.590441736850164426e-06
6.779907325000000128e+03 1.029846876683775982e-03 2.590441736850164426e-06
6.787904295000000275e+03 1.032443977458496814e-03 2.590441736850164426e-06
6.795901264999999512e+03 1.025696057102030122e-03 2.590441736850164426e-06
6.803898234999999659e+03 1.018214519139744572e-03 2.590441736850164426e-06
6.811895204999999805e+03 1.017854419894693128e-03 2.590441736850164426e-06
6.819892174999999952e+03 1.018842302891358534e-03 2.590441736850164426e-06
6.827889145000000099e+03 1.018175653449636051e-03 2.590441736850164426e-06
6.835886114999999336e+03 1.011981763732621971e-03 2.590441736850164426e-06
6.843883084999999483e+03 1.008947344566837791e-03 2.590441736850164426e-06
6.851880054999999629e+03 1.008611982560806775e-03 2.590441736850164426e-06
6.859877024999999776e+03 1.000694962957552345e-03 2.590441736850164426e-06
6.867873994999999923e+03 1.002333165946620377e-03 2.590441736850164426e-06
6.875870965000000069e+03 9.934676130881096249e-04 2.590441736850164426e-06
6.883867935000000216e+03 9.919284142588438019e-04 2.590441736850164426e-06
6.891864904999999453e+03 9.930599159808082589e-04 2.590441736850164426e-06
6.899861874999999600e+03 9.851071315249081920e-04 2.590441736850164426e-06
6.907858844999999747e+03 9.854369557150447715e-04 2.590441736850164426e-06
6.915855814999999893e+03 9.818249723498111928e-04 2.590441736850164426e-06
6.923852784999999130e+03 9.824790441420423130e-04 2.590441736850164426e-06
6.931849754999999277e+03 9.803667371632478547e-04 2.590441736850164426e-06
6.939846724999999424e+03 9.732281343005673305e-04 2.590441736850164426e-06
6.947843694999999570e+03 9.712866398299099986e-04 2.590441736850164426e-06
6.955840664999999717e+03 9.710283862790057173e-04 2.590441736850164426e-06
6.963837634999999864e+03 9.654028366083362888e-04 2.590441736850164426e-06
6.971834605000000010e+03 9.623361459163327783e-04 2.590441736850164426e-06
6.979831575000000157e+03 9.567333074358401078e-04 2.590441736850164426e-06
6.987828544999999394e+03 9.525335054521872485e-04 2.590441736850164426e-06
6.995825514999999541e+03 9.571586168797119711e-04 2.590441736850164426e-06
