6.204125485000000481e+03 1.385702538347314368e-03 2.590441736850164426e-06
6.212122455000000627e+03 1.379442460399821387e-03 2.590441736850164426e-06
6.220119425000000774e+03 1.379162959095020166e-03 2.590441736850164426e-06
6.228116395000000011e+03 1.368268198885572466e-03 2.590441736850164426e-06
6.236113365000000158e+03 1.369224371109971795e-03 2.590441736850164426e-06
6.244110335000000305e+03 1.364967886473921095e-03 2.590441736850164426e-06
6.252107305000000451e+03 1.362197378457041851e-03 2.590441736850164426e-06
6.260104275000000598e+03 1.358004109677627769e-03 2.590441736850164426e-06
6.268101244999999835e+03 1.354738133980521201e-03 2.590441736850164426e-06
6.276098214999999982e+03 1.351595430180420289e-03 2.590441736850164426e-06
6.284095185000000129e+03 1.353397545589824511e-03 2.590441736850164426e-06
6.292092155000000275e+03 1.342697172512276934e-03 2.590441736850164426e-06
6.300089125000000422e+03 1.335175902947818589e-03 2.590441736850164426e-06
6.308086095000000569e+03 1.341128695340725995e-03 2.590441736850164426e-06
6.316083065000000715e+03 1.333108933432857433e-03 2.590441736850164426e-06
6.324080034999999953e+03 1.332706412128891902e-03 2.590441736850164426e-06
6.332077005000000099e+03 1.323191181171643263e-03 2.590441736850164426e-06
6.340073975000000246e+03 1.318459619865991342e-03 2.590441736850164426e-06
6.348070945000000393e+03 1.318621807077899593e-03 2.590441736850164426e-06
6.356067915000000539e+03 1.312460075720451929e-03 2.590441736850164426e-06
6.364064884999999776e+03 1.314622592547956981e-03 2.590441736850164426e-06
6.372061854999999923e+03 1.304636984586193251e-03 2.590441736850164426e-06
6.380058825000000070e+03 1.301789304771151269e-03 2.590441736850164426e-06
6.388055795000000217e+03 1.297588402659794523e-03 2.590441736850164426e-06
6.396052765000000363e+03 1.299656218004261289e-03 2.590441736850164426e-06
6.404049735000000510e+03 1.294918777907705636e-03 2.590441736850164426e-06
6.412046705000000657e+03 1.298993318479066926e-03 2.590441736850164426e-06
6.420043674999999894e+03 1.292189021302440292e-03 2.590441736850164426e-06
6.428040645000000040e+03 1.300305773288618549e-03 2.590441736850164426e-06
6.436037615000000187e+03 1.305342541637928219e-03 2.590441736850164426e-06
6.444034585000000334e+03 1.296369065975529634e-03 2.590441736850164426e-06
6.452031555000000481e+03 1.303851186886620080e-03 2.590441736850164426e-06
6.460028524999999718e+03 1.313680522016853367e-03 2.590441736850164426e-06
6.468025494999999864e+03 1.323477695268689613e-03 2.590441736850164426e-06
6.476022465000000011e+03 1.341861779522272218e-03 2.590441736850164426e-06
6.484019435000000158e+03 1.351365029206015415e-03 2.590441736850164426e-06
6.492016405000000304e+03 1.368750243768635660e-03 2.590441736850164426e-06
6.500013375000000451e+03 1.383386096421364503e-03 2.590441736850164426e-06
6.508010345000000598e+03 1.394992628416467581e-03 2.590441736850164426e-06
6.516007314999999835e+03 1.397205865611231236e-03 2.590441736850164426e-06
6.524004284999999982e+03 1.385815352993439043e-03 2.590441736850164426e-06
6.532001255000000128e+03 1.371830598968461299e-03 2.590441736850164426e-06
6.539998225000000275e+03 1.362557678431983686e-03 2.590441736850164426e-06
6.547995194999999512e+03 1.361002767846534664e-03 2.590441736850164426e-06
6.555992164999999659e+03 1.347967900450680427e-03 2.590441736850164426e-06
6.563989134999999806e+03 1.354048433954056557e-03 2.590441736850164426e-06
6.571986104999999952e+03 1.351556110451433874e-03 2.590441736850164426e-06
6.579983075000000099e+03 1.353121864510493672e-03 2.590441736850164426e-06
6.587980045000000246e+03 1.357230058498617694e-03 2.590441736850164426e-06
6.595977015000000392e+03 1.375902230030968910e-03 2.590441736850164426e-06
6.603973985000000539e+03 1.382903938937642694e-03 2.590441736850164426e-06
6.611970954999999776e+03 1.385782500760492216e-03 2.590441736850164426e-06
6.619967924999999923e+03 1.377103912305834140e-03 2.590441736850164426e-06
6.627964895000000070e+03 1.357523659478637517e-03 2.590441736850164426e-06
6.635961865000000216e+03 1.334752731823578981e-03 2.590441736850164426e-06
6.643958834999999453e+03 1.312017665425358219e-03 2.590441736850164426e-06
6.651955804999999600e+03 1.278676598587449647e-03 2.590441736850164426e-06
6.659952774999999747e+03 1.259145950838866553e-03 2.590441736850164426e-06
6.667949744999999893e+03 1.242025459972549749e-03 2.590441736850164426e-06
6.675946715000000040e+03 1.226453359724325376e-03 2.590441736850164426e-06
6.683943685000000187e+03 1.217614951185106483e-03 2.590441736850164426e-06
6.691940655000000334e+03 1.197343375360155303e-03 2.590441736850164426e-06
6.699937624999999571e+03 1.188014032305725410e-03 2.590441736850164426e-06
6.707934594999999717e+03 1.183250973628223891e-03 2.590441736850164426e-06
6.715931564999999864e+03 1.174949792400580484e-03 2.590441736850164426e-06
6.723928535000000011e+03 1.169175589601939265e-03 2.590441736850164426e-06
6.731925505000000157e+03 1.168867978655244166e-03 2.590441736850164426e-06
6.739922474999999395e+03 1.158568409478930592e-03 2.590441736850164426e-06
6.747919444999999541e+03 1.156204539141060875e-03 2.590441736850164426e-06
6.755916414999999688e+03 1.152639409639489871e-03 2.590441736850164426e-06
6.763913384999999835e+03 1.147824770846728225e-03 2.590441736850164426e-06
6.771910354999999981e+03 1.145452910489932509e-03 2.590441736850164426e-06
6.779907325000000128e+03 1.144155527807356196e-03 2.590441736850164426e-06
6.787904295000000275e+03 1.142036157255783618e-03 2.590441736850164426e-06
6.795901264999999512e+03 1.138186741891534766e-03 2.590441736850164426e-06
6.803898234999999659e+03 1.133249578352534068e-03 2.590441736850164426e-06
6.811895204999999805e+03 1.126091039420147122e-03 2.590441736850164426e-06
6.819892174999999952e+03 1.127014923537183111e-03 2.590441736850164426e-06
6.827889145000000099e+03 1.117047657034714314e-03 2.590441736850164426e-06
6.835886114999999336e+03 1.120832162208991239e-03 2.590441736850164426e-06
6.843883084999999483e+03 1.116715900918864362e-03 2.590441736850164426e-06
6.851880054999999629e+03 1.112762858154888726e-03 2.590441736850164426e-06
6.859877024999999776e+03 1.112678208943080043e-03 2.590441736850164426e-06
6.867873994999999923e+03 1.108294950129944676e-03 2.590441736850164426e-06
6.875870965000000069e+03 1.102076562658701976e-03 2.590441736850164426e-06
6.883867935000000216e+03 1.102912776784793335e-03 2.590441736850164426e-06
6.891864904999999453e+03 1.097567101370814551e-03 2.590441736850164426e-06
6.899861874999999600e+03 1.092388521845507471e-03 2.590441736850164426e-06
6.907858844999999747e+03 1.095718750320442796e-03 2.590441736850164426e-06
6.915855814999999893e+03 1.088381997768812478e-03 2.590441736850164426e-06
6.923852784999999130e+03 1.086365135270220316e-03 2.590441736850164426e-06
6.931849754999999277e+03 1.088298620762965250e-03 2.590441736850164426e-06
6.939846724999999424e+03 1.079691631954903148e-03 2.590441736850164426e-06
6.947843694999999570e+03 1.077297190061266919e-03 2.590441736850164426e-06
6.955840664999999717e+03 1.072434218358610204e-03 2.590441736850164426e-06
6.963837634999999864e+03 1.072025101604779599e-03 2.590441736850164426e-06
6.971834605000000010e+03 1.068095447880767004e-03 2.590441736850164426e-06
6.979831575000000157e+03 1.067022215136181158e-03 2.590441736850164426e-06
6.987828544999999394e+03 1.060401972012920769e-03 2.590441736850164426e-06
6.995825514999999541e+03 1.053086009122737674e-03 2.590441736850164426e-06
