6.204125485000000481e+03 1.247785252238121402e-03 2.590441736850164426e-06
6.212122455000000627e+03 1.245823847407607479e-03 2.590441736850164426e-06
6.220119425000000774e+03 1.240388063039775260e-03 2.590441736850164426e-06
6.228116395000000011e+03 1.241261440210779084e-03 2.590441736850164426e-06
6.236113365000000158e+03 1.232702570929018705e-03 2.590441736850164426e-06
6.244110335000000305e+03 1.234638180496300990e-03 2.590441736850164426e-06
6.252107305000000451e+03 1.229670830318772704e-03 2.590441736850164426e-06
6.260104275000000598e+03 1.227307994031429615e-03 2.590441736850164426e-06
6.268101244999999835e+03 1.219798581039453983e-03 2.590441736850164426e-06
6.276098214999999982e+03 1.220606249370808022e-03 2.590441736850164426e-06
6.284095185000000129e+03 1.214480668861711663e-03 2.590441736850164426e-06
6.292092155000000275e+03 1.213567629343808652e-03 2.590441736850164426e-06
6.300089125000000422e+03 1.212931048928986722e-03 2.590441736850164426e-06
6.308086095000000569e+03 1.209875288680566444e-03 2.590441736850164426e-06
6.316083065000000715e+03 1.204981495756147006e-03 2.590441736850164426e-06
6.324080034999999953e+03 1.203703526457282911e-03 2.590441736850164426e-06
6.332077005000000099e+03 1.194419543477897834e-03 2.590441736850164426e-06
6.340073975000000246e+03 1.196488874137900411e-03 2.590441736850164426e-06
6.348070945000000393e+03 1.192188062363507212e-03 2.590441736850164426e-06
6.356067915000000539e+03 1.188824683591445820e-03 2.590441736850164426e-06
6.364064884999999776e+03 1.185391466094389045e-03 2.590441736850164426e-06
6.372061854999999923e+03 1.176546018691052714e-03 2.590441736850164426e-06
6.380058825000000070e+03 1.174024060111191056e-03 2.590441736850164426e-06
6.388055795000000217e+03 1.171305840580410054e-03 2.590441736850164426e-06
6.396052765000000363e+03 1.170906849561824739e-03 2.590441736850164426e-06
6.404049735000000510e+03 1.163200302158332727e-03 2.590441736850164426e-06
6.412046705000000657e+03 1.168360870184188176e-03 2.590441736850164426e-06
6.420043674999999894e+03 1.165548534992387171e-03 2.590441736850164426e-06
6.428040645000000040e+03 1.168266668337911108e-03 2.590441736850164426e-06
6.436037615000000187e+03 1.174220136969523305e-03 2.590441736850164426e-06
6.444034585000000334e+03 1.171837884507042054e-03 2.590441736850164426e-06
6.452031555000000481e+03 1.176983432501007383e-03 2.590441736850164426e-06
6.460028524999999718e+03 1.186015103995882334e-03 2.590441736850164426e-06
6.468025494999999864e+03 1.206974590742974050e-03 2.590441736850164426e-06
6.476022465000000011e+03 1.209490641040615903e-03 2.590441736850164426e-06
6.484019435000000158e+03 1.229165163621192929e-03 2.590441736850164426e-06
6.492016405000000304e+03 1.243448553694226182e-03 2.590441736850164426e-06
6.500013375000000451e+03 1.260300571063911659e-03 2.590441736850164426e-06
6.508010345000000598e+03 1.269184362924182484e-03 2.590441736850164426e-06
6.516007314999999835e+03 1.274224932932720242e-03 2.590441736850164426e-06
6.524004284999999982e+03 1.265916896119415177e-03 2.590441736850164426e-06
6.532001255000000128e+03 1.245501510268958150e-03 2.590441736850164426e-06
6.539998225000000275e+03 1.228077200518512112e-03 2.590441736850164426e-06
6.547995194999999512e+03 1.235661053307734189e-03 2.590441736850164426e-06
6.555992164999999659e+03 1.227230829966620765e-03 2.590441736850164426e-06
6.563989134999999806e+03 1.227018966340664031e-03 2.590441736850164426e-06
6.571986104999999952e+03 1.225108245991804110e-03 2.590441736850164426e-06
6.579983075000000099e+03 1.232936816677559361e-03 2.590441736850164426e-06
6.587980045000000246e+03 1.233676424572947286e-03 2.590441736850164426e-06
6.595977015000000392e+03 1.245569649481655496e-03 2.590441736850164426e-06
6.603973985000000539e+03 1.257772235141633695e-03 2.590441736850164426e-06
6.611970954999999776e+03 1.269984723044173622e-03 2.590441736850164426e-06
6.619967924999999923e+03 1.258188619683537918e-03 2.590441736850164426e-06
6.627964895000000070e+03 1.241361962943677774e-03 2.590441736850164426e-06
6.635961865000000216e+03 1.219029636705670988e-03 2.590441736850164426e-06
6.643958834999999453e+03 1.196455118403689762e-03 2.590441736850164426e-06
6.651955804999999600e+03 1.166704376557106638e-03 2.590441736850164426e-06
6.659952774999999747e+03 1.144920358726384760e-03 2.590441736850164426e-06
6.667949744999999893e+03 1.125412927875129275e-03 2.590441736850164426e-06
6.675946715000000040e+03 1.113607792839124179e-03 2.590441736850164426e-06
6.683943685000000187e+03 1.100628242815967399e-03 2.590441736850164426e-06
6.691940655000000334e+03 1.080818863745505558e-03 2.590441736850164426e-06
6.699937624999999571e+03 1.075679934640303261e-03 2.590441736850164426e-06
6.707934594999999717e+03 1.066353340671421764e-03 2.590441736850164426e-06
6.715931564999999864e+03 1.058536968301092415e-03 2.590441736850164426e-06
6.723928535000000011e+03 1.046655069033314072e-03 2.590441736850164426e-06
6.731925505000000157e+03 1.047931584274341575e-03 2.590441736850164426e-06
6.739922474999999395e+03 1.046864230515813033e-03 2.590441736850164426e-06
6.747919444999999541e+03 1.041364761862319461e-03 2.590441736850164426e-06
6.755916414999999688e+03 1.041125535421081770e-03 2.590441736850164426e-06
6.763913384999999835e+03 1.037962203744998216e-03 2.590441736850164426e-06
6.771910354999999981e+03 1.034145459516947483e-03 2.590441736850164426e-06
6.779907325000000128e+03 1.036282481185441667e-03 2.590441736850164426e-06
6.787904295000000275e+03 1.030514298019549312e-03 2.590441736850164426e-06
6.795901264999999512e+03 1.027511887647843299e-03 2.590441736850164426e-06
6.803898234999999659e+03 1.028894262240889410e-03 2.590441736850164426e-06
6.811895204999999805e+03 1.023847469021901217e-03 2.590441736850164426e-06
6.819892174999999952e+03 1.016410235506451289e-03 2.590441736850164426e-06
6.827889145000000099e+03 1.011952288219755561e-03 2.590441736850164426e-06
6.835886114999999336e+03 1.011048118463467836e-03 2.590441736850164426e-06
6.843883084999999483e+03 1.010699674865220233e-03 2.590441736850164426e-06
6.851880054999999629e+03 1.010190075808160967e-03 2.590441736850164426e-06
6.859877024999999776e+03 1.005436801499348838e-03 2.590441736850164426e-06
6.867873994999999923e+03 1.003310719615754017e-03 2.590441736850164426e-06
6.875870965000000069e+03 9.943028929329238586e-04 2.590441736850164426e-06
6.883867935000000216e+03 9.948361610466437133e-04 2.590441736850164426e-06
6.891864904999999453e+03 9.912999790437505409e-04 2.590441736850164426e-06
6.899861874999999600e+03 9.893401453996797205e-04 2.590441736850164426e-06
6.907858844999999747e+03 9.838581715132833916e-04 2.590441736850164426e-06
6.915855814999999893e+03 9.820028253177790108e-04 2.590441736850164426e-06
6.923852784999999130e+03 9.804213071539977491e-04 2.590441736850164426e-06
6.931849754999999277e+03 9.743536592966607363e-04 2.590441736850164426e-06
6.939846724999999424e+03 9.743839956550495078e-04 2.590441736850164426e-06
6.947843694999999570e+03 9.741347032039537066e-04 2.590441736850164426e-06
6.955840664999999717e+03 9.673396100042371210e-04 2.590441736850164426e-06
6.963837634999999864e+03 9.696136175216172031e-04 2.590441736850164426e-06
6.971834605000000010e+03 9.609017033383732273e-04 2.590441736850164426e-06
6.979831575000000157e+03 9.640426784013916188e-04 2.590441736850164426e-06
6.987828544999999394e+03 9.592586748831726179e-04 2.590441736850164426e-06
6.995825514999999541e+03 9.547758472600659718e-04 2.590441736850164426e-06
