6.204125485000000481e+03 1.414496356668352300e-03 2.590441736850164426e-06
6.212122455000000627e+03 1.406961458553664850e-03 2.590441736850164426e-06
6.220119425000000774e+03 1.404530052196892179e-03 2.590441736850164426e-06
6.228116395000000011e+03 1.400348753222644890e-03 2.590441736850164426e-06
6.236113365000000158e+03 1.398621213434543542e-03 2.590441736850164426e-06
6.244110335000000305e+03 1.396208214479768275e-03 2.590441736850164426e-06
6.252107305000000451e+03 1.394301770031358039e-03 2.590441736850164426e-06
6.260104275000000598e+03 1.387748337701002208e-03 2.590441736850164426e-06
6.268101244999999835e+03 1.385235086688045483e-03 2.590441736850164426e-06
6.276098214999999982e+03 1.385216548547966043e-03 2.590441736850164426e-06
6.284095185000000129e+03 1.374834339008186232e-03 2.590441736850164426e-06
6.292092155000000275e+03 1.379839972749092323e-03 2.590441736850164426e-06
6.300089125000000422e+03 1.376821549365036396e-03 2.590441736850164426e-06
6.308086095000000569e+03 1.372039127477194410e-03 2.590441736850164426e-06
6.316083065000000715e+03 1.366417832868350004e-03 2.590441736850164426e-06
6.324080034999999953e+03 1.359514798300588646e-03 2.590441736850164426e-06
6.332077005000000099e+03 1.356742887410267639e-03 2.590441736850164426e-06
6.340073975000000246e+03 1.353442936954568241e-03 2.590441736850164426e-06
6.348070945000000393e+03 1.347861096193159886e-03 2.590441736850164426e-06
6.356067915000000539e+03 1.348383769780053592e-03 2.590441736850164426e-06
6.364064884999999776e+03 1.344789970305605925e-03 2.590441736850164426e-06
6.372061854999999923e+03 1.335963519496764958e-03 2.590441736850164426e-06
6.380058825000000070e+03 1.333212097552133107e-03 2.590441736850164426e-06
6.388055795000000217e+03 1.332664965041178593e-03 2.590441736850164426e-06
6.396052765000000363e+03 1.324934444482002253e-03 2.590441736850164426e-06
6.404049735000000510e+03 1.327073596517658197e-03 2.590441736850164426e-06
6.412046705000000657e+03 1.327023103902881833e-03 2.590441736850164426e-06
6.420043674999999894e+03 1.329469029565488953e-03 2.590441736850164426e-06
6.428040645000000040e+03 1.330710825745426169e-03 2.590441736850164426e-06
6.436037615000000187e+03 1.329819665097055218e-03 2.590441736850164426e-06
6.444034585000000334e+03 1.329768324993664411e-03 2.590441736850164426e-06
6.452031555000000481e+03 1.338164999611292372e-03 2.590441736850164426e-06
6.460028524999999718e+03 1.339540919447457148e-03 2.590441736850164426e-06
6.468025494999999864e+03 1.349660633403772930e-03 2.590441736850164426e-06
6.476022465000000011e+03 1.365077282505999193e-03 2.590441736850164426e-06
6.484019435000000158e+03 1.381525830259376425e-03 2.590441736850164426e-06
6.492016405000000304e+03 1.392242260878617452e-03 2.590441736850164426e-06
6.500013375000000451e+03 1.402572631467465924e-03 2.590441736850164426e-06
6.508010345000000598e+03 1.426996527059257603e-03 2.590441736850164426e-06
6.516007314999999835e+03 1.431151334831361720e-03 2.590441736850164426e-06
6.524004284999999982e+03 1.430945301677618740e-03 2.590441736850164426e-06
6.532001255000000128e+03 1.410127303053956447e-03 2.590441736850164426e-06
6.539998225000000275e+03 1.397679700742538627e-03 2.590441736850164426e-06
6.547995194999999512e+03 1.390607903328971171e-03 2.590441736850164426e-06
6.555992164999999659e+03 1.389507024391274702e-03 2.590441736850164426e-06
6.563989134999999806e+03 1.383244077249341742e-03 2.590441736850164426e-06
6.571986104999999952e+03 1.382808391011745896e-03 2.590441736850164426e-06
6.579983075000000099e+03 1.387877515314381478e-03 2.590441736850164426e-06
6.587980045000000246e+03 1.393656344364973231e-03 2.590441736850164426e-06
6.595977015000000392e+03 1.408500594972557363e-03 2.590441736850164426e-06
6.603973985000000539e+03 1.419740749920021545e-03 2.590441736850164426e-06
6.611970954999999776e+03 1.420068158932094073e-03 2.590441736850164426e-06
6.619967924999999923e+03 1.401667940543358795e-03 2.590441736850164426e-06
6.627964895000000070e+03 1.384099181357669513e-03 2.590441736850164426e-06
6.635961865000000216e+03 1.360630866589239863e-03 2.590441736850164426e-06
6.643958834999999453e+03 1.338314008080882704e-03 2.590441736850164426e-06
6.651955804999999600e+03 1.302887320992308874e-03 2.590441736850164426e-06
6.659952774999999747e+03 1.286767522166865161e-03 2.590441736850164426e-06
6.667949744999999893e+03 1.272189214346391073e-03 2.590441736850164426e-06
6.675946715000000040e+03 1.257545793653024263e-03 2.590441736850164426e-06
6.683943685000000187e+03 1.246868394096945117e-03 2.590441736850164426e-06
6.691940655000000334e+03 1.226290236442599112e-03 2.590441736850164426e-06
6.699937624999999571e+03 1.216080685428419777e-03 2.590441736850164426e-06
6.707934594999999717e+03 1.214449482012677859e-03 2.590441736850164426e-06
6.715931564999999864e+03 1.202331729299673663e-03 2.590441736850164426e-06
6.723928535000000011e+03 1.191757054440919540e-03 2.590441736850164426e-06
6.731925505000000157e+03 1.191658665059297517e-03 2.590441736850164426e-06
6.739922474999999395e+03 1.191099478798095940e-03 2.590441736850164426e-06
6.747919444999999541e+03 1.179581232204617806e-03 2.590441736850164426e-06
6.755916414999999688e+03 1.176339198648724193e-03 2.590441736850164426e-06
6.763913384999999835e+03 1.177884768037861093e-03 2.590441736850164426e-06
6.771910354999999981e+03 1.172055993087530584e-03 2.590441736850164426e-06
6.779907325000000128e+03 1.167115091198290492e-03 2.590441736850164426e-06
6.787904295000000275e+03 1.167723734618552689e-03 2.590441736850164426e-06
6.795901264999999512e+03 1.166701750141153644e-03 2.590441736850164426e-06
6.803898234999999659e+03 1.164042939354013959e-03 2.590441736850164426e-06
6.811895204999999805e+03 1.150801567576905304e-03 2.590441736850164426e-06
6.819892174999999952e+03 1.157285173085462497e-03 2.590441736850164426e-06
6.827889145000000099e+03 1.151210059584177386e-03 2.590441736850164426e-06
6.835886114999999336e+03 1.146012273440038479e-03 2.590441736850164426e-06
6.843883084999999483e+03 1.143221453020691093e-03 2.590441736850164426e-06
6.851880054999999629e+03 1.140584478229273715e-03 2.590441736850164426e-06
6.859877024999999776e+03 1.137395798194052333e-03 2.590441736850164426e-06
6.867873994999999923e+03 1.127194618970015850e-03 2.590441736850164426e-06
6.875870965000000069e+03 1.134982858443996101e-03 2.590441736850164426e-06
6.883867935000000216e+03 1.128530656410136083e-03 2.590441736850164426e-06
6.891864904999999453e+03 1.126132423266323858e-03 2.590441736850164426e-06
6.899861874999999600e+03 1.126929717702133656e-03 2.590441736850164426e-06
6.907858844999999747e+03 1.117760389078827294e-03 2.590441736850164426e-06
6.915855814999999893e+03 1.113001467361014870e-03 2.590441736850164426e-06
6.923852784999999130e+03 1.108348879816234292e-03 2.590441736850164426e-06
6.931849754999999277e+03 1.106472124364195645e-03 2.590441736850164426e-06
6.939846724999999424e+03 1.102837316743916210e-03 2.590441736850164426e-06
6.947843694999999570e+03 1.100952716559579995e-03 2.590441736850164426e-06
6.955840664999999717e+03 1.097474990045351016e-03 2.590441736850164426e-06
6.963837634999999864e+03 1.093997501319420636e-03 2.590441736850164426e-06
6.971834605000000010e+03 1.092112659067181807e-03 2.590441736850164426e-06
6.979831575000000157e+03 1.088075758544763223e-03 2.590441736850164426e-06
6.987828544999999394e+03 1.092462856175060093e-03 2.590441736850164426e-06
6.995825514999999541e+03 1.084808981484764595e-03 2.590441736850164426e-06
