6.204125485000000481e+03 1.696265122181447437e-03 2.590441736850164426e-06
6.212122455000000627e+03 1.689945636433143154e-03 2.590441736850164426e-06
6.220119425000000774e+03 1.682681608035408154e-03 2.590441736850164426e-06
6.228116395000000011e+03 1.676687706461601514e-03 2.590441736850164426e-06
6.236113365000000158e+03 1.670484508831040528e-03 2.590441736850164426e-06
6.244110335000000305e+03 1.666152641374493617e-03 2.590441736850164426e-06
6.252107305000000451e+03 1.668179759702032505e-03 2.590441736850164426e-06
6.260104275000000598e+03 1.661756785988664472e-03 2.590441736850164426e-06
6.268101244999999835e+03 1.658656183086085678e-03 2.590441736850164426e-06
6.276098214999999982e+03 1.653767063890679637e-03 2.590441736850164426e-06
6.284095185000000129e+03 1.650752394019023260e-03 2.590441736850164426e-06
6.292092155000000275e+03 1.649001530517657348e-03 2.590441736850164426e-06
6.300089125000000422e+03 1.644650123067970416e-03 2.590441736850164426e-06
6.308086095000000569e+03 1.633717711216578711e-03 2.590441736850164426e-06
6.316083065000000715e+03 1.628676983104233563e-03 2.590441736850164426e-06
6.324080034999999953e+03 1.624740262541549216e-03 2.590441736850164426e-06
6.332077005000000099e+03 1.621918662319348425e-03 2.590441736850164426e-06
6.340073975000000246e+03 1.619373483237634926e-03 2.590441736850164426e-06
6.348070945000000393e+03 1.613304846007278205e-03 2.590441736850164426e-06
6.356067915000000539e+03 1.608802170880569999e-03 2.590441736850164426e-06
6.364064884999999776e+03 1.608511589801333826e-03 2.590441736850164426e-06
6.372061854999999923e+03 1.600678787285115916e-03 2.590441736850164426e-06
6.380058825000000070e+03 1.597966523906813908e-03 2.590441736850164426e-06
6.388055795000000217e+03 1.596340931136473393e-03 2.590441736850164426e-06
6.396052765000000363e+03 1.594920222177669596e-03 2.590441736850164426e-06
6.404049735000000510e+03 1.588127813725495781e-03 2.590441736850164426e-06
6.412046705000000657e+03 1.599043674211294511e-03 2.590441736850164426e-06
6.420043674999999894e+03 1.596107572731981020e-03 2.590441736850164426e-06
6.428040645000000040e+03 1.598500952827906730e-03 2.590441736850164426e-06
6.436037615000000187e+03 1.599538057371763982e-03 2.590441736850164426e-06
6.444034585000000334e+03 1.589445099359109142e-03 2.590441736850164426e-06
6.452031555000000481e+03 1.595162962526642820e-03 2.590441736850164426e-06
6.460028524999999718e+03 1.595245915246341949e-03 2.590441736850164426e-06
6.468025494999999864e+03 1.610965898046231139e-03 2.590441736850164426e-06
6.476022465000000011e+03 1.621798608469991656e-03 2.590441736850164426e-06
6.484019435000000158e+03 1.632798556051349471e-03 2.590441736850164426e-06
6.492016405000000304e+03 1.650106094195375383e-03 2.590441736850164426e-06
6.500013375000000451e+03 1.661302069452282601e-03 2.590441736850164426e-06
6.508010345000000598e+03 1.664352518664003909e-03 2.590441736850164426e-06
6.516007314999999835e+03 1.670413797591028962e-03 2.590441736850164426e-06
6.524004284999999982e+03 1.665947647394994905e-03 2.590441736850164426e-06
6.532001255000000128e+03 1.643535143591269955e-03 2.590441736850164426e-06
6.539998225000000275e+03 1.629198152060927756e-03 2.590441736850164426e-06
6.547995194999999512e+03 1.628977566101133621e-03 2.590441736850164426e-06
6.555992164999999659e+03 1.623636244154516616e-03 2.590441736850164426e-06
6.563989134999999806e+03 1.620772316614586470e-03 2.590441736850164426e-06
6.571986104999999952e+03 1.616508947030992046e-03 2.590441736850164426e-06
6.579983075000000099e+03 1.620604609700518253e-03 2.590441736850164426e-06
6.587980045000000246e+03 1.623104770729632889e-03 2.590441736850164426e-06
6.595977015000000392e+03 1.641997198423360066e-03 2.590441736850164426e-06
6.603973985000000539e+03 1.649071724556831634e-03 2.590441736850164426e-06
6.611970954999999776e+03 1.649175242598610374e-03 2.590441736850164426e-06
6.619967924999999923e+03 1.632426448241210614e-03 2.590441736850164426e-06
6.627964895000000070e+03 1.623520179782863768e-03 2.590441736850164426e-06
6.635961865000000216e+03 1.606578555197953799e-03 2.590441736850164426e-06
6.643958834999999453e+03 1.578337104429330170e-03 2.590441736850164426e-06
6.651955804999999600e+03 1.546227312722943522e-03 2.590441736850164426e-06
6.659952774999999747e+03 1.528858995969136067e-03 2.590441736850164426e-06
6.667949744999999893e+03 1.515513622938734033e-03 2.590441736850164426e-06
6.675946715000000040e+03 1.502699901584971529e-03 2.590441736850164426e-06
6.683943685000000187e+03 1.495439210399344097e-03 2.590441736850164426e-06
6.691940655000000334e+03 1.478803921607551230e-03 2.590441736850164426e-06
6.699937624999999571e+03 1.465184716403052567e-03 2.590441736850164426e-06
6.707934594999999717e+03 1.454572481719655598e-03 2.590441736850164426e-06
6.715931564999999864e+03 1.445368186304507455e-03 2.590441736850164426e-06
6.723928535000000011e+03 1.431602740746435029e-03 2.590441736850164426e-06
6.731925505000000157e+03 1.425684729609818287e-03 2.590441736850164426e-06
6.739922474999999395e+03 1.426569345907553396e-03 2.590441736850164426e-06
6.747919444999999541e+03 1.423217959581000872e-03 2.590441736850164426e-06
6.755916414999999688e+03 1.417024941366475457e-03 2.590441736850164426e-06
6.763913384999999835e+03 1.408392656898299275e-03 2.590441736850164426e-06
6.771910354999999981e+03 1.402286207716539482e-03 2.590441736850164426e-06
6.779907325000000128e+03 1.399546179051544851e-03 2.590441736850164426e-06
6.787904295000000275e+03 1.391776991911411899e-03 2.590441736850164426e-06
6.795901264999999512e+03 1.392892324251409969e-03 2.590441736850164426e-06
6.803898234999999659e+03 1.386734963851206457e-03 2.590441736850164426e-06
6.811895204999999805e+03 1.380552474480269479e-03 2.590441736850164426e-06
6.819892174999999952e+03 1.380647211283101078e-03 2.590441736850164426e-06
6.827889145000000099e+03 1.378435845567865413e-03 2.590441736850164426e-06
6.835886114999999336e+03 1.372813983996871035e-03 2.590441736850164426e-06
6.843883084999999483e+03 1.371014989096128395e-03 2.590441736850164426e-06
6.851880054999999629e+03 1.361044461969205567e-03 2.590441736850164426e-06
6.859877024999999776e+03 1.358195920823754461e-03 2.590441736850164426e-06
6.867873994999999923e+03 1.360413535314232165e-03 2.590441736850164426e-06
6.875870965000000069e+03 1.355050138004741537e-03 2.590441736850164426e-06
6.883867935000000216e+03 1.347982978662705085e-03 2.590441736850164426e-06
6.891864904999999453e+03 1.344171657075459055e-03 2.590441736850164426e-06
6.899861874999999600e+03 1.339800203638140137e-03 2.590441736850164426e-06
6.907858844999999747e+03 1.333130456866757178e-03 2.590441736850164426e-06
6.915855814999999893e+03 1.332268514016438955e-03 2.590441736850164426e-06
6.923852784999999130e+03 1.328423217105653567e-03 2.590441736850164426e-06
6.931849754999999277e+03 1.327715435475319578e-03 2.590441736850164426e-06
6.939846724999999424e+03 1.323238963351800260e-03 2.590441736850164426e-06
6.947843694999999570e+03 1.313447702932792624e-03 2.590441736850164426e-06
6.955840664999999717e+03 1.317283171140340003e-03 2.590441736850164426e-06
6.963837634999999864e+03 1.307722222105091141e-03 2.590441736850164426e-06
6.971834605000000010e+03 1.304956824035023721e-03 2.590441736850164426e-06
6.979831575000000157e+03 1.302461388652871588e-03 2.590441736850164426e-06
6.987828544999999394e+03 1.297917163346573241e-03 2.590441736850164426e-06
6.995825514999999541e+03 1.293488272856350334e-03 2.590441736850164426e-06
