6.204125485000000481e+03 1.581105893995412605e-03 2.590441736850164426e-06
6.212122455000000627e+03 1.579761233814577781e-03 2.590441736850164426e-06
6.220119425000000774e+03 1.572979018118332312e-03 2.590441736850164426e-06
6.228116395000000011e+03 1.567147616257193350e-03 2.590441736850164426e-06
6.236113365000000158e+03 1.560683722778413067e-03 2.590441736850164426e-06
6.244110335000000305e+03 1.556992195597476682e-03 2.590441736850164426e-06
6.252107305000000451e+03 1.558106733652143017e-03 2.590441736850164426e-06
6.260104275000000598e+03 1.548143922050900781e-03 2.590441736850164426e-06
6.268101244999999835e+03 1.551673640232241729e-03 2.590441736850164426e-06
6.276098214999999982e+03 1.542394968718674821e-03 2.590441736850164426e-06
6.284095185000000129e+03 1.538021106653729127e-03 2.590441736850164426e-06
6.292092155000000275e+03 1.538687976162570652e-03 2.590441736850164426e-06
6.300089125000000422e+03 1.529662208558961759e-03 2.590441736850164426e-06
6.308086095000000569e+03 1.525627135178871671e-03 2.590441736850164426e-06
6.316083065000000715e+03 1.523270627090707232e-03 2.590441736850164426e-06
6.324080034999999953e+03 1.520379788378314325e-03 2.590441736850164426e-06
6.332077005000000099e+03 1.516834264289155122e-03 2.590441736850164426e-06
6.340073975000000246e+03 1.514904095888932939e-03 2.590441736850164426e-06
6.348070945000000393e+03 1.507269013450789627e-03 2.590441736850164426e-06
6.356067915000000539e+03 1.503013013533515980e-03 2.590441736850164426e-06
6.364064884999999776e+03 1.501671108880381269e-03 2.590441736850164426e-06
6.372061854999999923e+03 1.491206427916874589e-03 2.590441736850164426e-06
6.380058825000000070e+03 1.492102634417071970e-03 2.590441736850164426e-06
6.388055795000000217e+03 1.485865581965821513e-03 2.590441736850164426e-06
6.396052765000000363e+03 1.486178150526529500e-03 2.590441736850164426e-06
6.404049735000000510e+03 1.477278475704670588e-03 2.590441736850164426e-06
6.412046705000000657e+03 1.470852475582077332e-03 2.590441736850164426e-06
6.420043674999999894e+03 1.470048415495223354e-03 2.590441736850164426e-06
6.428040645000000040e+03 1.476849198807890853e-03 2.590441736850164426e-06
6.436037615000000187e+03 1.476149105695043380e-03 2.590441736850164426e-06
6.444034585000000334e+03 1.484109798141060570e-03 2.590441736850164426e-06
6.452031555000000481e+03 1.486703776833391043e-03 2.590441736850164426e-06
6.460028524999999718e+03 1.497660789282197593e-03 2.590441736850164426e-06
6.468025494999999864e+03 1.505373442698948417e-03 2.590441736850164426e-06
6.476022465000000011e+03 1.513580703016028251e-03 2.590441736850164426e-06
6.484019435000000158e+03 1.531790465527474530e-03 2.590441736850164426e-06
6.492016405000000304e+03 1.548118875555913598e-03 2.590441736850164426e-06
6.500013375000000451e+03 1.559427734364723928e-03 2.590441736850164426e-06
6.508010345000000598e+03 1.579296100830609268e-03 2.590441736850164426e-06
6.516007314999999835e+03 1.587305610929460242e-03 2.590441736850164426e-06
6.524004284999999982e+03 1.584112634872299630e-03 2.590441736850164426e-06
6.532001255000000128e+03 1.557279893406782320e-03 2.590441736850164426e-06
6.539998225000000275e+03 1.545206803426133488e-03 2.590441736850164426e-06
6.547995194999999512e+03 1.542312900981582420e-03 2.590441736850164426e-06
6.555992164999999659e+03 1.537194660367149825e-03 2.590441736850164426e-06
6.563989134999999806e+03 1.535439487351469715e-03 2.590441736850164426e-06
6.571986104999999952e+03 1.537686508794818257e-03 2.590441736850164426e-06
6.579983075000000099e+03 1.543158612866312590e-03 2.590441736850164426e-06
6.587980045000000246e+03 1.541449440044556857e-03 2.590441736850164426e-06
6.595977015000000392e+03 1.559776348503980796e-03 2.590441736850164426e-06
6.603973985000000539e+03 1.569183336019128357e-03 2.590441736850164426e-06
6.611970954999999776e+03 1.575996087123543270e-03 2.590441736850164426e-06
6.619967924999999923e+03 1.559901191648839849e-03 2.590441736850164426e-06
6.627964895000000070e+03 1.535508931186563720e-03 2.590441736850164426e-06
6.635961865000000216e+03 1.507485094580131519e-03 2.590441736850164426e-06
6.643958834999999453e+03 1.481827252803299792e-03 2.590441736850164426e-06
6.651955804999999600e+03 1.456070339091051092e-03 2.590441736850164426e-06
6.659952774999999747e+03 1.428809632131243903e-03 2.590441736850164426e-06
6.667949744999999893e+03 1.401569706806289140e-03 2.590441736850164426e-06
6.675946715000000040e+03 1.393059545737985495e-03 2.590441736850164426e-06
6.683943685000000187e+03 1.380030218817934664e-03 2.590441736850164426e-06
6.691940655000000334e+03 1.361029292069560739e-03 2.590441736850164426e-06
6.699937624999999571e+03 1.355637190511913785e-03 2.590441736850164426e-06
6.707934594999999717e+03 1.344825285036615201e-03 2.590441736850164426e-06
6.715931564999999864e+03 1.335607049920510591e-03 2.590441736850164426e-06
6.723928535000000011e+03 1.329995734292127151e-03 2.590441736850164426e-06
6.731925505000000157e+03 1.327084991014022006e-03 2.590441736850164426e-06
6.739922474999999395e+03 1.328623861171063843e-03 2.590441736850164426e-06
6.747919444999999541e+03 1.319188389633129798e-03 2.590441736850164426e-06
6.755916414999999688e+03 1.320732603837185791e-03 2.590441736850164426e-06
6.763913384999999835e+03 1.314418546268382232e-03 2.590441736850164426e-06
6.771910354999999981e+03 1.312098810128685964e-03 2.590441736850164426e-06
6.779907325000000128e+03 1.305718339598850976e-03 2.590441736850164426e-06
6.787904295000000275e+03 1.303196991436778767e-03 2.590441736850164426e-06
6.795901264999999512e+03 1.300190939790155749e-03 2.590441736850164426e-06
6.803898234999999659e+03 1.296612764556266542e-03 2.590441736850164426e-06
6.811895204999999805e+03 1.291526892598702722e-03 2.590441736850164426e-06
6.819892174999999952e+03 1.291710979401627024e-03 2.590441736850164426e-06
6.827889145000000099e+03 1.286366542641649005e-03 2.590441736850164426e-06
6.835886114999999336e+03 1.285533155575257266e-03 2.590441736850164426e-06
6.843883084999999483e+03 1.277341143125017677e-03 2.590441736850164426e-06
6.851880054999999629e+03 1.268817929432794608e-03 2.590441736850164426e-06
6.859877024999999776e+03 1.272963943512281978e-03 2.590441736850164426e-06
6.867873994999999923e+03 1.264309868564007094e-03 2.590441736850164426e-06
6.875870965000000069e+03 1.260714182320789994e-03 2.590441736850164426e-06
6.883867935000000216e+03 1.263006963180864604e-03 2.590441736850164426e-06
6.891864904999999453e+03 1.253913032077726706e-03 2.590441736850164426e-06
6.899861874999999600e+03 1.253886624303187551e-03 2.590441736850164426e-06
6.907858844999999747e+03 1.249577180969849112e-03 2.590441736850164426e-06
6.915855814999999893e+03 1.246611887760173216e-03 2.590441736850164426e-06
6.923852784999999130e+03 1.240259525371753112e-03 2.590441736850164426e-06
6.931849754999999277e+03 1.235618451469082347e-03 2.590441736850164426e-06
6.939846724999999424e+03 1.233821740228615346e-03 2.590441736850164426e-06
6.947843694999999570e+03 1.230632434015658866e-03 2.590441736850164426e-06
6.955840664999999717e+03 1.229379835193204805e-03 2.590441736850164426e-06
6.963837634999999864e+03 1.225309681501728911e-03 2.590441736850164426e-06
6.971834605000000010e+03 1.217824058490802209e-03 2.590441736850164426e-06
6.979831575000000157e+03 1.215451402686810751e-03 2.590441736850164426e-06
6.987828544999999394e+03 1.213240202323587766e-03 2.590441736850164426e-06
6.995825514999999541e+03 1.205669602690221656e-03 2.590441736850164426e-06
