6.204125485000000481e+03 1.472978052334144618e-03 2.590441736850164426e-06
6.212122455000000627e+03 1.474978222472958511e-03 2.590441736850164426e-06
6.220119425000000774e+03 1.466462729913067895e-03 2.590441736850164426e-06
6.228116395000000011e+03 1.463591792392155344e-03 2.590441736850164426e-06
6.236113365000000158e+03 1.461987886910346042e-03 2.590441736850164426e-06
6.244110335000000305e+03 1.458126176790399938e-03 2.590441736850164426e-06
6.252107305000000451e+03 1.453348841965904255e-03 2.590441736850164426e-06
6.260104275000000598e+03 1.451610071112757923e-03 2.590441736850164426e-06
6.268101244999999835e+03 1.449011565673718636e-03 2.590441736850164426e-06
6.276098214999999982e+03 1.438478462480103888e-03 2.590441736850164426e-06
6.284095185000000129e+03 1.440598924076508637e-03 2.590441736850164426e-06
6.292092155000000275e+03 1.434071974968286747e-03 2.590441736850164426e-06
6.300089125000000422e+03 1.430930265141740773e-03 2.590441736850164426e-06
6.308086095000000569e+03 1.428416804918608389e-03 2.590441736850164426e-06
6.316083065000000715e+03 1.426989615043110443e-03 2.590441736850164426e-06
6.324080034999999953e+03 1.420616176610779366e-03 2.590441736850164426e-06
6.332077005000000099e+03 1.417551208729099727e-03 2.590441736850164426e-06
6.340073975000000246e+03 1.418648125341171037e-03 2.590441736850164426e-06
6.348070945000000393e+03 1.411347686543893429e-03 2.590441736850164426e-06
6.356067915000000539e+03 1.407390253863451427e-03 2.590441736850164426e-06
6.364064884999999776e+03 1.400050268465884195e-03 2.590441736850164426e-06
6.372061854999999923e+03 1.399572972772791975e-03 2.590441736850164426e-06
6.380058825000000070e+03 1.393895503825164778e-03 2.590441736850164426e-06
6.388055795000000217e+03 1.391088824154263024e-03 2.590441736850164426e-06
6.396052765000000363e+03 1.384725960209435463e-03 2.590441736850164426e-06
6.404049735000000510e+03 1.385959510642758739e-03 2.590441736850164426e-06
6.412046705000000657e+03 1.387310161492473362e-03 2.590441736850164426e-06
6.420043674999999894e+03 1.387183203010848315e-03 2.590441736850164426e-06
6.428040645000000040e+03 1.389559746100791238e-03 2.590441736850164426e-06
6.436037615000000187e+03 1.392961887988204955e-03 2.590441736850164426e-06
6.444034585000000334e+03 1.391759248838124810e-03 2.590441736850164426e-06
6.452031555000000481e+03 1.393234609991931021e-03 2.590441736850164426e-06
6.460028524999999718e+03 1.395877074236265150e-03 2.590441736850164426e-06
6.468025494999999864e+03 1.410968304488120339e-03 2.590441736850164426e-06
6.476022465000000011e+03 1.419966441556313151e-03 2.590441736850164426e-06
6.484019435000000158e+03 1.436697366183513434e-03 2.590441736850164426e-06
6.492016405000000304e+03 1.451897383363627472e-03 2.590441736850164426e-06
6.500013375000000451e+03 1.460733457990362732e-03 2.590441736850164426e-06
6.508010345000000598e+03 1.481270024304908155e-03 2.590441736850164426e-06
6.516007314999999835e+03 1.488111925591059821e-03 2.590441736850164426e-06
6.524004284999999982e+03 1.488182160075073208e-03 2.590441736850164426e-06
6.532001255000000128e+03 1.466927362696054862e-03 2.590441736850164426e-06
6.539998225000000275e+03 1.454154770534562408e-03 2.590441736850164426e-06
6.547995194999999512e+03 1.447497916280014382e-03 2.590441736850164426e-06
6.555992164999999659e+03 1.442735029679348066e-03 2.590441736850164426e-06
6.563989134999999806e+03 1.439961518090499340e-03 2.590441736850164426e-06
6.571986104999999952e+03 1.437655379162785510e-03 2.590441736850164426e-06
6.579983075000000099e+03 1.447264201700693229e-03 2.590441736850164426e-06
6.587980045000000246e+03 1.447251680391026816e-03 2.590441736850164426e-06
6.595977015000000392e+03 1.464458080907701841e-03 2.590441736850164426e-06
6.603973985000000539e+03 1.476694865877316862e-03 2.590441736850164426e-06
6.611970954999999776e+03 1.476204824429462907e-03 2.590441736850164426e-06
6.619967924999999923e+03 1.460621216066116442e-03 2.590441736850164426e-06
6.627964895000000070e+03 1.438515972589624091e-03 2.590441736850164426e-06
6.635961865000000216e+03 1.413006716624075907e-03 2.590441736850164426e-06
6.643958834999999453e+03 1.388162966669239306e-03 2.590441736850164426e-06
6.651955804999999600e+03 1.360971404430231374e-03 2.590441736850164426e-06
6.659952774999999747e+03 1.346088898028291545e-03 2.590441736850164426e-06
6.667949744999999893e+03 1.321682493720627120e-03 2.590441736850164426e-06
6.675946715000000040e+03 1.316593499833231679e-03 2.590441736850164426e-06
6.683943685000000187e+03 1.302809916038643418e-03 2.590441736850164426e-06
6.691940655000000334e+03 1.284678410902614486e-03 2.590441736850164426e-06
6.699937624999999571e+03 1.276190811456500047e-03 2.590441736850164426e-06
6.707934594999999717e+03 1.263629644783448910e-03 2.590441736850164426e-06
6.715931564999999864e+03 1.256864122852167356e-03 2.590441736850164426e-06
6.723928535000000011e+03 1.245206465552245846e-03 2.590441736850164426e-06
6.731925505000000157e+03 1.242032477454212136e-03 2.590441736850164426e-06
6.739922474999999395e+03 1.239507516117490261e-03 2.590441736850164426e-06
6.747919444999999541e+03 1.235141232252816952e-03 2.590441736850164426e-06
6.755916414999999688e+03 1.232480068509471741e-03 2.590441736850164426e-06
6.763913384999999835e+03 1.228006363522770282e-03 2.590441736850164426e-06
6.771910354999999981e+03 1.223456301545401866e-03 2.590441736850164426e-06
6.779907325000000128e+03 1.227132332198766027e-03 2.590441736850164426e-06
6.787904295000000275e+03 1.217659046558285715e-03 2.590441736850164426e-06
6.795901264999999512e+03 1.217886737710054557e-03 2.590441736850164426e-06
6.803898234999999659e+03 1.207519096040973131e-03 2.590441736850164426e-06
6.811895204999999805e+03 1.208172222214715357e-03 2.590441736850164426e-06
6.819892174999999952e+03 1.206253079159929058e-03 2.590441736850164426e-06
6.827889145000000099e+03 1.202164521800606987e-03 2.590441736850164426e-06
6.835886114999999336e+03 1.201190784356819929e-03 2.590441736850164426e-06
6.843883084999999483e+03 1.191599236258427752e-03 2.590441736850164426e-06
6.851880054999999629e+03 1.187218154466900509e-03 2.590441736850164426e-06
6.859877024999999776e+03 1.185690200118205305e-03 2.590441736850164426e-06
6.867873994999999923e+03 1.189109896691109428e-03 2.590441736850164426e-06
6.875870965000000069e+03 1.178978723712861788e-03 2.590441736850164426e-06
6.883867935000000216e+03 1.172806601671410156e-03 2.590441736850164426e-06
6.891864904999999453e+03 1.175278239467322794e-03 2.590441736850164426e-06
6.899861874999999600e+03 1.173347675254836787e-03 2.590441736850164426e-06
6.907858844999999747e+03 1.168095010960707673e-03 2.590441736850164426e-06
6.915855814999999893e+03 1.160905310168552354e-03 2.590441736850164426e-06
6.923852784999999130e+03 1.165615431591780814e-03 2.590441736850164426e-06
6.931849754999999277e+03 1.158126388179973399e-03 2.590441736850164426e-06
6.939846724999999424e+03 1.154900762493452429e-03 2.590441736850164426e-06
6.947843694999999570e+03 1.149548029740866256e-03 2.590441736850164426e-06
6.955840664999999717e+03 1.145394941429433424e-03 2.590441736850164426e-06
6.963837634999999864e+03 1.142813116222836378e-03 2.590441736850164426e-06
6.971834605000000010e+03 1.145159178644383768e-03 2.590441736850164426e-06
6.979831575000000157e+03 1.134620959072202544e-03 2.590441736850164426e-06
6.987828544999999394e+03 1.127684896519122720e-03 2.590441736850164426e-06
6.995825514999999541e+03 1.131378706059222314e-03 2.590441736850164426e-06
