6.204125485000000481e+03 1.426182438586362771e-03 2.590441736850164426e-06
6.212122455000000627e+03 1.419049668550468810e-03 2.590441736850164426e-06
6.220119425000000774e+03 1.414811096047381180e-03 2.590441736850164426e-06
6.228116395000000011e+03 1.410541506987340312e-03 2.590441736850164426e-06
6.236113365000000158e+03 1.405533475421582136e-03 2.590441736850164426e-06
6.244110335000000305e+03 1.397383240209811982e-03 2.590441736850164426e-06
6.252107305000000451e+03 1.399520666824339904e-03 2.590441736850164426e-06
6.260104275000000598e+03 1.395874531221073279e-03 2.590441736850164426e-06
6.268101244999999835e+03 1.395973287808689864e-03 2.590441736850164426e-06
6.276098214999999982e+03 1.390645326653462124e-03 2.590441736850164426e-06
6.284095185000000129e+03 1.385872628390183436e-03 2.590441736850164426e-06
6.292092155000000275e+03 1.383829427290394739e-03 2.590441736850164426e-06
6.300089125000000422e+03 1.377646975621112926e-03 2.590441736850164426e-06
6.308086095000000569e+03 1.374723573339470305e-03 2.590441736850164426e-06
6.316083065000000715e+03 1.367517484950592655e-03 2.590441736850164426e-06
6.324080034999999953e+03 1.367121407809228882e-03 2.590441736850164426e-06
6.332077005000000099e+03 1.362877073144180351e-03 2.590441736850164426e-06
6.340073975000000246e+03 1.354512606987802025e-03 2.590441736850164426e-06
6.348070945000000393e+03 1.350897886105200275e-03 2.590441736850164426e-06
6.356067915000000539e+03 1.353941984578817996e-03 2.590441736850164426e-06
6.364064884999999776e+03 1.346202504465148376e-03 2.590441736850164426e-06
6.372061854999999923e+03 1.339047869846614119e-03 2.590441736850164426e-06
6.380058825000000070e+03 1.336879163116867471e-03 2.590441736850164426e-06
6.388055795000000217e+03 1.331441614003553778e-03 2.590441736850164426e-06
6.396052765000000363e+03 1.324219937127058639e-03 2.590441736850164426e-06
6.404049735000000510e+03 1.326380137600989247e-03 2.590441736850164426e-06
6.412046705000000657e+03 1.320124019242725029e-03 2.590441736850164426e-06
6.420043674999999894e+03 1.317308187529379069e-03 2.590441736850164426e-06
6.428040645000000040e+03 1.323292520708773843e-03 2.590441736850164426e-06
6.436037615000000187e+03 1.325038108620880256e-03 2.590441736850164426e-06
6.444034585000000334e+03 1.326690713356901488e-03 2.590441736850164426e-06
6.452031555000000481e+03 1.338249925259603649e-03 2.590441736850164426e-06
6.460028524999999718e+03 1.344895587416080436e-03 2.590441736850164426e-06
6.468025494999999864e+03 1.359591933269004667e-03 2.590441736850164426e-06
6.476022465000000011e+03 1.368330803351425597e-03 2.590441736850164426e-06
6.484019435000000158e+03 1.389984982672035031e-03 2.590441736850164426e-06
6.492016405000000304e+03 1.404535540071557946e-03 2.590441736850164426e-06
6.500013375000000451e+03 1.418226389691016730e-03 2.590441736850164426e-06
6.508010345000000598e+03 1.429714283908107859e-03 2.590441736850164426e-06
6.516007314999999835e+03 1.432632127464358819e-03 2.590441736850164426e-06
6.524004284999999982e+03 1.425443452779949580e-03 2.590441736850164426e-06
6.532001255000000128e+03 1.415273591725531516e-03 2.590441736850164426e-06
6.539998225000000275e+03 1.401997401678621016e-03 2.590441736850164426e-06
6.547995194999999512e+03 1.397535794127244962e-03 2.590441736850164426e-06
6.555992164999999659e+03 1.394279903632192948e-03 2.590441736850164426e-06
6.563989134999999806e+03 1.389337052340956693e-03 2.590441736850164426e-06
6.571986104999999952e+03 1.386267821989158001e-03 2.590441736850164426e-06
6.579983075000000099e+03 1.388212050289627493e-03 2.590441736850164426e-06
6.587980045000000246e+03 1.390071537845749376e-03 2.590441736850164426e-06
6.595977015000000392e+03 1.409168289810740866e-03 2.590441736850164426e-06
6.603973985000000539e+03 1.423902616466747118e-03 2.590441736850164426e-06
6.611970954999999776e+03 1.425953801777839203e-03 2.590441736850164426e-06
6.619967924999999923e+03 1.413492532742661751e-03 2.590441736850164426e-06
6.627964895000000070e+03 1.401715806402579687e-03 2.590441736850164426e-06
6.635961865000000216e+03 1.372834447747212864e-03 2.590441736850164426e-06
6.643958834999999453e+03 1.343509942848406446e-03 2.590441736850164426e-06
6.651955804999999600e+03 1.323801924729759881e-03 2.590441736850164426e-06
6.659952774999999747e+03 1.291116139214473638e-03 2.590441736850164426e-06
6.667949744999999893e+03 1.261759634638144004e-03 2.590441736850164426e-06
6.675946715000000040e+03 1.251991955487251861e-03 2.590441736850164426e-06
6.683943685000000187e+03 1.240164365117069154e-03 2.590441736850164426e-06
6.691940655000000334e+03 1.218775118085452507e-03 2.590441736850164426e-06
6.699937624999999571e+03 1.207026883016655821e-03 2.590441736850164426e-06
6.707934594999999717e+03 1.202419884400958427e-03 2.590441736850164426e-06
6.715931564999999864e+03 1.200369187600680175e-03 2.590441736850164426e-06
6.723928535000000011e+03 1.195013819958836484e-03 2.590441736850164426e-06
6.731925505000000157e+03 1.189388664474697477e-03 2.590441736850164426e-06
6.739922474999999395e+03 1.189203279374849214e-03 2.590441736850164426e-06
6.747919444999999541e+03 1.188389854126896362e-03 2.590441736850164426e-06
6.755916414999999688e+03 1.179298530487295866e-03 2.590441736850164426e-06
6.763913384999999835e+03 1.184249698317398330e-03 2.590441736850164426e-06
6.771910354999999981e+03 1.177204628481121583e-03 2.590441736850164426e-06
6.779907325000000128e+03 1.173643331775489716e-03 2.590441736850164426e-06
6.787904295000000275e+03 1.173704571156874207e-03 2.590441736850164426e-06
6.795901264999999512e+03 1.165489219168635302e-03 2.590441736850164426e-06
6.803898234999999659e+03 1.163061451503115450e-03 2.590441736850164426e-06
6.811895204999999805e+03 1.163567153548460955e-03 2.590441736850164426e-06
6.819892174999999952e+03 1.160113483465947991e-03 2.590441736850164426e-06
6.827889145000000099e+03 1.156006880735785522e-03 2.590441736850164426e-06
6.835886114999999336e+03 1.151151794860963938e-03 2.590441736850164426e-06
6.843883084999999483e+03 1.147678585016036331e-03 2.590441736850164426e-06
6.851880054999999629e+03 1.145521857314335664e-03 2.590441736850164426e-06
6.859877024999999776e+03 1.142335487457741021e-03 2.590441736850164426e-06
6.867873994999999923e+03 1.138504527708500847e-03 2.590441736850164426e-06
6.875870965000000069e+03 1.135997578090585953e-03 2.590441736850164426e-06
6.883867935000000216e+03 1.132041882085827638e-03 2.590441736850164426e-06
6.891864904999999453e+03 1.129665912832539341e-03 2.590441736850164426e-06
6.899861874999999600e+03 1.126844620900918897e-03 2.590441736850164426e-06
6.907858844999999747e+03 1.120213403038606724e-03 2.590441736850164426e-06
6.915855814999999893e+03 1.120268784299185277e-03 2.590441736850164426e-06
6.923852784999999130e+03 1.116260441545320701e-03 2.590441736850164426e-06
6.931849754999999277e+03 1.111317609988560868e-03 2.590441736850164426e-06
6.939846724999999424e+03 1.110783482248462687e-03 2.590441736850164426e-06
6.947843694999999570e+03 1.108594343899934860e-03 2.590441736850164426e-06
6.955840664999999717e+03 1.104149538952062682e-03 2.590441736850164426e-06
6.963837634999999864e+03 1.100833055748594389e-03 2.590441736850164426e-06
6.971834605000000010e+03 1.097833971551641537e-03 2.590441736850164426e-06
6.979831575000000157e+03 1.090674940939339276e-03 2.590441736850164426e-06
6.987828544999999394e+03 1.092109531533566906e-03 2.590441736850164426e-06
6.995825514999999541e+03 1.090713030193728259e-03 2.590441736850164426e-06
