6.204125485000000481e+03 1.395999303607498715e-03 2.590441736850164426e-06
6.212122455000000627e+03 1.397674588510108926e-03 2.590441736850164426e-06
6.220119425000000774e+03 1.390324530194170325e-03 2.590441736850164426e-06
6.228116395000000011e+03 1.389832559312134501e-03 2.590441736850164426e-06
6.236113365000000158e+03 1.383178338973267739e-03 2.590441736850164426e-06
6.244110335000000305e+03 1.379484652255597021e-03 2.590441736850164426e-06
6.252107305000000451e+03 1.378589537077279511e-03 2.590441736850164426e-06
6.260104275000000598e+03 1.375674600111658407e-03 2.590441736850164426e-06
6.268101244999999835e+03 1.370739779866551270e-03 2.590441736850164426e-06
6.276098214999999982e+03 1.371475941521667959e-03 2.590441736850164426e-06
6.284095185000000129e+03 1.363528730709002773e-03 2.590441736850164426e-06
6.292092155000000275e+03 1.364367930631460359e-03 2.590441736850164426e-06
6.300089125000000422e+03 1.359372645432692286e-03 2.590441736850164426e-06
6.308086095000000569e+03 1.348764370695626881e-03 2.590441736850164426e-06
6.316083065000000715e+03 1.352295280401440451e-03 2.590441736850164426e-06
6.324080034999999953e+03 1.345820126311052939e-03 2.590441736850164426e-06
6.332077005000000099e+03 1.345836560907627414e-03 2.590441736850164426e-06
6.340073975000000246e+03 1.341053757895456283e-03 2.590441736850164426e-06
6.348070945000000393e+03 1.336375657379267664e-03 2.590441736850164426e-06
6.356067915000000539e+03 1.327971221082908330e-03 2.590441736850164426e-06
6.364064884999999776e+03 1.326278327415462760e-03 2.590441736850164426e-06
6.372061854999999923e+03 1.322111433298149260e-03 2.590441736850164426e-06
6.380058825000000070e+03 1.321805080531542704e-03 2.590441736850164426e-06
6.388055795000000217e+03 1.319263782335095350e-03 2.590441736850164426e-06
6.396052765000000363e+03 1.311498965300044676e-03 2.590441736850164426e-06
6.404049735000000510e+03 1.311485358814914667e-03 2.590441736850164426e-06
6.412046705000000657e+03 1.310623029699124363e-03 2.590441736850164426e-06
6.420043674999999894e+03 1.308531851663502239e-03 2.590441736850164426e-06
6.428040645000000040e+03 1.316058802331604308e-03 2.590441736850164426e-06
6.436037615000000187e+03 1.312275520513759165e-03 2.590441736850164426e-06
6.444034585000000334e+03 1.314798917119951215e-03 2.590441736850164426e-06
6.452031555000000481e+03 1.323211685421583992e-03 2.590441736850164426e-06
6.460028524999999718e+03 1.324729152461383329e-03 2.590441736850164426e-06
6.468025494999999864e+03 1.339615730651202248e-03 2.590441736850164426e-06
6.476022465000000011e+03 1.348314751893087918e-03 2.590441736850164426e-06
6.484019435000000158e+03 1.367208205395906628e-03 2.590441736850164426e-06
6.492016405000000304e+03 1.381786007010716959e-03 2.590441736850164426e-06
6.500013375000000451e+03 1.397488410509553115e-03 2.590441736850164426e-06
6.508010345000000598e+03 1.405400936357189493e-03 2.590441736850164426e-06
6.516007314999999835e+03 1.408936358842140420e-03 2.590441736850164426e-06
6.524004284999999982e+03 1.402972509578151537e-03 2.590441736850164426e-06
6.532001255000000128e+03 1.390291339194789106e-03 2.590441736850164426e-06
6.539998225000000275e+03 1.377834334207668791e-03 2.590441736850164426e-06
6.547995194999999512e+03 1.373060868835243066e-03 2.590441736850164426e-06
6.555992164999999659e+03 1.366169307233424009e-03 2.590441736850164426e-06
6.563989134999999806e+03 1.365258356106227675e-03 2.590441736850164426e-06
6.571986104999999952e+03 1.365918200806481939e-03 2.590441736850164426e-06
6.579983075000000099e+03 1.370737637591750140e-03 2.590441736850164426e-06
6.587980045000000246e+03 1.373990167992435131e-03 2.590441736850164426e-06
6.595977015000000392e+03 1.392472961967244644e-03 2.590441736850164426e-06
6.603973985000000539e+03 1.393809117619268902e-03 2.590441736850164426e-06
6.611970954999999776e+03 1.399563514073288431e-03 2.590441736850164426e-06
6.619967924999999923e+03 1.389174486415109327e-03 2.590441736850164426e-06
6.627964895000000070e+03 1.378902411617684157e-03 2.590441736850164426e-06
6.635961865000000216e+03 1.347357191128249277e-03 2.590441736850164426e-06
6.643958834999999453e+03 1.327560831656864450e-03 2.590441736850164426e-06
6.651955804999999600e+03 1.298369911772263765e-03 2.590441736850164426e-06
6.659952774999999747e+03 1.277160619976515062e-03 2.590441736850164426e-06
6.667949744999999893e+03 1.255375680170287261e-03 2.590441736850164426e-06
6.675946715000000040e+03 1.238195734595179702e-03 2.590441736850164426e-06
6.683943685000000187e+03 1.222911671036305435e-03 2.590441736850164426e-06
6.691940655000000334e+03 1.214459645943672663e-03 2.590441736850164426e-06
6.699937624999999571e+03 1.201540647911138876e-03 2.590441736850164426e-06
6.707934594999999717e+03 1.199099366779287626e-03 2.590441736850164426e-06
6.715931564999999864e+03 1.185709579095704401e-03 2.590441736850164426e-06
6.723928535000000011e+03 1.176829151195778666e-03 2.590441736850164426e-06
6.731925505000000157e+03 1.177013826699491606e-03 2.590441736850164426e-06
6.739922474999999395e+03 1.174118056047204241e-03 2.590441736850164426e-06
6.747919444999999541e+03 1.168173841836651168e-03 2.590441736850164426e-06
6.755916414999999688e+03 1.168884323119578428e-03 2.590441736850164426e-06
6.763913384999999835e+03 1.168559710619285858e-03 2.590441736850164426e-06
6.771910354999999981e+03 1.159235565996924672e-03 2.590441736850164426e-06
6.779907325000000128e+03 1.157599186508338329e-03 2.590441736850164426e-06
6.787904295000000275e+03 1.154251528990087863e-03 2.590441736850164426e-06
6.795901264999999512e+03 1.150545654592819182e-03 2.590441736850164426e-06
6.803898234999999659e+03 1.148947827976630172e-03 2.590441736850164426e-06
6.811895204999999805e+03 1.144855299432635766e-03 2.590441736850164426e-06
6.819892174999999952e+03 1.141734748335615198e-03 2.590441736850164426e-06
6.827889145000000099e+03 1.136583540836038969e-03 2.590441736850164426e-06
6.835886114999999336e+03 1.136338728205022949e-03 2.590441736850164426e-06
6.843883084999999483e+03 1.131194394129445523e-03 2.590441736850164426e-06
6.851880054999999629e+03 1.131366301649145084e-03 2.590441736850164426e-06
6.859877024999999776e+03 1.124145600582609908e-03 2.590441736850164426e-06
6.867873994999999923e+03 1.123099579626294460e-03 2.590441736850164426e-06
6.875870965000000069e+03 1.119928224956624795e-03 2.590441736850164426e-06
6.883867935000000216e+03 1.118286085838998255e-03 2.590441736850164426e-06
6.891864904999999453e+03 1.112929444239653658e-03 2.590441736850164426e-06
6.899861874999999600e+03 1.107877721812136271e-03 2.590441736850164426e-06
6.907858844999999747e+03 1.107822844297366022e-03 2.590441736850164426e-06
6.915855814999999893e+03 1.106742459823858212e-03 2.590441736850164426e-06
6.923852784999999130e+03 1.102333834882576529e-03 2.590441736850164426e-06
6.931849754999999277e+03 1.095797407358592955e-03 2.590441736850164426e-06
6.939846724999999424e+03 1.095394521043086032e-03 2.590441736850164426e-06
6.947843694999999570e+03 1.090618629665417475e-03 2.590441736850164426e-06
6.955840664999999717e+03 1.087820267467307393e-03 2.590441736850164426e-06
6.963837634999999864e+03 1.084937357531503546e-03 2.590441736850164426e-06
6.971834605000000010e+03 1.083485901269022438e-03 2.590441736850164426e-06
6.979831575000000157e+03 1.075826816402388614e-03 2.590441736850164426e-06
6.987828544999999394e+03 1.076004454392504289e-03 2.590441736850164426e-06
6.995825514999999541e+03 1.073767118742464423e-03 2.590441736850164426e-06
