6.204125485000000481e+03 1.174951766679647970e-03 2.590441736850164426e-06
6.212122455000000627e+03 1.174325564090888084e-03 2.590441736850164426e-06
6.220119425000000774e+03 1.167546855200198843e-03 2.590441736850164426e-06
6.228116395000000011e+03 1.163002169477936679e-03 2.590441736850164426e-06
6.236113365000000158e+03 1.162380802927352611e-03 2.590441736850164426e-06
6.244110335000000305e+03 1.161268926145231925e-03 2.590441736850164426e-06
6.252107305000000451e+03 1.158619815135874653e-03 2.590441736850164426e-06
6.260104275000000598e+03 1.157541977840483493e-03 2.590441736850164426e-06
6.268101244999999835e+03 1.150635442973147642e-03 2.590441736850164426e-06
6.276098214999999982e+03 1.149818697287881232e-03 2.590441736850164426e-06
6.284095185000000129e+03 1.142158317586725903e-03 2.590441736850164426e-06
6.292092155000000275e+03 1.145540894386452065e-03 2.590441736850164426e-06
6.300089125000000422e+03 1.142481578111812640e-03 2.590441736850164426e-06
6.308086095000000569e+03 1.138582560143981074e-03 2.590441736850164426e-06
6.316083065000000715e+03 1.129263639141591356e-03 2.590441736850164426e-06
6.324080034999999953e+03 1.127765037759777701e-03 2.590441736850164426e-06
6.332077005000000099e+03 1.126000475760044039e-03 2.590441736850164426e-06
6.340073975000000246e+03 1.124185684939258941e-03 2.590441736850164426e-06
6.348070945000000393e+03 1.115185141205853958e-03 2.590441736850164426e-06
6.356067915000000539e+03 1.115272637077343405e-03 2.590441736850164426e-06
6.364064884999999776e+03 1.111093483680519528e-03 2.590441736850164426e-06
6.372061854999999923e+03 1.108796744986066327e-03 2.590441736850164426e-06
6.380058825000000070e+03 1.102920517120952251e-03 2.590441736850164426e-06
6.388055795000000217e+03 1.101348831074461243e-03 2.590441736850164426e-06
6.396052765000000363e+03 1.099704200061431356e-03 2.590441736850164426e-06
6.404049735000000510e+03 1.097264618666060143e-03 2.590441736850164426e-06
6.412046705000000657e+03 1.095765175376332444e-03 2.590441736850164426e-06
6.420043674999999894e+03 1.094840011885644514e-03 2.590441736850164426e-06
6.428040645000000040e+03 1.095155689514538564e-03 2.590441736850164426e-06
6.436037615000000187e+03 1.095141373891267552e-03 2.590441736850164426e-06
6.444034585000000334e+03 1.107801862736629587e-03 2.590441736850164426e-06
6.452031555000000481e+03 1.104472058256003976e-03 2.590441736850164426e-06
6.460028524999999718e+03 1.119689153901897837e-03 2.590441736850164426e-06
6.468025494999999864e+03 1.130903846887222619e-03 2.590441736850164426e-06
6.476022465000000011e+03 1.147649078286525201e-03 2.590441736850164426e-06
6.484019435000000158e+03 1.157469391825363767e-03 2.590441736850164426e-06
6.492016405000000304e+03 1.176171575705371340e-03 2.590441736850164426e-06
6.500013375000000451e+03 1.190524109154944728e-03 2.590441736850164426e-06
6.508010345000000598e+03 1.203451410860318337e-03 2.590441736850164426e-06
6.516007314999999835e+03 1.211945466969435205e-03 2.590441736850164426e-06
6.524004284999999982e+03 1.202501321244220161e-03 2.590441736850164426e-06
6.532001255000000128e+03 1.185445046923343931e-03 2.590441736850164426e-06
6.539998225000000275e+03 1.173895057769920678e-03 2.590441736850164426e-06
6.547995194999999512e+03 1.168591298051884679e-03 2.590441736850164426e-06
6.555992164999999659e+03 1.167839807044116157e-03 2.590441736850164426e-06
6.563989134999999806e+03 1.166706277557548986e-03 2.590441736850164426e-06
6.571986104999999952e+03 1.160963342766250595e-03 2.590441736850164426e-06
6.579983075000000099e+03 1.164726494304649772e-03 2.590441736850164426e-06
6.587980045000000246e+03 1.166910023671179769e-03 2.590441736850164426e-06
6.595977015000000392e+03 1.182028742484194251e-03 2.590441736850164426e-06
6.603973985000000539e+03 1.197202348763526381e-03 2.590441736850164426e-06
6.611970954999999776e+03 1.201028451233075028e-03 2.590441736850164426e-06
6.619967924999999923e+03 1.187344932963687759e-03 2.590441736850164426e-06
6.627964895000000070e+03 1.181787088552521117e-03 2.590441736850164426e-06
6.635961865000000216e+03 1.154279917646424368e-03 2.590441736850164426e-06
6.643958834999999453e+03 1.129953714971610292e-03 2.590441736850164426e-06
6.651955804999999600e+03 1.102781602234010868e-03 2.590441736850164426e-06
6.659952774999999747e+03 1.078528432983809002e-03 2.590441736850164426e-06
6.667949744999999893e+03 1.056612896828143392e-03 2.590441736850164426e-06
6.675946715000000040e+03 1.047294076257385435e-03 2.590441736850164426e-06
6.683943685000000187e+03 1.032690194845437698e-03 2.590441736850164426e-06
6.691940655000000334e+03 1.013962825887302103e-03 2.590441736850164426e-06
6.699937624999999571e+03 1.002298099640652274e-03 2.590441736850164426e-06
6.707934594999999717e+03 9.972424048352555599e-04 2.590441736850164426e-06
6.715931564999999864e+03 9.959201572456593838e-04 2.590441736850164426e-06
6.723928535000000011e+03 9.851813564484457504e-04 2.590441736850164426e-06
6.731925505000000157e+03 9.853150950280965652e-04 2.590441736850164426e-06
6.739922474999999395e+03 9.814923627653919860e-04 2.590441736850164426e-06
6.747919444999999541e+03 9.777555190083723775e-04 2.590441736850164426e-06
6.755916414999999688e+03 9.763596254144906979e-04 2.590441736850164426e-06
6.763913384999999835e+03 9.801168954201710127e-04 2.590441736850164426e-06
6.771910354999999981e+03 9.777276810510396321e-04 2.590441736850164426e-06
6.779907325000000128e+03 9.731415468466457237e-04 2.590441736850164426e-06
6.787904295000000275e+03 9.686897132225311732e-04 2.590441736850164426e-06
6.795901264999999512e+03 9.683358383088465663e-04 2.590441736850164426e-06
6.803898234999999659e+03 9.631387964362536375e-04 2.590441736850164426e-06
6.811895204999999805e+03 9.609394454923774267e-04 2.590441736850164426e-06
6.819892174999999952e+03 9.570127638269880195e-04 2.590441736850164426e-06
6.827889145000000099e+03 9.523173927793822033e-04 2.590441736850164426e-06
6.835886114999999336e+03 9.527828704947408512e-04 2.590441736850164426e-06
6.843883084999999483e+03 9.516095415143371308e-04 2.590441736850164426e-06
6.851880054999999629e+03 9.451581615499489615e-04 2.590441736850164426e-06
6.859877024999999776e+03 9.477453676730461431e-04 2.590441736850164426e-06
6.867873994999999923e+03 9.451003229889660181e-04 2.590441736850164426e-06
6.875870965000000069e+03 9.344792105974506066e-04 2.590441736850164426e-06
6.883867935000000216e+03 9.356286083043281136e-04 2.590441736850164426e-06
6.891864904999999453e+03 9.313411632002747183e-04 2.590441736850164426e-06
6.899861874999999600e+03 9.337511645974652403e-04 2.590441736850164426e-06
6.907858844999999747e+03 9.261590020790181309e-04 2.590441736850164426e-06
6.915855814999999893e+03 9.277159220232171792e-04 2.590441736850164426e-06
6.923852784999999130e+03 9.249068662499288548e-04 2.590441736850164426e-06
6.931849754999999277e+03 9.231881125668690456e-04 2.590441736850164426e-06
6.939846724999999424e+03 9.169669327413401813e-04 2.590441736850164426e-06
6.947843694999999570e+03 9.145309764999909894e-04 2.590441736850164426e-06
6.955840664999999717e+03 9.111459583470605953e-04 2.590441736850164426e-06
6.963837634999999864e+03 9.122526264838941735e-04 2.590441736850164426e-06
6.971834605000000010e+03 9.056531734514202975e-04 2.590441736850164426e-06
6.979831575000000157e+03 9.069265457692090790e-04 2.590441736850164426e-06
6.987828544999999394e+03 9.019386840655485875e-04 2.590441736850164426e-06
6.995825514999999541e+03 8.974763347202723571e-04 2.590441736850164426e-06
