6.204125485000000481e+03 1.485766862202010869e-03 2.590441736850164426e-06
6.212122455000000627e+03 1.483606987717370294e-03 2.590441736850164426e-06
6.220119425000000774e+03 1.479709332247046557e-03 2.590441736850164426e-06
6.228116395000000011e+03 1.475302563293180279e-03 2.590441736850164426e-06
6.236113365000000158e+03 1.474826174341652054e-03 2.590441736850164426e-06
6.244110335000000305e+03 1.469151216225234253e-03 2.590441736850164426e-06
6.252107305000000451e+03 1.459796095357546262e-03 2.590441736850164426e-06
6.260104275000000598e+03 1.465007492987445079e-03 2.590441736850164426e-06
6.268101244999999835e+03 1.456574314043728065e-03 2.590441736850164426e-06
6.276098214999999982e+03 1.449032804150230183e-03 2.590441736850164426e-06
6.284095185000000129e+03 1.446561928735127286e-03 2.590441736850164426e-06
6.292092155000000275e+03 1.445437394565115977e-03 2.590441736850164426e-06
6.300089125000000422e+03 1.440982918867429784e-03 2.590441736850164426e-06
6.308086095000000569e+03 1.440554454235088268e-03 2.590441736850164426e-06
6.316083065000000715e+03 1.438109380037147717e-03 2.590441736850164426e-06
6.324080034999999953e+03 1.432294471845964182e-03 2.590441736850164426e-06
6.332077005000000099e+03 1.427251720508148844e-03 2.590441736850164426e-06
6.340073975000000246e+03 1.420102691715361331e-03 2.590441736850164426e-06
6.348070945000000393e+03 1.415475685505040776e-03 2.590441736850164426e-06
6.356067915000000539e+03 1.414967074219472196e-03 2.590441736850164426e-06
6.364064884999999776e+03 1.412078729037173934e-03 2.590441736850164426e-06
6.372061854999999923e+03 1.405800223664801325e-03 2.590441736850164426e-06
6.380058825000000070e+03 1.402736355484766754e-03 2.590441736850164426e-06
6.388055795000000217e+03 1.397997171065932034e-03 2.590441736850164426e-06
6.396052765000000363e+03 1.395636019563049977e-03 2.590441736850164426e-06
6.404049735000000510e+03 1.391095514025812328e-03 2.590441736850164426e-06
6.412046705000000657e+03 1.396545153938457372e-03 2.590441736850164426e-06
6.420043674999999894e+03 1.389498958392349718e-03 2.590441736850164426e-06
6.428040645000000040e+03 1.395098262394026860e-03 2.590441736850164426e-06
6.436037615000000187e+03 1.398291703192841703e-03 2.590441736850164426e-06
6.444034585000000334e+03 1.399016720286753307e-03 2.590441736850164426e-06
6.452031555000000481e+03 1.400265226402025963e-03 2.590441736850164426e-06
6.460028524999999718e+03 1.412994464462547948e-03 2.590441736850164426e-06
6.468025494999999864e+03 1.421852800999757549e-03 2.590441736850164426e-06
6.476022465000000011e+03 1.427232172962723854e-03 2.590441736850164426e-06
6.484019435000000158e+03 1.444643460198024665e-03 2.590441736850164426e-06
6.492016405000000304e+03 1.467994599552685086e-03 2.590441736850164426e-06
6.500013375000000451e+03 1.481505561315265033e-03 2.590441736850164426e-06
6.508010345000000598e+03 1.490265797738633564e-03 2.590441736850164426e-06
6.516007314999999835e+03 1.484841066604523094e-03 2.590441736850164426e-06
6.524004284999999982e+03 1.491052748394654931e-03 2.590441736850164426e-06
6.532001255000000128e+03 1.467027192771315925e-03 2.590441736850164426e-06
6.539998225000000275e+03 1.457067443664305855e-03 2.590441736850164426e-06
6.547995194999999512e+03 1.450852774493106671e-03 2.590441736850164426e-06
6.555992164999999659e+03 1.445923725504490252e-03 2.590441736850164426e-06
6.563989134999999806e+03 1.446084271037859298e-03 2.590441736850164426e-06
6.571986104999999952e+03 1.446294904921939777e-03 2.590441736850164426e-06
6.579983075000000099e+03 1.443935356655313713e-03 2.590441736850164426e-06
6.587980045000000246e+03 1.454470599674100983e-03 2.590441736850164426e-06
6.595977015000000392e+03 1.471936393414426548e-03 2.590441736850164426e-06
6.603973985000000539e+03 1.480390994928398180e-03 2.590441736850164426e-06
6.611970954999999776e+03 1.473690021094140263e-03 2.590441736850164426e-06
6.619967924999999923e+03 1.464349273663942625e-03 2.590441736850164426e-06
6.627964895000000070e+03 1.457587337759210129e-03 2.590441736850164426e-06
6.635961865000000216e+03 1.426381899108264623e-03 2.590441736850164426e-06
6.643958834999999453e+03 1.406666132887240701e-03 2.590441736850164426e-06
6.651955804999999600e+03 1.379304616087494205e-03 2.590441736850164426e-06
6.659952774999999747e+03 1.348065148550079860e-03 2.590441736850164426e-06
6.667949744999999893e+03 1.329894414980968727e-03 2.590441736850164426e-06
6.675946715000000040e+03 1.320709011658718901e-03 2.590441736850164426e-06
6.683943685000000187e+03 1.307434335426493552e-03 2.590441736850164426e-06
6.691940655000000334e+03 1.288100932138291389e-03 2.590441736850164426e-06
6.699937624999999571e+03 1.279124311617832639e-03 2.590441736850164426e-06
6.707934594999999717e+03 1.274462470369825632e-03 2.590441736850164426e-06
6.715931564999999864e+03 1.263915231858527173e-03 2.590441736850164426e-06
6.723928535000000011e+03 1.255042853136061629e-03 2.590441736850164426e-06
6.731925505000000157e+03 1.253133050372933280e-03 2.590441736850164426e-06
6.739922474999999395e+03 1.246364965715086263e-03 2.590441736850164426e-06
6.747919444999999541e+03 1.244245247087004879e-03 2.590441736850164426e-06
6.755916414999999688e+03 1.240933735885416242e-03 2.590441736850164426e-06
6.763913384999999835e+03 1.238359599372706055e-03 2.590441736850164426e-06
6.771910354999999981e+03 1.232797292799763487e-03 2.590441736850164426e-06
6.779907325000000128e+03 1.232092717572008710e-03 2.590441736850164426e-06
6.787904295000000275e+03 1.226959128165207085e-03 2.590441736850164426e-06
6.795901264999999512e+03 1.221822586734179483e-03 2.590441736850164426e-06
6.803898234999999659e+03 1.220745371498948868e-03 2.590441736850164426e-06
6.811895204999999805e+03 1.216777421796682267e-03 2.590441736850164426e-06
6.819892174999999952e+03 1.214719690463423804e-03 2.590441736850164426e-06
6.827889145000000099e+03 1.213914167594819932e-03 2.590441736850164426e-06
6.835886114999999336e+03 1.202058836327133621e-03 2.590441736850164426e-06
6.843883084999999483e+03 1.203130322060733939e-03 2.590441736850164426e-06
6.851880054999999629e+03 1.193465496082459724e-03 2.590441736850164426e-06
6.859877024999999776e+03 1.198757774852341742e-03 2.590441736850164426e-06
6.867873994999999923e+03 1.195151771133429663e-03 2.590441736850164426e-06
6.875870965000000069e+03 1.187587699673140753e-03 2.590441736850164426e-06
6.883867935000000216e+03 1.184679956798733239e-03 2.590441736850164426e-06
6.891864904999999453e+03 1.183913348712865854e-03 2.590441736850164426e-06
6.899861874999999600e+03 1.183250422660069544e-03 2.590441736850164426e-06
6.907858844999999747e+03 1.173737022483398607e-03 2.590441736850164426e-06
6.915855814999999893e+03 1.171814495608728291e-03 2.590441736850164426e-06
6.923852784999999130e+03 1.174007188931717625e-03 2.590441736850164426e-06
6.931849754999999277e+03 1.165085543451065348e-03 2.590441736850164426e-06
6.939846724999999424e+03 1.160536543817838190e-03 2.590441736850164426e-06
6.947843694999999570e+03 1.153555396772856442e-03 2.590441736850164426e-06
6.955840664999999717e+03 1.154989505336132677e-03 2.590441736850164426e-06
6.963837634999999864e+03 1.153484021413135781e-03 2.590441736850164426e-06
6.971834605000000010e+03 1.148850388935447305e-03 2.590441736850164426e-06
6.979831575000000157e+03 1.140799905346311441e-03 2.590441736850164426e-06
6.987828544999999394e+03 1.140503187097583046e-03 2.590441736850164426e-06
6.995825514999999541e+03 1.136860082170340147e-03 2.590441736850164426e-06
