6.204125485000000481e+03 1.408421666009815418e-03 2.590441736850164426e-06
6.212122455000000627e+03 1.402320735072787880e-03 2.590441736850164426e-06
6.220119425000000774e+03 1.398582412421693361e-03 2.590441736850164426e-06
6.228116395000000011e+03 1.391123315915462812e-03 2.590441736850164426e-06
6.236113365000000158e+03 1.392022694000303977e-03 2.590441736850164426e-06
6.244110335000000305e+03 1.389534310553160006e-03 2.590441736850164426e-06
6.252107305000000451e+03 1.382730074385454160e-03 2.590441736850164426e-06
6.260104275000000598e+03 1.380566256852036773e-03 2.590441736850164426e-06
6.268101244999999835e+03 1.382529685191052297e-03 2.590441736850164426e-06
6.276098214999999982e+03 1.373387836291731830e-03 2.590441736850164426e-06
6.284095185000000129e+03 1.371609950358724855e-03 2.590441736850164426e-06
6.292092155000000275e+03 1.371965538573314148e-03 2.590441736850164426e-06
6.300089125000000422e+03 1.364652633018883674e-03 2.590441736850164426e-06
6.308086095000000569e+03 1.361527293779662669e-03 2.590441736850164426e-06
6.316083065000000715e+03 1.359900465823230941e-03 2.590441736850164426e-06
6.324080034999999953e+03 1.354934166124996051e-03 2.590441736850164426e-06
6.332077005000000099e+03 1.351764628918646852e-03 2.590441736850164426e-06
6.340073975000000246e+03 1.350465552427967432e-03 2.590441736850164426e-06
6.348070945000000393e+03 1.341513769688600739e-03 2.590441736850164426e-06
6.356067915000000539e+03 1.339476234458460494e-03 2.590441736850164426e-06
6.364064884999999776e+03 1.333494243425000165e-03 2.590441736850164426e-06
6.372061854999999923e+03 1.329022849494492127e-03 2.590441736850164426e-06
6.380058825000000070e+03 1.325151605680109038e-03 2.590441736850164426e-06
6.388055795000000217e+03 1.324228771278184976e-03 2.590441736850164426e-06
6.396052765000000363e+03 1.320186300073828735e-03 2.590441736850164426e-06
6.404049735000000510e+03 1.313080274908729134e-03 2.590441736850164426e-06
6.412046705000000657e+03 1.311402307668452054e-03 2.590441736850164426e-06
6.420043674999999894e+03 1.310640308849724293e-03 2.590441736850164426e-06
6.428040645000000040e+03 1.318026775611327254e-03 2.590441736850164426e-06
6.436037615000000187e+03 1.315535338235244338e-03 2.590441736850164426e-06
6.444034585000000334e+03 1.321852213465567584e-03 2.590441736850164426e-06
6.452031555000000481e+03 1.325584252959399181e-03 2.590441736850164426e-06
6.460028524999999718e+03 1.335815396768277267e-03 2.590441736850164426e-06
6.468025494999999864e+03 1.349467920079687813e-03 2.590441736850164426e-06
6.476022465000000011e+03 1.363640732012837663e-03 2.590441736850164426e-06
6.484019435000000158e+03 1.385439755756958779e-03 2.590441736850164426e-06
6.492016405000000304e+03 1.395943468655384432e-03 2.590441736850164426e-06
6.500013375000000451e+03 1.410410123313056993e-03 2.590441736850164426e-06
6.508010345000000598e+03 1.405318415778949483e-03 2.590441736850164426e-06
6.516007314999999835e+03 1.403204558141962679e-03 2.590441736850164426e-06
6.524004284999999982e+03 1.400345282398124521e-03 2.590441736850164426e-06
6.532001255000000128e+03 1.388562904283980248e-03 2.590441736850164426e-06
6.539998225000000275e+03 1.380216534280118710e-03 2.590441736850164426e-06
6.547995194999999512e+03 1.372404540494754016e-03 2.590441736850164426e-06
6.555992164999999659e+03 1.365859938732540786e-03 2.590441736850164426e-06
6.563989134999999806e+03 1.373661317479487340e-03 2.590441736850164426e-06
6.571986104999999952e+03 1.369506897829139312e-03 2.590441736850164426e-06
6.579983075000000099e+03 1.366341468139296075e-03 2.590441736850164426e-06
6.587980045000000246e+03 1.373711160794838715e-03 2.590441736850164426e-06
6.595977015000000392e+03 1.389601363242838443e-03 2.590441736850164426e-06
6.603973985000000539e+03 1.393132807461515453e-03 2.590441736850164426e-06
6.611970954999999776e+03 1.391582992988937536e-03 2.590441736850164426e-06
6.619967924999999923e+03 1.390018721771692353e-03 2.590441736850164426e-06
6.627964895000000070e+03 1.381861116671212041e-03 2.590441736850164426e-06
6.635961865000000216e+03 1.366686024353935521e-03 2.590441736850164426e-06
6.643958834999999453e+03 1.342700905901500139e-03 2.590441736850164426e-06
6.651955804999999600e+03 1.309592255240881863e-03 2.590441736850164426e-06
6.659952774999999747e+03 1.278988301600220276e-03 2.590441736850164426e-06
6.667949744999999893e+03 1.255330198845360347e-03 2.590441736850164426e-06
6.675946715000000040e+03 1.241626651749741864e-03 2.590441736850164426e-06
6.683943685000000187e+03 1.228066808136412703e-03 2.590441736850164426e-06
6.691940655000000334e+03 1.225608769890842911e-03 2.590441736850164426e-06
6.699937624999999571e+03 1.211723020848123195e-03 2.590441736850164426e-06
6.707934594999999717e+03 1.195093599845539496e-03 2.590441736850164426e-06
6.715931564999999864e+03 1.192184352852318106e-03 2.590441736850164426e-06
6.723928535000000011e+03 1.185061072005460679e-03 2.590441736850164426e-06
6.731925505000000157e+03 1.179510218442939018e-03 2.590441736850164426e-06
6.739922474999999395e+03 1.179508836143876695e-03 2.590441736850164426e-06
6.747919444999999541e+03 1.173971485654175294e-03 2.590441736850164426e-06
6.755916414999999688e+03 1.171522372180279362e-03 2.590441736850164426e-06
6.763913384999999835e+03 1.170644198609224534e-03 2.590441736850164426e-06
6.771910354999999981e+03 1.167627369171110206e-03 2.590441736850164426e-06
6.779907325000000128e+03 1.162394308047915272e-03 2.590441736850164426e-06
6.787904295000000275e+03 1.160980427908263985e-03 2.590441736850164426e-06
6.795901264999999512e+03 1.158105580789109716e-03 2.590441736850164426e-06
6.803898234999999659e+03 1.156050530122508004e-03 2.590441736850164426e-06
6.811895204999999805e+03 1.151145257720620789e-03 2.590441736850164426e-06
6.819892174999999952e+03 1.149865638358613931e-03 2.590441736850164426e-06
6.827889145000000099e+03 1.143284466211435179e-03 2.590441736850164426e-06
6.835886114999999336e+03 1.134262641587966596e-03 2.590441736850164426e-06
6.843883084999999483e+03 1.135940893766187575e-03 2.590441736850164426e-06
6.851880054999999629e+03 1.131874308161723297e-03 2.590441736850164426e-06
6.859877024999999776e+03 1.129003454510965057e-03 2.590441736850164426e-06
6.867873994999999923e+03 1.127205397516351480e-03 2.590441736850164426e-06
6.875870965000000069e+03 1.124009241848579607e-03 2.590441736850164426e-06
6.883867935000000216e+03 1.117695844622851190e-03 2.590441736850164426e-06
6.891864904999999453e+03 1.119845925499484947e-03 2.590441736850164426e-06
6.899861874999999600e+03 1.111179258272550815e-03 2.590441736850164426e-06
6.907858844999999747e+03 1.114081384466235596e-03 2.590441736850164426e-06
6.915855814999999893e+03 1.107274041402127925e-03 2.590441736850164426e-06
6.923852784999999130e+03 1.102507847374255582e-03 2.590441736850164426e-06
6.931849754999999277e+03 1.102520156104336768e-03 2.590441736850164426e-06
6.939846724999999424e+03 1.098061642455287540e-03 2.590441736850164426e-06
6.947843694999999570e+03 1.095280732859492834e-03 2.590441736850164426e-06
6.955840664999999717e+03 1.095448016857479556e-03 2.590441736850164426e-06
6.963837634999999864e+03 1.090974510433534829e-03 2.590441736850164426e-06
6.971834605000000010e+03 1.086677008393518605e-03 2.590441736850164426e-06
6.979831575000000157e+03 1.081165819990725311e-03 2.590441736850164426e-06
6.987828544999999394e+03 1.077651689145075857e-03 2.590441736850164426e-06
6.995825514999999541e+03 1.074367133249833593e-03 2.590441736850164426e-06
