6.204125485000000481e+03 1.086172493644638670e-03 2.590441736850164426e-06
6.212122455000000627e+03 1.087115153378141828e-03 2.590441736850164426e-06
6.220119425000000774e+03 1.081857066732390318e-03 2.590441736850164426e-06
6.228116395000000011e+03 1.081391999059817203e-03 2.590441736850164426e-06
6.236113365000000158e+03 1.076889389213727581e-03 2.590441736850164426e-06
6.244110335000000305e+03 1.076881499086307240e-03 2.590441736850164426e-06
6.252107305000000451e+03 1.070550210111183417e-03 2.590441736850164426e-06
6.260104275000000598e+03 1.067234887288579653e-03 2.590441736850164426e-06
6.268101244999999835e+03 1.070623345669354182e-03 2.590441736850164426e-06
6.276098214999999982e+03 1.068818563013995476e-03 2.590441736850164426e-06
6.284095185000000129e+03 1.054595132028337016e-03 2.590441736850164426e-06
6.292092155000000275e+03 1.062560810212357862e-03 2.590441736850164426e-06
6.300089125000000422e+03 1.051946985726568513e-03 2.590441736850164426e-06
6.308086095000000569e+03 1.052912667754414078e-03 2.590441736850164426e-06
6.316083065000000715e+03 1.049566481970419345e-03 2.590441736850164426e-06
6.324080034999999953e+03 1.048191063429129103e-03 2.590441736850164426e-06
6.332077005000000099e+03 1.035819799968815038e-03 2.590441736850164426e-06
6.340073975000000246e+03 1.040764938919391466e-03 2.590441736850164426e-06
6.348070945000000393e+03 1.038983959970359765e-03 2.590441736850164426e-06
6.356067915000000539e+03 1.034822158633521595e-03 2.590441736850164426e-06
6.364064884999999776e+03 1.030368067213242606e-03 2.590441736850164426e-06
6.372061854999999923e+03 1.022999813385660605e-03 2.590441736850164426e-06
6.380058825000000070e+03 1.025738256151292665e-03 2.590441736850164426e-06
6.388055795000000217e+03 1.020653676789770115e-03 2.590441736850164426e-06
6.396052765000000363e+03 1.016360560968879211e-03 2.590441736850164426e-06
6.404049735000000510e+03 1.012147770978957459e-03 2.590441736850164426e-06
6.412046705000000657e+03 1.014267696282700453e-03 2.590441736850164426e-06
6.420043674999999894e+03 1.013712530639211988e-03 2.590441736850164426e-06
6.428040645000000040e+03 1.013578543326953529e-03 2.590441736850164426e-06
6.436037615000000187e+03 1.021173256434927765e-03 2.590441736850164426e-06
6.444034585000000334e+03 1.025082900579003375e-03 2.590441736850164426e-06
6.452031555000000481e+03 1.031722954741094885e-03 2.590441736850164426e-06
6.460028524999999718e+03 1.038411430885895258e-03 2.590441736850164426e-06
6.468025494999999864e+03 1.053791157589990205e-03 2.590441736850164426e-06
6.476022465000000011e+03 1.062923027292624230e-03 2.590441736850164426e-06
6.484019435000000158e+03 1.081647987028106633e-03 2.590441736850164426e-06
6.492016405000000304e+03 1.099194145563968817e-03 2.590441736850164426e-06
6.500013375000000451e+03 1.114528387211566026e-03 2.590441736850164426e-06
6.508010345000000598e+03 1.125476453989623709e-03 2.590441736850164426e-06
6.516007314999999835e+03 1.128061205222177874e-03 2.590441736850164426e-06
6.524004284999999982e+03 1.127215465802230325e-03 2.590441736850164426e-06
6.532001255000000128e+03 1.109665338624796736e-03 2.590441736850164426e-06
6.539998225000000275e+03 1.097195706743552815e-03 2.590441736850164426e-06
6.547995194999999512e+03 1.091991044324265667e-03 2.590441736850164426e-06
6.555992164999999659e+03 1.085732414143998669e-03 2.590441736850164426e-06
6.563989134999999806e+03 1.091322813124751597e-03 2.590441736850164426e-06
6.571986104999999952e+03 1.085419004289442076e-03 2.590441736850164426e-06
6.579983075000000099e+03 1.092304150021178744e-03 2.590441736850164426e-06
6.587980045000000246e+03 1.095229409388427102e-03 2.590441736850164426e-06
6.595977015000000392e+03 1.111442058264489399e-03 2.590441736850164426e-06
6.603973985000000539e+03 1.115466683365921429e-03 2.590441736850164426e-06
6.611970954999999776e+03 1.125883704743307597e-03 2.590441736850164426e-06
6.619967924999999923e+03 1.113517561155291571e-03 2.590441736850164426e-06
6.627964895000000070e+03 1.107259399309788554e-03 2.590441736850164426e-06
6.635961865000000216e+03 1.077859165206024880e-03 2.590441736850164426e-06
6.643958834999999453e+03 1.056334080264024512e-03 2.590441736850164426e-06
6.651955804999999600e+03 1.030665465004235474e-03 2.590441736850164426e-06
6.659952774999999747e+03 9.998761654055419307e-04 2.590441736850164426e-06
6.667949744999999893e+03 9.829529199719248562e-04 2.590441736850164426e-06
6.675946715000000040e+03 9.734800861726314054e-04 2.590441736850164426e-06
6.683943685000000187e+03 9.542655801666973837e-04 2.590441736850164426e-06
6.691940655000000334e+03 9.496631996738697824e-04 2.590441736850164426e-06
6.699937624999999571e+03 9.337336155596658071e-04 2.590441736850164426e-06
6.707934594999999717e+03 9.298350976537127568e-04 2.590441736850164426e-06
6.715931564999999864e+03 9.185995010425386000e-04 2.590441736850164426e-06
6.723928535000000011e+03 9.154681104431115898e-04 2.590441736850164426e-06
6.731925505000000157e+03 9.126130651274536130e-04 2.590441736850164426e-06
6.739922474999999395e+03 9.076419486818861331e-04 2.590441736850164426e-06
6.747919444999999541e+03 9.068625883524016615e-04 2.590441736850164426e-06
6.755916414999999688e+03 9.106354689659067149e-04 2.590441736850164426e-06
6.763913384999999835e+03 9.035136983747405186e-04 2.590441736850164426e-06
6.771910354999999981e+03 9.019973321509562386e-04 2.590441736850164426e-06
6.779907325000000128e+03 8.994944740952344562e-04 2.590441736850164426e-06
6.787904295000000275e+03 8.967288804489672704e-04 2.590441736850164426e-06
6.795901264999999512e+03 8.942082752852001945e-04 2.590441736850164426e-06
6.803898234999999659e+03 8.965057935636136077e-04 2.590441736850164426e-06
6.811895204999999805e+03 8.940385569857156817e-04 2.590441736850164426e-06
6.819892174999999952e+03 8.889012062524717997e-04 2.590441736850164426e-06
6.827889145000000099e+03 8.883793652598640346e-04 2.590441736850164426e-06
6.835886114999999336e+03 8.827664039924768393e-04 2.590441736850164426e-06
6.843883084999999483e+03 8.800918183780030062e-04 2.590441736850164426e-06
6.851880054999999629e+03 8.767971227273333020e-04 2.590441736850164426e-06
6.859877024999999776e+03 8.762163322890442361e-04 2.590441736850164426e-06
6.867873994999999923e+03 8.722588060328031068e-04 2.590441736850164426e-06
6.875870965000000069e+03 8.704827992415090261e-04 2.590441736850164426e-06
6.883867935000000216e+03 8.693511526958912824e-04 2.590441736850164426e-06
6.891864904999999453e+03 8.682669937168158896e-04 2.590441736850164426e-06
6.899861874999999600e+03 8.634347520096659649e-04 2.590441736850164426e-06
6.907858844999999747e+03 8.591052184519329567e-04 2.590441736850164426e-06
6.915855814999999893e+03 8.611261803193892301e-04 2.590441736850164426e-06
6.923852784999999130e+03 8.520007631587321736e-04 2.590441736850164426e-06
6.931849754999999277e+03 8.506805587248361797e-04 2.590441736850164426e-06
6.939846724999999424e+03 8.515067197610804101e-04 2.590441736850164426e-06
6.947843694999999570e+03 8.465331540276242132e-04 2.590441736850164426e-06
6.955840664999999717e+03 8.435841011258444393e-04 2.590441736850164426e-06
6.963837634999999864e+03 8.410552801194000642e-04 2.590441736850164426e-06
6.971834605000000010e+03 8.414572311357707782e-04 2.590441736850164426e-06
6.979831575000000157e+03 8.425724632939187277e-04 2.590441736850164426e-06
6.987828544999999394e+03 8.377377928010781155e-04 2.590441736850164426e-06
6.995825514999999541e+03 8.350723962796349374e-04 2.590441736850164426e-06
