6.204125485000000481e+03 1.490489510678252080e-03 2.590441736850164426e-06
6.212122455000000627e+03 1.480826197850245059e-03 2.590441736850164426e-06
6.220119425000000774e+03 1.477280480066773963e-03 2.590441736850164426e-06
6.228116395000000011e+03 1.475855215676305900e-03 2.590441736850164426e-06
6.236113365000000158e+03 1.476199236788958103e-03 2.590441736850164426e-06
6.244110335000000305e+03 1.470874563574513065e-03 2.590441736850164426e-06
6.252107305000000451e+03 1.471538167364813948e-03 2.590441736850164426e-06
6.260104275000000598e+03 1.462364422639265667e-03 2.590441736850164426e-06
6.268101244999999835e+03 1.461551575573543206e-03 2.590441736850164426e-06
6.276098214999999982e+03 1.453811098512064340e-03 2.590441736850164426e-06
6.284095185000000129e+03 1.450747390310190479e-03 2.590441736850164426e-06
6.292092155000000275e+03 1.448032783103033513e-03 2.590441736850164426e-06
6.300089125000000422e+03 1.440290608314570911e-03 2.590441736850164426e-06
6.308086095000000569e+03 1.441781098911005523e-03 2.590441736850164426e-06
6.316083065000000715e+03 1.432627575560798793e-03 2.590441736850164426e-06
6.324080034999999953e+03 1.430350641587453675e-03 2.590441736850164426e-06
6.332077005000000099e+03 1.426882120978030955e-03 2.590441736850164426e-06
6.340073975000000246e+03 1.422434667013456385e-03 2.590441736850164426e-06
6.348070945000000393e+03 1.416833912345108904e-03 2.590441736850164426e-06
6.356067915000000539e+03 1.414025342995227667e-03 2.590441736850164426e-06
6.364064884999999776e+03 1.416328916849844645e-03 2.590441736850164426e-06
6.372061854999999923e+03 1.409742701329939722e-03 2.590441736850164426e-06
6.380058825000000070e+03 1.400313704366297962e-03 2.590441736850164426e-06
6.388055795000000217e+03 1.404139163701428059e-03 2.590441736850164426e-06
6.396052765000000363e+03 1.397118846350235699e-03 2.590441736850164426e-06
6.404049735000000510e+03 1.393618971306366397e-03 2.590441736850164426e-06
6.412046705000000657e+03 1.396888493576719202e-03 2.590441736850164426e-06
6.420043674999999894e+03 1.393868163050513559e-03 2.590441736850164426e-06
6.428040645000000040e+03 1.397535970310662427e-03 2.590441736850164426e-06
6.436037615000000187e+03 1.401206988445417422e-03 2.590441736850164426e-06
6.444034585000000334e+03 1.396235607205281943e-03 2.590441736850164426e-06
6.452031555000000481e+03 1.402295676915639227e-03 2.590441736850164426e-06
6.460028524999999718e+03 1.408788870739655736e-03 2.590441736850164426e-06
6.468025494999999864e+03 1.415626807107624565e-03 2.590441736850164426e-06
6.476022465000000011e+03 1.433557228504534105e-03 2.590441736850164426e-06
6.484019435000000158e+03 1.446954631520723598e-03 2.590441736850164426e-06
6.492016405000000304e+03 1.458838237754419079e-03 2.590441736850164426e-06
6.500013375000000451e+03 1.473907709957562786e-03 2.590441736850164426e-06
6.508010345000000598e+03 1.489628442182299025e-03 2.590441736850164426e-06
6.516007314999999835e+03 1.501652270655060017e-03 2.590441736850164426e-06
6.524004284999999982e+03 1.495399689371775280e-03 2.590441736850164426e-06
6.532001255000000128e+03 1.481182503262021624e-03 2.590441736850164426e-06
6.539998225000000275e+03 1.455663679114492992e-03 2.590441736850164426e-06
6.547995194999999512e+03 1.454570510263063004e-03 2.590441736850164426e-06
6.555992164999999659e+03 1.456228778833467069e-03 2.590441736850164426e-06
6.563989134999999806e+03 1.449168024176380109e-03 2.590441736850164426e-06
6.571986104999999952e+03 1.453279601953633452e-03 2.590441736850164426e-06
6.579983075000000099e+03 1.453499431166796300e-03 2.590441736850164426e-06
6.587980045000000246e+03 1.457133255420733388e-03 2.590441736850164426e-06
6.595977015000000392e+03 1.478015643065809211e-03 2.590441736850164426e-06
6.603973985000000539e+03 1.489462716240297314e-03 2.590441736850164426e-06
6.611970954999999776e+03 1.487730562625397051e-03 2.590441736850164426e-06
6.619967924999999923e+03 1.470231502131537533e-03 2.590441736850164426e-06
6.627964895000000070e+03 1.450139410447479201e-03 2.590441736850164426e-06
6.635961865000000216e+03 1.429149267087136263e-03 2.590441736850164426e-06
6.643958834999999453e+03 1.398023435753470390e-03 2.590441736850164426e-06
6.651955804999999600e+03 1.371793908131228260e-03 2.590441736850164426e-06
6.659952774999999747e+03 1.355513445888493042e-03 2.590441736850164426e-06
6.667949744999999893e+03 1.337186026562236976e-03 2.590441736850164426e-06
6.675946715000000040e+03 1.318701100519636049e-03 2.590441736850164426e-06
6.683943685000000187e+03 1.307197412841409456e-03 2.590441736850164426e-06
6.691940655000000334e+03 1.293639030794992931e-03 2.590441736850164426e-06
6.699937624999999571e+03 1.284126677452178357e-03 2.590441736850164426e-06
6.707934594999999717e+03 1.279829087911224213e-03 2.590441736850164426e-06
6.715931564999999864e+03 1.267583192243367136e-03 2.590441736850164426e-06
6.723928535000000011e+03 1.255807111359343465e-03 2.590441736850164426e-06
6.731925505000000157e+03 1.254703106700994853e-03 2.590441736850164426e-06
6.739922474999999395e+03 1.247891435520340165e-03 2.590441736850164426e-06
6.747919444999999541e+03 1.244595453882469402e-03 2.590441736850164426e-06
6.755916414999999688e+03 1.239376188363602426e-03 2.590441736850164426e-06
6.763913384999999835e+03 1.238194239793656689e-03 2.590441736850164426e-06
6.771910354999999981e+03 1.235000446566996259e-03 2.590441736850164426e-06
6.779907325000000128e+03 1.231649906442133617e-03 2.590441736850164426e-06
6.787904295000000275e+03 1.228183534632036221e-03 2.590441736850164426e-06
6.795901264999999512e+03 1.225151926041825315e-03 2.590441736850164426e-06
6.803898234999999659e+03 1.221790111243991608e-03 2.590441736850164426e-06
6.811895204999999805e+03 1.213456666592751393e-03 2.590441736850164426e-06
6.819892174999999952e+03 1.213242809204016087e-03 2.590441736850164426e-06
6.827889145000000099e+03 1.212505030837542595e-03 2.590441736850164426e-06
6.835886114999999336e+03 1.204365318056870981e-03 2.590441736850164426e-06
6.843883084999999483e+03 1.205425853691643404e-03 2.590441736850164426e-06
6.851880054999999629e+03 1.200003816856785388e-03 2.590441736850164426e-06
6.859877024999999776e+03 1.200172602415425054e-03 2.590441736850164426e-06
6.867873994999999923e+03 1.190228649095338882e-03 2.590441736850164426e-06
6.875870965000000069e+03 1.188550119315373793e-03 2.590441736850164426e-06
6.883867935000000216e+03 1.185881643946670033e-03 2.590441736850164426e-06
6.891864904999999453e+03 1.185314443382676089e-03 2.590441736850164426e-06
6.899861874999999600e+03 1.176069604606680549e-03 2.590441736850164426e-06
6.907858844999999747e+03 1.178712999340696512e-03 2.590441736850164426e-06
6.915855814999999893e+03 1.177578144808415998e-03 2.590441736850164426e-06
6.923852784999999130e+03 1.168860400242938483e-03 2.590441736850164426e-06
6.931849754999999277e+03 1.165615421174928754e-03 2.590441736850164426e-06
6.939846724999999424e+03 1.161934753957482268e-03 2.590441736850164426e-06
6.947843694999999570e+03 1.159424814055998870e-03 2.590441736850164426e-06
6.955840664999999717e+03 1.154595299795441090e-03 2.590441736850164426e-06
6.963837634999999864e+03 1.153148628325845236e-03 2.590441736850164426e-06
6.971834605000000010e+03 1.146992689519031822e-03 2.590441736850164426e-06
6.979831575000000157e+03 1.145644869451885621e-03 2.590441736850164426e-06
6.987828544999999394e+03 1.141634956896202995e-03 2.590441736850164426e-06
6.995825514999999541e+03 1.141567707000082192e-03 2.590441736850164426e-06
