6.204125485000000481e+03 1.420053758737400713e-03 2.590441736850164426e-06
6.212122455000000627e+03 1.414203494655629769e-03 2.590441736850164426e-06
6.220119425000000774e+03 1.408587044678122303e-03 2.590441736850164426e-06
6.228116395000000011e+03 1.407009887761464465e-03 2.590441736850164426e-06
6.236113365000000158e+03 1.406359740013305446e-03 2.590441736850164426e-06
6.244110335000000305e+03 1.397018417839240943e-03 2.590441736850164426e-06
6.252107305000000451e+03 1.402069826595528715e-03 2.590441736850164426e-06
6.260104275000000598e+03 1.394713429304891882e-03 2.590441736850164426e-06
6.268101244999999835e+03 1.390969261139980446e-03 2.590441736850164426e-06
6.276098214999999982e+03 1.389476882278627276e-03 2.590441736850164426e-06
6.284095185000000129e+03 1.384633971507665245e-03 2.590441736850164426e-06
6.292092155000000275e+03 1.385430058530076397e-03 2.590441736850164426e-06
6.300089125000000422e+03 1.381172066308740789e-03 2.590441736850164426e-06
6.308086095000000569e+03 1.370677342938744943e-03 2.590441736850164426e-06
6.316083065000000715e+03 1.368539894789212123e-03 2.590441736850164426e-06
6.324080034999999953e+03 1.367237474404729572e-03 2.590441736850164426e-06
6.332077005000000099e+03 1.361424600443881649e-03 2.590441736850164426e-06
6.340073975000000246e+03 1.360098296515533821e-03 2.590441736850164426e-06
6.348070945000000393e+03 1.352611576123904100e-03 2.590441736850164426e-06
6.356067915000000539e+03 1.352142945533318062e-03 2.590441736850164426e-06
6.364064884999999776e+03 1.346005214328117264e-03 2.590441736850164426e-06
6.372061854999999923e+03 1.342871735720358155e-03 2.590441736850164426e-06
6.380058825000000070e+03 1.343614727408948316e-03 2.590441736850164426e-06
6.388055795000000217e+03 1.339950235739892576e-03 2.590441736850164426e-06
6.396052765000000363e+03 1.334633675529761469e-03 2.590441736850164426e-06
6.404049735000000510e+03 1.332172366584717616e-03 2.590441736850164426e-06
6.412046705000000657e+03 1.335909577922002062e-03 2.590441736850164426e-06
6.420043674999999894e+03 1.329425040947725643e-03 2.590441736850164426e-06
6.428040645000000040e+03 1.334134224713673942e-03 2.590441736850164426e-06
6.436037615000000187e+03 1.339428173235307972e-03 2.590441736850164426e-06
6.444034585000000334e+03 1.331398975832515834e-03 2.590441736850164426e-06
6.452031555000000481e+03 1.341673144451355215e-03 2.590441736850164426e-06
6.460028524999999718e+03 1.346578726606973992e-03 2.590441736850164426e-06
6.468025494999999864e+03 1.362628855628776224e-03 2.590441736850164426e-06
6.476022465000000011e+03 1.368767946032594177e-03 2.590441736850164426e-06
6.484019435000000158e+03 1.389381402916832573e-03 2.590441736850164426e-06
6.492016405000000304e+03 1.406785084673600403e-03 2.590441736850164426e-06
6.500013375000000451e+03 1.421476341693761903e-03 2.590441736850164426e-06
6.508010345000000598e+03 1.423012437190679684e-03 2.590441736850164426e-06
6.516007314999999835e+03 1.430911994654136821e-03 2.590441736850164426e-06
6.524004284999999982e+03 1.426706820766650199e-03 2.590441736850164426e-06
6.532001255000000128e+03 1.415015412645080801e-03 2.590441736850164426e-06
6.539998225000000275e+03 1.402328510338804630e-03 2.590441736850164426e-06
6.547995194999999512e+03 1.395919087496180462e-03 2.590441736850164426e-06
6.555992164999999659e+03 1.393040796808269225e-03 2.590441736850164426e-06
6.563989134999999806e+03 1.391940431310421770e-03 2.590441736850164426e-06
6.571986104999999952e+03 1.387361865131616885e-03 2.590441736850164426e-06
6.579983075000000099e+03 1.392363908638429015e-03 2.590441736850164426e-06
6.587980045000000246e+03 1.396025219933563289e-03 2.590441736850164426e-06
6.595977015000000392e+03 1.411470103054940839e-03 2.590441736850164426e-06
6.603973985000000539e+03 1.418241156433101705e-03 2.590441736850164426e-06
6.611970954999999776e+03 1.421537294386743776e-03 2.590441736850164426e-06
6.619967924999999923e+03 1.410023172208574489e-03 2.590441736850164426e-06
6.627964895000000070e+03 1.398327351762979629e-03 2.590441736850164426e-06
6.635961865000000216e+03 1.364468706820053633e-03 2.590441736850164426e-06
6.643958834999999453e+03 1.341392476977887370e-03 2.590441736850164426e-06
6.651955804999999600e+03 1.316535013198415855e-03 2.590441736850164426e-06
6.659952774999999747e+03 1.295861720740433846e-03 2.590441736850164426e-06
6.667949744999999893e+03 1.277431043565666361e-03 2.590441736850164426e-06
6.675946715000000040e+03 1.260843310234750422e-03 2.590441736850164426e-06
6.683943685000000187e+03 1.249478001771512454e-03 2.590441736850164426e-06
6.691940655000000334e+03 1.233443334547979246e-03 2.590441736850164426e-06
6.699937624999999571e+03 1.222497933625430128e-03 2.590441736850164426e-06
6.707934594999999717e+03 1.216940867833643178e-03 2.590441736850164426e-06
6.715931564999999864e+03 1.206567549799901972e-03 2.590441736850164426e-06
6.723928535000000011e+03 1.206070869019605901e-03 2.590441736850164426e-06
6.731925505000000157e+03 1.195534510484875992e-03 2.590441736850164426e-06
6.739922474999999395e+03 1.195086455756095125e-03 2.590441736850164426e-06
6.747919444999999541e+03 1.186351955613259733e-03 2.590441736850164426e-06
6.755916414999999688e+03 1.182083330731910830e-03 2.590441736850164426e-06
6.763913384999999835e+03 1.177406421660114359e-03 2.590441736850164426e-06
6.771910354999999981e+03 1.177056405737200674e-03 2.590441736850164426e-06
6.779907325000000128e+03 1.178403280625513888e-03 2.590441736850164426e-06
6.787904295000000275e+03 1.168637357941151693e-03 2.590441736850164426e-06
6.795901264999999512e+03 1.164906583018463209e-03 2.590441736850164426e-06
6.803898234999999659e+03 1.167266519310276559e-03 2.590441736850164426e-06
6.811895204999999805e+03 1.160719662339954961e-03 2.590441736850164426e-06
6.819892174999999952e+03 1.158781510007799885e-03 2.590441736850164426e-06
6.827889145000000099e+03 1.159415594468071568e-03 2.590441736850164426e-06
6.835886114999999336e+03 1.155060896418047284e-03 2.590441736850164426e-06
6.843883084999999483e+03 1.152066707074409857e-03 2.590441736850164426e-06
6.851880054999999629e+03 1.144372987943090237e-03 2.590441736850164426e-06
6.859877024999999776e+03 1.144130084819258318e-03 2.590441736850164426e-06
6.867873994999999923e+03 1.140598701461965165e-03 2.590441736850164426e-06
6.875870965000000069e+03 1.133848586341915576e-03 2.590441736850164426e-06
6.883867935000000216e+03 1.134931241732871181e-03 2.590441736850164426e-06
6.891864904999999453e+03 1.131997085391824942e-03 2.590441736850164426e-06
6.899861874999999600e+03 1.124879728214982742e-03 2.590441736850164426e-06
6.907858844999999747e+03 1.125602727751813959e-03 2.590441736850164426e-06
6.915855814999999893e+03 1.116904158316276265e-03 2.590441736850164426e-06
6.923852784999999130e+03 1.115480947442383953e-03 2.590441736850164426e-06
6.931849754999999277e+03 1.115352027057371544e-03 2.590441736850164426e-06
6.939846724999999424e+03 1.106146261423350324e-03 2.590441736850164426e-06
6.947843694999999570e+03 1.108768228469676547e-03 2.590441736850164426e-06
6.955840664999999717e+03 1.103394345956144971e-03 2.590441736850164426e-06
6.963837634999999864e+03 1.099381708313129039e-03 2.590441736850164426e-06
6.971834605000000010e+03 1.096596344605730916e-03 2.590441736850164426e-06
6.979831575000000157e+03 1.093367194608424464e-03 2.590441736850164426e-06
6.987828544999999394e+03 1.094165968536606843e-03 2.590441736850164426e-06
6.995825514999999541e+03 1.084416573948360132e-03 2.590441736850164426e-06
