6.204125485000000481e+03 1.631456623513808605e-03 2.590441736850164426e-06
6.212122455000000627e+03 1.626556894741768445e-03 2.590441736850164426e-06
6.220119425000000774e+03 1.620371568761647596e-03 2.590441736850164426e-06
6.228116395000000011e+03 1.614846211671454963e-03 2.590441736850164426e-06
6.236113365000000158e+03 1.611025094964123241e-03 2.590441736850164426e-06
6.244110335000000305e+03 1.607061138600602039e-03 2.590441736850164426e-06
6.252107305000000451e+03 1.605767513394283598e-03 2.590441736850164426e-06
6.260104275000000598e+03 1.601438578422404975e-03 2.590441736850164426e-06
6.268101244999999835e+03 1.601697467825168161e-03 2.590441736850164426e-06
6.276098214999999982e+03 1.592500529348940715e-03 2.590441736850164426e-06
6.284095185000000129e+03 1.591499710175154920e-03 2.590441736850164426e-06
6.292092155000000275e+03 1.586840555772171509e-03 2.590441736850164426e-06
6.300089125000000422e+03 1.583039920008426707e-03 2.590441736850164426e-06
6.308086095000000569e+03 1.576979875061877397e-03 2.590441736850164426e-06
6.316083065000000715e+03 1.570823863393913059e-03 2.590441736850164426e-06
6.324080034999999953e+03 1.569216367412809825e-03 2.590441736850164426e-06
6.332077005000000099e+03 1.570817064887896231e-03 2.590441736850164426e-06
6.340073975000000246e+03 1.562065954338073045e-03 2.590441736850164426e-06
6.348070945000000393e+03 1.552266745884063994e-03 2.590441736850164426e-06
6.356067915000000539e+03 1.549704375261585533e-03 2.590441736850164426e-06
6.364064884999999776e+03 1.546337791161033013e-03 2.590441736850164426e-06
6.372061854999999923e+03 1.542285993799031793e-03 2.590441736850164426e-06
6.380058825000000070e+03 1.535795741054526075e-03 2.590441736850164426e-06
6.388055795000000217e+03 1.537950642618532773e-03 2.590441736850164426e-06
6.396052765000000363e+03 1.529278195024203401e-03 2.590441736850164426e-06
6.404049735000000510e+03 1.529258526699735178e-03 2.590441736850164426e-06
6.412046705000000657e+03 1.526533717826427262e-03 2.590441736850164426e-06
6.420043674999999894e+03 1.521618949968843362e-03 2.590441736850164426e-06
6.428040645000000040e+03 1.530406733073095930e-03 2.590441736850164426e-06
6.436037615000000187e+03 1.527719505585693836e-03 2.590441736850164426e-06
6.444034585000000334e+03 1.531048934696099947e-03 2.590441736850164426e-06
6.452031555000000481e+03 1.533888783946631531e-03 2.590441736850164426e-06
6.460028524999999718e+03 1.545780137840131307e-03 2.590441736850164426e-06
6.468025494999999864e+03 1.554131042278651545e-03 2.590441736850164426e-06
6.476022465000000011e+03 1.561429728090461648e-03 2.590441736850164426e-06
6.484019435000000158e+03 1.576216791236942577e-03 2.590441736850164426e-06
6.492016405000000304e+03 1.595226464779989388e-03 2.590441736850164426e-06
6.500013375000000451e+03 1.604118369580153670e-03 2.590441736850164426e-06
6.508010345000000598e+03 1.613688735494772132e-03 2.590441736850164426e-06
6.516007314999999835e+03 1.622557397856206262e-03 2.590441736850164426e-06
6.524004284999999982e+03 1.609370712750004141e-03 2.590441736850164426e-06
6.532001255000000128e+03 1.601108101446709281e-03 2.590441736850164426e-06
6.539998225000000275e+03 1.582588035972362465e-03 2.590441736850164426e-06
6.547995194999999512e+03 1.581701865649959076e-03 2.590441736850164426e-06
6.555992164999999659e+03 1.577149830354969157e-03 2.590441736850164426e-06
6.563989134999999806e+03 1.576289273056570659e-03 2.590441736850164426e-06
6.571986104999999952e+03 1.571205111646715091e-03 2.590441736850164426e-06
6.579983075000000099e+03 1.576566087284194794e-03 2.590441736850164426e-06
6.587980045000000246e+03 1.572177619411722774e-03 2.590441736850164426e-06
6.595977015000000392e+03 1.588573938246327227e-03 2.590441736850164426e-06
6.603973985000000539e+03 1.598918312507901238e-03 2.590441736850164426e-06
6.611970954999999776e+03 1.597596032998257077e-03 2.590441736850164426e-06
6.619967924999999923e+03 1.588894601965043550e-03 2.590441736850164426e-06
6.627964895000000070e+03 1.578502588764765747e-03 2.590441736850164426e-06
6.635961865000000216e+03 1.552087006144505215e-03 2.590441736850164426e-06
6.643958834999999453e+03 1.528778591853413235e-03 2.590441736850164426e-06
6.651955804999999600e+03 1.495157492233554477e-03 2.590441736850164426e-06
6.659952774999999747e+03 1.476783160331016868e-03 2.590441736850164426e-06
6.667949744999999893e+03 1.451902809439167526e-03 2.590441736850164426e-06
6.675946715000000040e+03 1.444126637772092086e-03 2.590441736850164426e-06
6.683943685000000187e+03 1.429645525635571748e-03 2.590441736850164426e-06
6.691940655000000334e+03 1.408726537980271561e-03 2.590441736850164426e-06
6.699937624999999571e+03 1.403462530490327950e-03 2.590441736850164426e-06
6.707934594999999717e+03 1.392775097440557318e-03 2.590441736850164426e-06
6.715931564999999864e+03 1.382476530634816790e-03 2.590441736850164426e-06
6.723928535000000011e+03 1.377487846369727063e-03 2.590441736850164426e-06
6.731925505000000157e+03 1.374067097999056870e-03 2.590441736850164426e-06
6.739922474999999395e+03 1.369971148643916829e-03 2.590441736850164426e-06
6.747919444999999541e+03 1.367980119786976756e-03 2.590441736850164426e-06
6.755916414999999688e+03 1.358772886750832763e-03 2.590441736850164426e-06
6.763913384999999835e+03 1.356271646809253115e-03 2.590441736850164426e-06
6.771910354999999981e+03 1.351467297939732640e-03 2.590441736850164426e-06
6.779907325000000128e+03 1.351165111043518005e-03 2.590441736850164426e-06
6.787904295000000275e+03 1.339450243626342033e-03 2.590441736850164426e-06
6.795901264999999512e+03 1.339320951219821190e-03 2.590441736850164426e-06
6.803898234999999659e+03 1.339575260188936552e-03 2.590441736850164426e-06
6.811895204999999805e+03 1.334564852511246165e-03 2.590441736850164426e-06
6.819892174999999952e+03 1.331084497115717470e-03 2.590441736850164426e-06
6.827889145000000099e+03 1.323066564097630498e-03 2.590441736850164426e-06
6.835886114999999336e+03 1.318238375207912054e-03 2.590441736850164426e-06
6.843883084999999483e+03 1.322896532939557340e-03 2.590441736850164426e-06
6.851880054999999629e+03 1.315822803649708108e-03 2.590441736850164426e-06
6.859877024999999776e+03 1.307489141947447723e-03 2.590441736850164426e-06
6.867873994999999923e+03 1.306985135373062244e-03 2.590441736850164426e-06
6.875870965000000069e+03 1.299600563550641196e-03 2.590441736850164426e-06
6.883867935000000216e+03 1.298414902640325237e-03 2.590441736850164426e-06
6.891864904999999453e+03 1.295552661899987672e-03 2.590441736850164426e-06
6.899861874999999600e+03 1.295479135709550140e-03 2.590441736850164426e-06
6.907858844999999747e+03 1.291936881385353630e-03 2.590441736850164426e-06
6.915855814999999893e+03 1.285166666171559235e-03 2.590441736850164426e-06
6.923852784999999130e+03 1.274884001634744640e-03 2.590441736850164426e-06
6.931849754999999277e+03 1.276546523543063000e-03 2.590441736850164426e-06
6.939846724999999424e+03 1.274433782198643476e-03 2.590441736850164426e-06
6.947843694999999570e+03 1.272241801558095199e-03 2.590441736850164426e-06
6.955840664999999717e+03 1.267965130016839980e-03 2.590441736850164426e-06
6.963837634999999864e+03 1.263533626712446756e-03 2.590441736850164426e-06
6.971834605000000010e+03 1.259127314476013882e-03 2.590441736850164426e-06
6.979831575000000157e+03 1.256169729675898818e-03 2.590441736850164426e-06
6.987828544999999394e+03 1.251064514709648899e-03 2.590441736850164426e-06
6.995825514999999541e+03 1.246872739138329533e-03 2.590441736850164426e-06
