6.204125485000000481e+03 1.370087247083277317e-03 2.590441736850164426e-06
6.212122455000000627e+03 1.369030533358190542e-03 2.590441736850164426e-06
6.220119425000000774e+03 1.367555133234985877e-03 2.590441736850164426e-06
6.228116395000000011e+03 1.365850690770222106e-03 2.590441736850164426e-06
6.236113365000000158e+03 1.359472549816239002e-03 2.590441736850164426e-06
6.244110335000000305e+03 1.355244217727816268e-03 2.590441736850164426e-06
6.252107305000000451e+03 1.354907965399315423e-03 2.590441736850164426e-06
6.260104275000000598e+03 1.348041849264813331e-03 2.590441736850164426e-06
6.268101244999999835e+03 1.349355805694336333e-03 2.590441736850164426e-06
6.276098214999999982e+03 1.342162789710656069e-03 2.590441736850164426e-06
6.284095185000000129e+03 1.340217207574839796e-03 2.590441736850164426e-06
6.292092155000000275e+03 1.340469931716300198e-03 2.590441736850164426e-06
6.300089125000000422e+03 1.331530596028848929e-03 2.590441736850164426e-06
6.308086095000000569e+03 1.335761192880509287e-03 2.590441736850164426e-06
6.316083065000000715e+03 1.322553558961307328e-03 2.590441736850164426e-06
6.324080034999999953e+03 1.320101223271193374e-03 2.590441736850164426e-06
6.332077005000000099e+03 1.314971524473873684e-03 2.590441736850164426e-06
6.340073975000000246e+03 1.311505683445732652e-03 2.590441736850164426e-06
6.348070945000000393e+03 1.310674284120431996e-03 2.590441736850164426e-06
6.356067915000000539e+03 1.308070020555766877e-03 2.590441736850164426e-06
6.364064884999999776e+03 1.299216061853250776e-03 2.590441736850164426e-06
6.372061854999999923e+03 1.296439891133812717e-03 2.590441736850164426e-06
6.380058825000000070e+03 1.297022269187551044e-03 2.590441736850164426e-06
6.388055795000000217e+03 1.293434320815019288e-03 2.590441736850164426e-06
6.396052765000000363e+03 1.285894818274123906e-03 2.590441736850164426e-06
6.404049735000000510e+03 1.287786833669484323e-03 2.590441736850164426e-06
6.412046705000000657e+03 1.285826559587943370e-03 2.590441736850164426e-06
6.420043674999999894e+03 1.281007073414543130e-03 2.590441736850164426e-06
6.428040645000000040e+03 1.287994842224418233e-03 2.590441736850164426e-06
6.436037615000000187e+03 1.289855357884322345e-03 2.590441736850164426e-06
6.444034585000000334e+03 1.290702270371301211e-03 2.590441736850164426e-06
6.452031555000000481e+03 1.291719144420133171e-03 2.590441736850164426e-06
6.460028524999999718e+03 1.298572325804659084e-03 2.590441736850164426e-06
6.468025494999999864e+03 1.319160803291198310e-03 2.590441736850164426e-06
6.476022465000000011e+03 1.323799134447746191e-03 2.590441736850164426e-06
6.484019435000000158e+03 1.344332992894863065e-03 2.590441736850164426e-06
6.492016405000000304e+03 1.357143991535992309e-03 2.590441736850164426e-06
6.500013375000000451e+03 1.371564055422149105e-03 2.590441736850164426e-06
6.508010345000000598e+03 1.385664069399351710e-03 2.590441736850164426e-06
6.516007314999999835e+03 1.385805665481288935e-03 2.590441736850164426e-06
6.524004284999999982e+03 1.380669517755265694e-03 2.590441736850164426e-06
6.532001255000000128e+03 1.365148756955697831e-03 2.590441736850164426e-06
6.539998225000000275e+03 1.356197310428688572e-03 2.590441736850164426e-06
6.547995194999999512e+03 1.347879712582687262e-03 2.590441736850164426e-06
6.555992164999999659e+03 1.348769854823769158e-03 2.590441736850164426e-06
6.563989134999999806e+03 1.349540864585357068e-03 2.590441736850164426e-06
6.571986104999999952e+03 1.347909260018406979e-03 2.590441736850164426e-06
6.579983075000000099e+03 1.342177408993094120e-03 2.590441736850164426e-06
6.587980045000000246e+03 1.349812547883479617e-03 2.590441736850164426e-06
6.595977015000000392e+03 1.368420444048736332e-03 2.590441736850164426e-06
6.603973985000000539e+03 1.376224530227584822e-03 2.590441736850164426e-06
6.611970954999999776e+03 1.375897093915899204e-03 2.590441736850164426e-06
6.619967924999999923e+03 1.366784437312721203e-03 2.590441736850164426e-06
6.627964895000000070e+03 1.351325568761974159e-03 2.590441736850164426e-06
6.635961865000000216e+03 1.324996770021787161e-03 2.590441736850164426e-06
6.643958834999999453e+03 1.306942831437149337e-03 2.590441736850164426e-06
6.651955804999999600e+03 1.276364373239502123e-03 2.590441736850164426e-06
6.659952774999999747e+03 1.253662526327228985e-03 2.590441736850164426e-06
6.667949744999999893e+03 1.230490086767419954e-03 2.590441736850164426e-06
6.675946715000000040e+03 1.216586985367496335e-03 2.590441736850164426e-06
6.683943685000000187e+03 1.207595616331256106e-03 2.590441736850164426e-06
6.691940655000000334e+03 1.189502956168110451e-03 2.590441736850164426e-06
6.699937624999999571e+03 1.184226296653408898e-03 2.590441736850164426e-06
6.707934594999999717e+03 1.171864752213834515e-03 2.590441736850164426e-06
6.715931564999999864e+03 1.162163690534517282e-03 2.590441736850164426e-06
6.723928535000000011e+03 1.157034377710886583e-03 2.590441736850164426e-06
6.731925505000000157e+03 1.150191906605986742e-03 2.590441736850164426e-06
6.739922474999999395e+03 1.148321133555293017e-03 2.590441736850164426e-06
6.747919444999999541e+03 1.147767729642624806e-03 2.590441736850164426e-06
6.755916414999999688e+03 1.144418119742405789e-03 2.590441736850164426e-06
6.763913384999999835e+03 1.140309589664862452e-03 2.590441736850164426e-06
6.771910354999999981e+03 1.138594699065360871e-03 2.590441736850164426e-06
6.779907325000000128e+03 1.136500927828086420e-03 2.590441736850164426e-06
6.787904295000000275e+03 1.132474489594860597e-03 2.590441736850164426e-06
6.795901264999999512e+03 1.132989502574753560e-03 2.590441736850164426e-06
6.803898234999999659e+03 1.123404138715576725e-03 2.590441736850164426e-06
6.811895204999999805e+03 1.119418488759910428e-03 2.590441736850164426e-06
6.819892174999999952e+03 1.119341448234427699e-03 2.590441736850164426e-06
6.827889145000000099e+03 1.113930760373645296e-03 2.590441736850164426e-06
6.835886114999999336e+03 1.113273852394318234e-03 2.590441736850164426e-06
6.843883084999999483e+03 1.114011962252608144e-03 2.590441736850164426e-06
6.851880054999999629e+03 1.106706723583617772e-03 2.590441736850164426e-06
6.859877024999999776e+03 1.102511330889345900e-03 2.590441736850164426e-06
6.867873994999999923e+03 1.097665301581599593e-03 2.590441736850164426e-06
6.875870965000000069e+03 1.095505695060974144e-03 2.590441736850164426e-06
6.883867935000000216e+03 1.096785900476345476e-03 2.590441736850164426e-06
6.891864904999999453e+03 1.093538539884822631e-03 2.590441736850164426e-06
6.899861874999999600e+03 1.088124137316623559e-03 2.590441736850164426e-06
6.907858844999999747e+03 1.087873666680608774e-03 2.590441736850164426e-06
6.915855814999999893e+03 1.084540095600429422e-03 2.590441736850164426e-06
6.923852784999999130e+03 1.082064924285159897e-03 2.590441736850164426e-06
6.931849754999999277e+03 1.078945443468895494e-03 2.590441736850164426e-06
6.939846724999999424e+03 1.074367458271130796e-03 2.590441736850164426e-06
6.947843694999999570e+03 1.066955515395504560e-03 2.590441736850164426e-06
6.955840664999999717e+03 1.066682033866640181e-03 2.590441736850164426e-06
6.963837634999999864e+03 1.064332736497853671e-03 2.590441736850164426e-06
6.971834605000000010e+03 1.056960576646723445e-03 2.590441736850164426e-06
6.979831575000000157e+03 1.056500958183328618e-03 2.590441736850164426e-06
6.987828544999999394e+03 1.051059872223128813e-03 2.590441736850164426e-06
6.995825514999999541e+03 1.050891422413132012e-03 2.590441736850164426e-06
