6.204125485000000481e+03 1.692727964766489995e-03 2.590441736850164426e-06
6.212122455000000627e+03 1.690608831452796281e-03 2.590441736850164426e-06
6.220119425000000774e+03 1.686825240748506287e-03 2.590441736850164426e-06
6.228116395000000011e+03 1.681654797832821818e-03 2.590441736850164426e-06
6.236113365000000158e+03 1.677416582482283477e-03 2.590441736850164426e-06
6.244110335000000305e+03 1.676337296373381965e-03 2.590441736850164426e-06
6.252107305000000451e+03 1.670230913070939799e-03 2.590441736850164426e-06
6.260104275000000598e+03 1.668586847989188748e-03 2.590441736850164426e-06
6.268101244999999835e+03 1.665431733220315395e-03 2.590441736850164426e-06
6.276098214999999982e+03 1.656064144896304000e-03 2.590441736850164426e-06
6.284095185000000129e+03 1.650770335030764605e-03 2.590441736850164426e-06
6.292092155000000275e+03 1.651923735995557271e-03 2.590441736850164426e-06
6.300089125000000422e+03 1.647510794486741403e-03 2.590441736850164426e-06
6.308086095000000569e+03 1.639881405445013868e-03 2.590441736850164426e-06
6.316083065000000715e+03 1.638139983064329855e-03 2.590441736850164426e-06
6.324080034999999953e+03 1.632148936083336428e-03 2.590441736850164426e-06
6.332077005000000099e+03 1.630848103626871470e-03 2.590441736850164426e-06
6.340073975000000246e+03 1.626569653857908374e-03 2.590441736850164426e-06
6.348070945000000393e+03 1.620272680165890699e-03 2.590441736850164426e-06
6.356067915000000539e+03 1.612194796055921656e-03 2.590441736850164426e-06
6.364064884999999776e+03 1.608523612897768285e-03 2.590441736850164426e-06
6.372061854999999923e+03 1.603164365514633989e-03 2.590441736850164426e-06
6.380058825000000070e+03 1.600707850235655143e-03 2.590441736850164426e-06
6.388055795000000217e+03 1.596486261213745338e-03 2.590441736850164426e-06
6.396052765000000363e+03 1.591894019178690268e-03 2.590441736850164426e-06
6.404049735000000510e+03 1.592055232014241359e-03 2.590441736850164426e-06
6.412046705000000657e+03 1.587927494370018925e-03 2.590441736850164426e-06
6.420043674999999894e+03 1.584540518441530975e-03 2.590441736850164426e-06
6.428040645000000040e+03 1.590956732257183632e-03 2.590441736850164426e-06
6.436037615000000187e+03 1.590458170507133041e-03 2.590441736850164426e-06
6.444034585000000334e+03 1.591475255535272594e-03 2.590441736850164426e-06
6.452031555000000481e+03 1.594996658153216172e-03 2.590441736850164426e-06
6.460028524999999718e+03 1.596737173425160717e-03 2.590441736850164426e-06
6.468025494999999864e+03 1.608526858204637876e-03 2.590441736850164426e-06
6.476022465000000011e+03 1.623822438062162959e-03 2.590441736850164426e-06
6.484019435000000158e+03 1.638559765410060138e-03 2.590441736850164426e-06
6.492016405000000304e+03 1.654504625112108995e-03 2.590441736850164426e-06
6.500013375000000451e+03 1.670849884926119003e-03 2.590441736850164426e-06
6.508010345000000598e+03 1.672437851208009385e-03 2.590441736850164426e-06
6.516007314999999835e+03 1.677095541585222607e-03 2.590441736850164426e-06
6.524004284999999982e+03 1.669260874408722830e-03 2.590441736850164426e-06
6.532001255000000128e+03 1.653342972685815926e-03 2.590441736850164426e-06
6.539998225000000275e+03 1.649482084303537533e-03 2.590441736850164426e-06
6.547995194999999512e+03 1.635522887473883592e-03 2.590441736850164426e-06
6.555992164999999659e+03 1.633411978684456804e-03 2.590441736850164426e-06
6.563989134999999806e+03 1.632558710404322056e-03 2.590441736850164426e-06
6.571986104999999952e+03 1.628505163033421759e-03 2.590441736850164426e-06
6.579983075000000099e+03 1.630363986966284215e-03 2.590441736850164426e-06
6.587980045000000246e+03 1.628562328519842037e-03 2.590441736850164426e-06
6.595977015000000392e+03 1.649637142822304569e-03 2.590441736850164426e-06
6.603973985000000539e+03 1.660151715488318450e-03 2.590441736850164426e-06
6.611970954999999776e+03 1.656812551845828927e-03 2.590441736850164426e-06
6.619967924999999923e+03 1.652851151610336151e-03 2.590441736850164426e-06
6.627964895000000070e+03 1.639361139386302183e-03 2.590441736850164426e-06
6.635961865000000216e+03 1.613747520892996499e-03 2.590441736850164426e-06
6.643958834999999453e+03 1.586174960367696049e-03 2.590441736850164426e-06
6.651955804999999600e+03 1.556301342936098741e-03 2.590441736850164426e-06
6.659952774999999747e+03 1.532345058643535618e-03 2.590441736850164426e-06
6.667949744999999893e+03 1.511351868707376186e-03 2.590441736850164426e-06
6.675946715000000040e+03 1.501585570790349607e-03 2.590441736850164426e-06
6.683943685000000187e+03 1.484853193390133505e-03 2.590441736850164426e-06
6.691940655000000334e+03 1.468666907035606328e-03 2.590441736850164426e-06
6.699937624999999571e+03 1.458913706126552029e-03 2.590441736850164426e-06
6.707934594999999717e+03 1.443822866746969323e-03 2.590441736850164426e-06
6.715931564999999864e+03 1.437998332649988945e-03 2.590441736850164426e-06
6.723928535000000011e+03 1.430867786802248517e-03 2.590441736850164426e-06
6.731925505000000157e+03 1.424548385309100688e-03 2.590441736850164426e-06
6.739922474999999395e+03 1.425409407131899469e-03 2.590441736850164426e-06
6.747919444999999541e+03 1.419919534372279888e-03 2.590441736850164426e-06
6.755916414999999688e+03 1.412884646204972446e-03 2.590441736850164426e-06
6.763913384999999835e+03 1.411770014734600601e-03 2.590441736850164426e-06
6.771910354999999981e+03 1.407113402088341556e-03 2.590441736850164426e-06
6.779907325000000128e+03 1.404848422612658618e-03 2.590441736850164426e-06
6.787904295000000275e+03 1.401484143551273882e-03 2.590441736850164426e-06
6.795901264999999512e+03 1.396458688478414197e-03 2.590441736850164426e-06
6.803898234999999659e+03 1.394620385956354611e-03 2.590441736850164426e-06
6.811895204999999805e+03 1.384693659973553446e-03 2.590441736850164426e-06
6.819892174999999952e+03 1.384385656071539673e-03 2.590441736850164426e-06
6.827889145000000099e+03 1.381307470940568030e-03 2.590441736850164426e-06
6.835886114999999336e+03 1.370613777588165641e-03 2.590441736850164426e-06
6.843883084999999483e+03 1.371019270765919682e-03 2.590441736850164426e-06
6.851880054999999629e+03 1.370011563351214174e-03 2.590441736850164426e-06
6.859877024999999776e+03 1.365612970462407472e-03 2.590441736850164426e-06
6.867873994999999923e+03 1.360197179575238198e-03 2.590441736850164426e-06
6.875870965000000069e+03 1.356699074264821779e-03 2.590441736850164426e-06
6.883867935000000216e+03 1.352433990778865308e-03 2.590441736850164426e-06
6.891864904999999453e+03 1.350125305918197221e-03 2.590441736850164426e-06
6.899861874999999600e+03 1.344564508349298118e-03 2.590441736850164426e-06
6.907858844999999747e+03 1.338985106035632533e-03 2.590441736850164426e-06
6.915855814999999893e+03 1.335308340526451332e-03 2.590441736850164426e-06
6.923852784999999130e+03 1.329401755325073341e-03 2.590441736850164426e-06
6.931849754999999277e+03 1.332825767689543818e-03 2.590441736850164426e-06
6.939846724999999424e+03 1.324973886330519518e-03 2.590441736850164426e-06
6.947843694999999570e+03 1.321281034340928426e-03 2.590441736850164426e-06
6.955840664999999717e+03 1.312176815348336124e-03 2.590441736850164426e-06
6.963837634999999864e+03 1.316628559775530425e-03 2.590441736850164426e-06
6.971834605000000010e+03 1.312149623071278467e-03 2.590441736850164426e-06
6.979831575000000157e+03 1.303621133726370288e-03 2.590441736850164426e-06
6.987828544999999394e+03 1.297609009734694086e-03 2.590441736850164426e-06
6.995825514999999541e+03 1.297916903979085251e-03 2.590441736850164426e-06
