6.204125485000000481e+03 1.564379584003657573e-03 2.590441736850164426e-06
6.212122455000000627e+03 1.560489436062607437e-03 2.590441736850164426e-06
6.220119425000000774e+03 1.554842380476077583e-03 2.590441736850164426e-06
6.228116395000000011e+03 1.548264855423401969e-03 2.590441736850164426e-06
6.236113365000000158e+03 1.551346149276680965e-03 2.590441736850164426e-06
6.244110335000000305e+03 1.536155734926612825e-03 2.590441736850164426e-06
6.252107305000000451e+03 1.534951959759869996e-03 2.590441736850164426e-06
6.260104275000000598e+03 1.538693773187429495e-03 2.590441736850164426e-06
6.268101244999999835e+03 1.532082904808234128e-03 2.590441736850164426e-06
6.276098214999999982e+03 1.526200950119651701e-03 2.590441736850164426e-06
6.284095185000000129e+03 1.518782225244721083e-03 2.590441736850164426e-06
6.292092155000000275e+03 1.517564571530139947e-03 2.590441736850164426e-06
6.300089125000000422e+03 1.517858827160811818e-03 2.590441736850164426e-06
6.308086095000000569e+03 1.510027117347274199e-03 2.590441736850164426e-06
6.316083065000000715e+03 1.503379797310677984e-03 2.590441736850164426e-06
6.324080034999999953e+03 1.499790733811065709e-03 2.590441736850164426e-06
6.332077005000000099e+03 1.495501646834094742e-03 2.590441736850164426e-06
6.340073975000000246e+03 1.494706285267168337e-03 2.590441736850164426e-06
6.348070945000000393e+03 1.485261349629923193e-03 2.590441736850164426e-06
6.356067915000000539e+03 1.491039001649822632e-03 2.590441736850164426e-06
6.364064884999999776e+03 1.477879606529104804e-03 2.590441736850164426e-06
6.372061854999999923e+03 1.473978238507383902e-03 2.590441736850164426e-06
6.380058825000000070e+03 1.472950281260386289e-03 2.590441736850164426e-06
6.388055795000000217e+03 1.468147477464576932e-03 2.590441736850164426e-06
6.396052765000000363e+03 1.467730566711263843e-03 2.590441736850164426e-06
6.404049735000000510e+03 1.459245577889266678e-03 2.590441736850164426e-06
6.412046705000000657e+03 1.457643349035921479e-03 2.590441736850164426e-06
6.420043674999999894e+03 1.460953762124859610e-03 2.590441736850164426e-06
6.428040645000000040e+03 1.462548959022864957e-03 2.590441736850164426e-06
6.436037615000000187e+03 1.464987894556302791e-03 2.590441736850164426e-06
6.444034585000000334e+03 1.463877061218802093e-03 2.590441736850164426e-06
6.452031555000000481e+03 1.471872913223275800e-03 2.590441736850164426e-06
6.460028524999999718e+03 1.480566410522857245e-03 2.590441736850164426e-06
6.468025494999999864e+03 1.486277926761052923e-03 2.590441736850164426e-06
6.476022465000000011e+03 1.500730001631387983e-03 2.590441736850164426e-06
6.484019435000000158e+03 1.517030518728542700e-03 2.590441736850164426e-06
6.492016405000000304e+03 1.537210155262233851e-03 2.590441736850164426e-06
6.500013375000000451e+03 1.542690321259187428e-03 2.590441736850164426e-06
6.508010345000000598e+03 1.556954449822851210e-03 2.590441736850164426e-06
6.516007314999999835e+03 1.557588824894943959e-03 2.590441736850164426e-06
6.524004284999999982e+03 1.552711131725029777e-03 2.590441736850164426e-06
6.532001255000000128e+03 1.536904645165277500e-03 2.590441736850164426e-06
6.539998225000000275e+03 1.521413377674725150e-03 2.590441736850164426e-06
6.547995194999999512e+03 1.513430069243007882e-03 2.590441736850164426e-06
6.555992164999999659e+03 1.516965761475833020e-03 2.590441736850164426e-06
6.563989134999999806e+03 1.508245356967198711e-03 2.590441736850164426e-06
6.571986104999999952e+03 1.509891921263538297e-03 2.590441736850164426e-06
6.579983075000000099e+03 1.514539580866602507e-03 2.590441736850164426e-06
6.587980045000000246e+03 1.513939024708423845e-03 2.590441736850164426e-06
6.595977015000000392e+03 1.534353575836912460e-03 2.590441736850164426e-06
6.603973985000000539e+03 1.539092556879545666e-03 2.590441736850164426e-06
6.611970954999999776e+03 1.543052360518366081e-03 2.590441736850164426e-06
6.619967924999999923e+03 1.530855372518117067e-03 2.590441736850164426e-06
6.627964895000000070e+03 1.520380240196314656e-03 2.590441736850164426e-06
6.635961865000000216e+03 1.493435244300937541e-03 2.590441736850164426e-06
6.643958834999999453e+03 1.472196399903166406e-03 2.590441736850164426e-06
6.651955804999999600e+03 1.438518653406418556e-03 2.590441736850164426e-06
6.659952774999999747e+03 1.417454925541000244e-03 2.590441736850164426e-06
6.667949744999999893e+03 1.393300110736105058e-03 2.590441736850164426e-06
6.675946715000000040e+03 1.382555077471557536e-03 2.590441736850164426e-06
6.683943685000000187e+03 1.366667767667593351e-03 2.590441736850164426e-06
6.691940655000000334e+03 1.353298392079233404e-03 2.590441736850164426e-06
6.699937624999999571e+03 1.343368795935696207e-03 2.590441736850164426e-06
6.707934594999999717e+03 1.340070204487231464e-03 2.590441736850164426e-06
6.715931564999999864e+03 1.325460272489241984e-03 2.590441736850164426e-06
6.723928535000000011e+03 1.314771222216644560e-03 2.590441736850164426e-06
6.731925505000000157e+03 1.318118476348303968e-03 2.590441736850164426e-06
6.739922474999999395e+03 1.310317255994564167e-03 2.590441736850164426e-06
6.747919444999999541e+03 1.307576951215513004e-03 2.590441736850164426e-06
6.755916414999999688e+03 1.304887858663278952e-03 2.590441736850164426e-06
6.763913384999999835e+03 1.299018887856012976e-03 2.590441736850164426e-06
6.771910354999999981e+03 1.292357297034341622e-03 2.590441736850164426e-06
6.779907325000000128e+03 1.288846612762437104e-03 2.590441736850164426e-06
6.787904295000000275e+03 1.290102205407452768e-03 2.590441736850164426e-06
6.795901264999999512e+03 1.282453529651082346e-03 2.590441736850164426e-06
6.803898234999999659e+03 1.283990126989481258e-03 2.590441736850164426e-06
6.811895204999999805e+03 1.271894187743577605e-03 2.590441736850164426e-06
6.819892174999999952e+03 1.277092317098728206e-03 2.590441736850164426e-06
6.827889145000000099e+03 1.271746983565697452e-03 2.590441736850164426e-06
6.835886114999999336e+03 1.261802828064130305e-03 2.590441736850164426e-06
6.843883084999999483e+03 1.264840308002198764e-03 2.590441736850164426e-06
6.851880054999999629e+03 1.264400437481587791e-03 2.590441736850164426e-06
6.859877024999999776e+03 1.252098175744305059e-03 2.590441736850164426e-06
6.867873994999999923e+03 1.253044712954082740e-03 2.590441736850164426e-06
6.875870965000000069e+03 1.245622353081399236e-03 2.590441736850164426e-06
6.883867935000000216e+03 1.244682359104039900e-03 2.590441736850164426e-06
6.891864904999999453e+03 1.244197323574359419e-03 2.590441736850164426e-06
6.899861874999999600e+03 1.234423946512884897e-03 2.590441736850164426e-06
6.907858844999999747e+03 1.232352526521365713e-03 2.590441736850164426e-06
6.915855814999999893e+03 1.232181346042512298e-03 2.590441736850164426e-06
6.923852784999999130e+03 1.231609063955919165e-03 2.590441736850164426e-06
6.931849754999999277e+03 1.226770859576594873e-03 2.590441736850164426e-06
6.939846724999999424e+03 1.222372636102802591e-03 2.590441736850164426e-06
6.947843694999999570e+03 1.216067407140416579e-03 2.590441736850164426e-06
6.955840664999999717e+03 1.213388067460698192e-03 2.590441736850164426e-06
6.963837634999999864e+03 1.204697243543265649e-03 2.590441736850164426e-06
6.971834605000000010e+03 1.207787639585219518e-03 2.590441736850164426e-06
6.979831575000000157e+03 1.206143641740804176e-03 2.590441736850164426e-06
6.987828544999999394e+03 1.199923696040667469e-03 2.590441736850164426e-06
6.995825514999999541e+03 1.193051375213860510e-03 2.590441736850164426e-06
