6.204125485000000481e+03 2.017331689227497803e-03 2.590441736850164426e-06
6.212122455000000627e+03 2.012966644119585074e-03 2.590441736850164426e-06
6.220119425000000774e+03 2.004899708542016816e-03 2.590441736850164426e-06
6.228116395000000011e+03 2.005262879132800255e-03 2.590441736850164426e-06
6.236113365000000158e+03 1.997768363669873322e-03 2.590441736850164426e-06
6.244110335000000305e+03 1.990098067812225060e-03 2.590441736850164426e-06
6.252107305000000451e+03 1.990470665664647795e-03 2.590441736850164426e-06
6.260104275000000598e+03 1.986002777938451671e-03 2.590441736850164426e-06
6.268101244999999835e+03 1.976626418883806538e-03 2.590441736850164426e-06
6.276098214999999982e+03 1.973436434254662464e-03 2.590441736850164426e-06
6.284095185000000129e+03 1.969075608387493414e-03 2.590441736850164426e-06
6.292092155000000275e+03 1.961732325073257694e-03 2.590441736850164426e-06
6.300089125000000422e+03 1.956229907907198941e-03 2.590441736850164426e-06
6.308086095000000569e+03 1.953612751791441570e-03 2.590441736850164426e-06
6.316083065000000715e+03 1.950188260259456833e-03 2.590441736850164426e-06
6.324080034999999953e+03 1.941192819553269220e-03 2.590441736850164426e-06
6.332077005000000099e+03 1.936213598382416747e-03 2.590441736850164426e-06
6.340073975000000246e+03 1.928873755654850761e-03 2.590441736850164426e-06
6.348070945000000393e+03 1.923610835090221660e-03 2.590441736850164426e-06
6.356067915000000539e+03 1.924948111198933418e-03 2.590441736850164426e-06
6.364064884999999776e+03 1.917971759024688673e-03 2.590441736850164426e-06
6.372061854999999923e+03 1.915658838990514203e-03 2.590441736850164426e-06
6.380058825000000070e+03 1.905694571060992208e-03 2.590441736850164426e-06
6.388055795000000217e+03 1.903661502082767357e-03 2.590441736850164426e-06
6.396052765000000363e+03 1.897777873688495914e-03 2.590441736850164426e-06
6.404049735000000510e+03 1.896754952096667409e-03 2.590441736850164426e-06
6.412046705000000657e+03 1.893877261329220173e-03 2.590441736850164426e-06
6.420043674999999894e+03 1.890101183495796399e-03 2.590441736850164426e-06
6.428040645000000040e+03 1.888493083477134696e-03 2.590441736850164426e-06
6.436037615000000187e+03 1.892019180336066819e-03 2.590441736850164426e-06
6.444034585000000334e+03 1.890790123764070439e-03 2.590441736850164426e-06
6.452031555000000481e+03 1.891833616340560719e-03 2.590441736850164426e-06
6.460028524999999718e+03 1.898859440072434360e-03 2.590441736850164426e-06
6.468025494999999864e+03 1.913410963478525415e-03 2.590441736850164426e-06
6.476022465000000011e+03 1.922662199590904463e-03 2.590441736850164426e-06
6.484019435000000158e+03 1.929935919568311715e-03 2.590441736850164426e-06
6.492016405000000304e+03 1.947643234210124806e-03 2.590441736850164426e-06
6.500013375000000451e+03 1.958956962916547691e-03 2.590441736850164426e-06
6.508010345000000598e+03 1.971339896358332514e-03 2.590441736850164426e-06
6.516007314999999835e+03 1.968979117355863350e-03 2.590441736850164426e-06
6.524004284999999982e+03 1.962371152996426806e-03 2.590441736850164426e-06
6.532001255000000128e+03 1.944111937698867441e-03 2.590441736850164426e-06
6.539998225000000275e+03 1.931713687242135645e-03 2.590441736850164426e-06
6.547995194999999512e+03 1.922722233836839404e-03 2.590441736850164426e-06
6.555992164999999659e+03 1.921318782586664293e-03 2.590441736850164426e-06
6.563989134999999806e+03 1.918529383140267974e-03 2.590441736850164426e-06
6.571986104999999952e+03 1.912314282413046752e-03 2.590441736850164426e-06
6.579983075000000099e+03 1.911923056763112057e-03 2.590441736850164426e-06
6.587980045000000246e+03 1.920352966501261789e-03 2.590441736850164426e-06
6.595977015000000392e+03 1.932072578175205585e-03 2.590441736850164426e-06
6.603973985000000539e+03 1.939439372783325960e-03 2.590441736850164426e-06
6.611970954999999776e+03 1.944218646085550456e-03 2.590441736850164426e-06
6.619967924999999923e+03 1.930107892292536650e-03 2.590441736850164426e-06
6.627964895000000070e+03 1.915860046538017062e-03 2.590441736850164426e-06
6.635961865000000216e+03 1.889819768579721181e-03 2.590441736850164426e-06
6.643958834999999453e+03 1.862914484254383140e-03 2.590441736850164426e-06
6.651955804999999600e+03 1.838503262765652565e-03 2.590441736850164426e-06
6.659952774999999747e+03 1.811168775597066976e-03 2.590441736850164426e-06
6.667949744999999893e+03 1.784920184936948087e-03 2.590441736850164426e-06
6.675946715000000040e+03 1.779461204265119553e-03 2.590441736850164426e-06
6.683943685000000187e+03 1.765060741403927554e-03 2.590441736850164426e-06
6.691940655000000334e+03 1.748525993425845181e-03 2.590441736850164426e-06
6.699937624999999571e+03 1.731532679679417168e-03 2.590441736850164426e-06
6.707934594999999717e+03 1.725323633914016292e-03 2.590441736850164426e-06
6.715931564999999864e+03 1.716912005592239254e-03 2.590441736850164426e-06
6.723928535000000011e+03 1.704156517348477933e-03 2.590441736850164426e-06
6.731925505000000157e+03 1.700574183777326743e-03 2.590441736850164426e-06
6.739922474999999395e+03 1.696230247023388033e-03 2.590441736850164426e-06
6.747919444999999541e+03 1.691376944035526911e-03 2.590441736850164426e-06
6.755916414999999688e+03 1.684096931964075301e-03 2.590441736850164426e-06
6.763913384999999835e+03 1.678871263801896959e-03 2.590441736850164426e-06
6.771910354999999981e+03 1.675310431635906004e-03 2.590441736850164426e-06
6.779907325000000128e+03 1.670023236371419480e-03 2.590441736850164426e-06
6.787904295000000275e+03 1.666234141353400066e-03 2.590441736850164426e-06
6.795901264999999512e+03 1.663100477924902816e-03 2.590441736850164426e-06
6.803898234999999659e+03 1.657739642273679858e-03 2.590441736850164426e-06
6.811895204999999805e+03 1.649110835663133165e-03 2.590441736850164426e-06
6.819892174999999952e+03 1.647888117727727437e-03 2.590441736850164426e-06
6.827889145000000099e+03 1.638836857142014335e-03 2.590441736850164426e-06
6.835886114999999336e+03 1.635899211595653229e-03 2.590441736850164426e-06
6.843883084999999483e+03 1.630129555909353399e-03 2.590441736850164426e-06
6.851880054999999629e+03 1.632443929032221727e-03 2.590441736850164426e-06
6.859877024999999776e+03 1.624335938946714188e-03 2.590441736850164426e-06
6.867873994999999923e+03 1.617366842345087851e-03 2.590441736850164426e-06
6.875870965000000069e+03 1.611404103377809226e-03 2.590441736850164426e-06
6.883867935000000216e+03 1.609736160576599392e-03 2.590441736850164426e-06
6.891864904999999453e+03 1.604681716009543919e-03 2.590441736850164426e-06
6.899861874999999600e+03 1.600584567062729186e-03 2.590441736850164426e-06
6.907858844999999747e+03 1.597918109849870557e-03 2.590441736850164426e-06
6.915855814999999893e+03 1.595568420049267837e-03 2.590441736850164426e-06
6.923852784999999130e+03 1.586744367261925257e-03 2.590441736850164426e-06
6.931849754999999277e+03 1.581989245984389550e-03 2.590441736850164426e-06
6.939846724999999424e+03 1.575306257828657788e-03 2.590441736850164426e-06
6.947843694999999570e+03 1.575259127049138865e-03 2.590441736850164426e-06
6.955840664999999717e+03 1.565881080277284256e-03 2.590441736850164426e-06
6.963837634999999864e+03 1.558463047896870230e-03 2.590441736850164426e-06
6.971834605000000010e+03 1.559905509186428367e-03 2.590441736850164426e-06
6.979831575000000157e+03 1.550575868974321102e-03 2.590441736850164426e-06
6.987828544999999394e+03 1.544497072145016451e-03 2.590441736850164426e-06
6.995825514999999541e+03 1.542964970434272188e-03 2.590441736850164426e-06
