6.204125485000000481e+03 1.386057638348606831e-03 2.590441736850164426e-06
6.212122455000000627e+03 1.379111295554680911e-03 2.590441736850164426e-06
6.220119425000000774e+03 1.374776921712485495e-03 2.590441736850164426e-06
6.228116395000000011e+03 1.368181148647925997e-03 2.590441736850164426e-06
6.236113365000000158e+03 1.371996635312667167e-03 2.590441736850164426e-06
6.244110335000000305e+03 1.363256848751058558e-03 2.590441736850164426e-06
6.252107305000000451e+03 1.362743114527068629e-03 2.590441736850164426e-06
6.260104275000000598e+03 1.359173655947922476e-03 2.590441736850164426e-06
6.268101244999999835e+03 1.356465130482397297e-03 2.590441736850164426e-06
6.276098214999999982e+03 1.354193004148761693e-03 2.590441736850164426e-06
6.284095185000000129e+03 1.344755182763443914e-03 2.590441736850164426e-06
6.292092155000000275e+03 1.343016941051844567e-03 2.590441736850164426e-06
6.300089125000000422e+03 1.341173264658819357e-03 2.590441736850164426e-06
6.308086095000000569e+03 1.337507323761000797e-03 2.590441736850164426e-06
6.316083065000000715e+03 1.331063446258838644e-03 2.590441736850164426e-06
6.324080034999999953e+03 1.331093754433291003e-03 2.590441736850164426e-06
6.332077005000000099e+03 1.323711475943795644e-03 2.590441736850164426e-06
6.340073975000000246e+03 1.327223708553847093e-03 2.590441736850164426e-06
6.348070945000000393e+03 1.319256958683964883e-03 2.590441736850164426e-06
6.356067915000000539e+03 1.317824100448384194e-03 2.590441736850164426e-06
6.364064884999999776e+03 1.311971219891080488e-03 2.590441736850164426e-06
6.372061854999999923e+03 1.309377636057332912e-03 2.590441736850164426e-06
6.380058825000000070e+03 1.307739498801268772e-03 2.590441736850164426e-06
6.388055795000000217e+03 1.302250863980623395e-03 2.590441736850164426e-06
6.396052765000000363e+03 1.300599767610980577e-03 2.590441736850164426e-06
6.404049735000000510e+03 1.293371339770318191e-03 2.590441736850164426e-06
6.412046705000000657e+03 1.295653482822430383e-03 2.590441736850164426e-06
6.420043674999999894e+03 1.290605940773010066e-03 2.590441736850164426e-06
6.428040645000000040e+03 1.299596331358189886e-03 2.590441736850164426e-06
6.436037615000000187e+03 1.298881154370228400e-03 2.590441736850164426e-06
6.444034585000000334e+03 1.298077640681314987e-03 2.590441736850164426e-06
6.452031555000000481e+03 1.299669136935395356e-03 2.590441736850164426e-06
6.460028524999999718e+03 1.310541802701676098e-03 2.590441736850164426e-06
6.468025494999999864e+03 1.323093022001727709e-03 2.590441736850164426e-06
6.476022465000000011e+03 1.334789281838952421e-03 2.590441736850164426e-06
6.484019435000000158e+03 1.355769011113008024e-03 2.590441736850164426e-06
6.492016405000000304e+03 1.371639470421325176e-03 2.590441736850164426e-06
6.500013375000000451e+03 1.385123277822886698e-03 2.590441736850164426e-06
6.508010345000000598e+03 1.385546492477691960e-03 2.590441736850164426e-06
6.516007314999999835e+03 1.387634842389152143e-03 2.590441736850164426e-06
6.524004284999999982e+03 1.381173397992541780e-03 2.590441736850164426e-06
6.532001255000000128e+03 1.369867733261376621e-03 2.590441736850164426e-06
6.539998225000000275e+03 1.358454538742130159e-03 2.590441736850164426e-06
6.547995194999999512e+03 1.352703469427133038e-03 2.590441736850164426e-06
6.555992164999999659e+03 1.353640507068609678e-03 2.590441736850164426e-06
6.563989134999999806e+03 1.349160479633168758e-03 2.590441736850164426e-06
6.571986104999999952e+03 1.347904733201153466e-03 2.590441736850164426e-06
6.579983075000000099e+03 1.354697600063189435e-03 2.590441736850164426e-06
6.587980045000000246e+03 1.350472912248429488e-03 2.590441736850164426e-06
6.595977015000000392e+03 1.368553740152028426e-03 2.590441736850164426e-06
6.603973985000000539e+03 1.376267079365919030e-03 2.590441736850164426e-06
6.611970954999999776e+03 1.374469600373519904e-03 2.590441736850164426e-06
6.619967924999999923e+03 1.370758122716075498e-03 2.590441736850164426e-06
6.627964895000000070e+03 1.369749367731630052e-03 2.590441736850164426e-06
6.635961865000000216e+03 1.337674704959375448e-03 2.590441736850164426e-06
6.643958834999999453e+03 1.310580366042642369e-03 2.590441736850164426e-06
6.651955804999999600e+03 1.287746334771162167e-03 2.590441736850164426e-06
6.659952774999999747e+03 1.262555674738677315e-03 2.590441736850164426e-06
6.667949744999999893e+03 1.236593180808295660e-03 2.590441736850164426e-06
6.675946715000000040e+03 1.226229658611833378e-03 2.590441736850164426e-06
6.683943685000000187e+03 1.210700863696299043e-03 2.590441736850164426e-06
6.691940655000000334e+03 1.197403600291748913e-03 2.590441736850164426e-06
6.699937624999999571e+03 1.185110990432831088e-03 2.590441736850164426e-06
6.707934594999999717e+03 1.178931458106951711e-03 2.590441736850164426e-06
6.715931564999999864e+03 1.174551014734269384e-03 2.590441736850164426e-06
6.723928535000000011e+03 1.164272905601319895e-03 2.590441736850164426e-06
6.731925505000000157e+03 1.161811147114758100e-03 2.590441736850164426e-06
6.739922474999999395e+03 1.160090766093557855e-03 2.590441736850164426e-06
6.747919444999999541e+03 1.156021040273184225e-03 2.590441736850164426e-06
6.755916414999999688e+03 1.154081309437049495e-03 2.590441736850164426e-06
6.763913384999999835e+03 1.151555761427343555e-03 2.590441736850164426e-06
6.771910354999999981e+03 1.144982475967822998e-03 2.590441736850164426e-06
6.779907325000000128e+03 1.143660772986325892e-03 2.590441736850164426e-06
6.787904295000000275e+03 1.139984421442421462e-03 2.590441736850164426e-06
6.795901264999999512e+03 1.139620806065014908e-03 2.590441736850164426e-06
6.803898234999999659e+03 1.139221405295264521e-03 2.590441736850164426e-06
6.811895204999999805e+03 1.124839848555529969e-03 2.590441736850164426e-06
6.819892174999999952e+03 1.126980820634968915e-03 2.590441736850164426e-06
6.827889145000000099e+03 1.124029394532299973e-03 2.590441736850164426e-06
6.835886114999999336e+03 1.120912790083460845e-03 2.590441736850164426e-06
6.843883084999999483e+03 1.116720841208442613e-03 2.590441736850164426e-06
6.851880054999999629e+03 1.115070005709343929e-03 2.590441736850164426e-06
6.859877024999999776e+03 1.109022564996847357e-03 2.590441736850164426e-06
6.867873994999999923e+03 1.112637654293765306e-03 2.590441736850164426e-06
6.875870965000000069e+03 1.102606318030008260e-03 2.590441736850164426e-06
6.883867935000000216e+03 1.100927021467519194e-03 2.590441736850164426e-06
6.891864904999999453e+03 1.101973694991576673e-03 2.590441736850164426e-06
6.899861874999999600e+03 1.098351955725765687e-03 2.590441736850164426e-06
6.907858844999999747e+03 1.093144198748617927e-03 2.590441736850164426e-06
6.915855814999999893e+03 1.089377056796400145e-03 2.590441736850164426e-06
6.923852784999999130e+03 1.092557044633479498e-03 2.590441736850164426e-06
6.931849754999999277e+03 1.085165882828962409e-03 2.590441736850164426e-06
6.939846724999999424e+03 1.083152367348433776e-03 2.590441736850164426e-06
6.947843694999999570e+03 1.075260328231394296e-03 2.590441736850164426e-06
6.955840664999999717e+03 1.076391294460519229e-03 2.590441736850164426e-06
6.963837634999999864e+03 1.069572250866880408e-03 2.590441736850164426e-06
6.971834605000000010e+03 1.072095638020780211e-03 2.590441736850164426e-06
6.979831575000000157e+03 1.061142030710946968e-03 2.590441736850164426e-06
6.987828544999999394e+03 1.061938694963407469e-03 2.590441736850164426e-06
6.995825514999999541e+03 1.056117183754624444e-03 2.590441736850164426e-06
