6.204125485000000481e+03 1.095905518604260330e-03 2.590441736850164426e-06
6.212122455000000627e+03 1.091239401948130953e-03 2.590441736850164426e-06
6.220119425000000774e+03 1.086150289077614847e-03 2.590441736850164426e-06
6.228116395000000011e+03 1.083310467489906033e-03 2.590441736850164426e-06
6.236113365000000158e+03 1.080728465261229267e-03 2.590441736850164426e-06
6.244110335000000305e+03 1.082147816846558593e-03 2.590441736850164426e-06
6.252107305000000451e+03 1.077632943581509828e-03 2.590441736850164426e-06
6.260104275000000598e+03 1.070516055097776907e-03 2.590441736850164426e-06
6.268101244999999835e+03 1.068819290752252935e-03 2.590441736850164426e-06
6.276098214999999982e+03 1.071189133164616655e-03 2.590441736850164426e-06
6.284095185000000129e+03 1.066839405553449529e-03 2.590441736850164426e-06
6.292092155000000275e+03 1.061680186487028036e-03 2.590441736850164426e-06
6.300089125000000422e+03 1.063031009544439113e-03 2.590441736850164426e-06
6.308086095000000569e+03 1.055179144676135711e-03 2.590441736850164426e-06
6.316083065000000715e+03 1.053804268071475156e-03 2.590441736850164426e-06
6.324080034999999953e+03 1.051435090845646196e-03 2.590441736850164426e-06
6.332077005000000099e+03 1.047706018468794013e-03 2.590441736850164426e-06
6.340073975000000246e+03 1.042258354641616754e-03 2.590441736850164426e-06
6.348070945000000393e+03 1.037340411800735098e-03 2.590441736850164426e-06
6.356067915000000539e+03 1.033795636324417316e-03 2.590441736850164426e-06
6.364064884999999776e+03 1.033733041456867023e-03 2.590441736850164426e-06
6.372061854999999923e+03 1.025972295930015514e-03 2.590441736850164426e-06
6.380058825000000070e+03 1.019538320531175558e-03 2.590441736850164426e-06
6.388055795000000217e+03 1.019136605037833550e-03 2.590441736850164426e-06
6.396052765000000363e+03 1.022867195900836572e-03 2.590441736850164426e-06
6.404049735000000510e+03 1.014282570842746367e-03 2.590441736850164426e-06
6.412046705000000657e+03 1.012383709826311391e-03 2.590441736850164426e-06
6.420043674999999894e+03 1.011402956521264542e-03 2.590441736850164426e-06
6.428040645000000040e+03 1.016669063288664233e-03 2.590441736850164426e-06
6.436037615000000187e+03 1.020649923781215144e-03 2.590441736850164426e-06
6.444034585000000334e+03 1.019881718016215971e-03 2.590441736850164426e-06
6.452031555000000481e+03 1.029607269386390890e-03 2.590441736850164426e-06
6.460028524999999718e+03 1.040506975957267979e-03 2.590441736850164426e-06
6.468025494999999864e+03 1.054375029792065056e-03 2.590441736850164426e-06
6.476022465000000011e+03 1.068705712540699709e-03 2.590441736850164426e-06
6.484019435000000158e+03 1.086682079451882412e-03 2.590441736850164426e-06
6.492016405000000304e+03 1.101079985555521341e-03 2.590441736850164426e-06
6.500013375000000451e+03 1.115839898980686314e-03 2.590441736850164426e-06
6.508010345000000598e+03 1.125183561125329664e-03 2.590441736850164426e-06
6.516007314999999835e+03 1.132758404338022034e-03 2.590441736850164426e-06
6.524004284999999982e+03 1.130871274813225651e-03 2.590441736850164426e-06
6.532001255000000128e+03 1.111139249589883403e-03 2.590441736850164426e-06
6.539998225000000275e+03 1.100770660490766944e-03 2.590441736850164426e-06
6.547995194999999512e+03 1.096672306782997585e-03 2.590441736850164426e-06
6.555992164999999659e+03 1.098684641568844003e-03 2.590441736850164426e-06
6.563989134999999806e+03 1.097140123391759188e-03 2.590441736850164426e-06
6.571986104999999952e+03 1.095835288771642097e-03 2.590441736850164426e-06
6.579983075000000099e+03 1.094412685728363317e-03 2.590441736850164426e-06
6.587980045000000246e+03 1.100863969558380732e-03 2.590441736850164426e-06
6.595977015000000392e+03 1.118386245539719926e-03 2.590441736850164426e-06
6.603973985000000539e+03 1.128837268499213904e-03 2.590441736850164426e-06
6.611970954999999776e+03 1.128273297030973985e-03 2.590441736850164426e-06
6.619967924999999923e+03 1.120537782420189844e-03 2.590441736850164426e-06
6.627964895000000070e+03 1.108691792823455298e-03 2.590441736850164426e-06
6.635961865000000216e+03 1.085984295752038219e-03 2.590441736850164426e-06
6.643958834999999453e+03 1.055331301055582221e-03 2.590441736850164426e-06
6.651955804999999600e+03 1.033618548474658956e-03 2.590441736850164426e-06
6.659952774999999747e+03 1.002985907986916631e-03 2.590441736850164426e-06
6.667949744999999893e+03 9.849574508490773189e-04 2.590441736850164426e-06
6.675946715000000040e+03 9.708160775749689062e-04 2.590441736850164426e-06
6.683943685000000187e+03 9.553340254402564128e-04 2.590441736850164426e-06
6.691940655000000334e+03 9.393877411121273656e-04 2.590441736850164426e-06
6.699937624999999571e+03 9.344048748634611965e-04 2.590441736850164426e-06
6.707934594999999717e+03 9.234915531004430755e-04 2.590441736850164426e-06
6.715931564999999864e+03 9.221122338530517203e-04 2.590441736850164426e-06
6.723928535000000011e+03 9.135347515980548694e-04 2.590441736850164426e-06
6.731925505000000157e+03 9.123236467780342735e-04 2.590441736850164426e-06
6.739922474999999395e+03 9.139839301855061425e-04 2.590441736850164426e-06
6.747919444999999541e+03 9.068692917685176923e-04 2.590441736850164426e-06
6.755916414999999688e+03 9.040811537279705044e-04 2.590441736850164426e-06
6.763913384999999835e+03 9.109864975656502706e-04 2.590441736850164426e-06
6.771910354999999981e+03 9.003571757044960501e-04 2.590441736850164426e-06
6.779907325000000128e+03 9.051244183647500592e-04 2.590441736850164426e-06
6.787904295000000275e+03 8.969847110534887426e-04 2.590441736850164426e-06
6.795901264999999512e+03 8.951868999539581073e-04 2.590441736850164426e-06
6.803898234999999659e+03 8.986011837130231583e-04 2.590441736850164426e-06
6.811895204999999805e+03 8.917698651387088744e-04 2.590441736850164426e-06
6.819892174999999952e+03 8.880484642737668981e-04 2.590441736850164426e-06
6.827889145000000099e+03 8.851102072729903712e-04 2.590441736850164426e-06
6.835886114999999336e+03 8.901176416526297404e-04 2.590441736850164426e-06
6.843883084999999483e+03 8.803858813393677192e-04 2.590441736850164426e-06
6.851880054999999629e+03 8.808927897613302079e-04 2.590441736850164426e-06
6.859877024999999776e+03 8.814115466215610793e-04 2.590441736850164426e-06
6.867873994999999923e+03 8.755046067726571148e-04 2.590441736850164426e-06
6.875870965000000069e+03 8.641582116878151337e-04 2.590441736850164426e-06
6.883867935000000216e+03 8.723976084334547848e-04 2.590441736850164426e-06
6.891864904999999453e+03 8.669319080434280313e-04 2.590441736850164426e-06
6.899861874999999600e+03 8.624632700665463281e-04 2.590441736850164426e-06
6.907858844999999747e+03 8.642886730867353848e-04 2.590441736850164426e-06
6.915855814999999893e+03 8.636173783848264101e-04 2.590441736850164426e-06
6.923852784999999130e+03 8.569436894282811586e-04 2.590441736850164426e-06
6.931849754999999277e+03 8.545679236566960284e-04 2.590441736850164426e-06
6.939846724999999424e+03 8.499356175668685339e-04 2.590441736850164426e-06
6.947843694999999570e+03 8.522037684325692568e-04 2.590441736850164426e-06
6.955840664999999717e+03 8.503930432678866299e-04 2.590441736850164426e-06
6.963837634999999864e+03 8.468925431031004919e-04 2.590441736850164426e-06
6.971834605000000010e+03 8.454681244639972041e-04 2.590441736850164426e-06
6.979831575000000157e+03 8.403440186851276941e-04 2.590441736850164426e-06
6.987828544999999394e+03 8.358141585658195906e-04 2.590441736850164426e-06
6.995825514999999541e+03 8.342676155325492744e-04 2.590441736850164426e-06
