6.204125485000000481e+03 1.762679884121770221e-03 2.590441736850164426e-06
6.212122455000000627e+03 1.761426677418284625e-03 2.590441736850164426e-06
6.220119425000000774e+03 1.750948607771817466e-03 2.590441736850164426e-06
6.228116395000000011e+03 1.749350693686179672e-03 2.590441736850164426e-06
6.236113365000000158e+03 1.748102134370988154e-03 2.590441736850164426e-06
6.244110335000000305e+03 1.736681583120813690e-03 2.590441736850164426e-06
6.252107305000000451e+03 1.739275382428078333e-03 2.590441736850164426e-06
6.260104275000000598e+03 1.736868378567590389e-03 2.590441736850164426e-06
6.268101244999999835e+03 1.730962200012105571e-03 2.590441736850164426e-06
6.276098214999999982e+03 1.719484102483256113e-03 2.590441736850164426e-06
6.284095185000000129e+03 1.719517618109731635e-03 2.590441736850164426e-06
6.292092155000000275e+03 1.718421362427952157e-03 2.590441736850164426e-06
6.300089125000000422e+03 1.714116735003569630e-03 2.590441736850164426e-06
6.308086095000000569e+03 1.706951412795873610e-03 2.590441736850164426e-06
6.316083065000000715e+03 1.700716136886535430e-03 2.590441736850164426e-06
6.324080034999999953e+03 1.697924454395743216e-03 2.590441736850164426e-06
6.332077005000000099e+03 1.687764423681588745e-03 2.590441736850164426e-06
6.340073975000000246e+03 1.687293794374615432e-03 2.590441736850164426e-06
6.348070945000000393e+03 1.684091222577947800e-03 2.590441736850164426e-06
6.356067915000000539e+03 1.678645428095309512e-03 2.590441736850164426e-06
6.364064884999999776e+03 1.675565224704316956e-03 2.590441736850164426e-06
6.372061854999999923e+03 1.672622437736004690e-03 2.590441736850164426e-06
6.380058825000000070e+03 1.668691532005646058e-03 2.590441736850164426e-06
6.388055795000000217e+03 1.664991063611261221e-03 2.590441736850164426e-06
6.396052765000000363e+03 1.664719379233761849e-03 2.590441736850164426e-06
6.404049735000000510e+03 1.660484230441032407e-03 2.590441736850164426e-06
6.412046705000000657e+03 1.666294965053565511e-03 2.590441736850164426e-06
6.420043674999999894e+03 1.660643986527545694e-03 2.590441736850164426e-06
6.428040645000000040e+03 1.662247614516553689e-03 2.590441736850164426e-06
6.436037615000000187e+03 1.665069400033860995e-03 2.590441736850164426e-06
6.444034585000000334e+03 1.662683817107701249e-03 2.590441736850164426e-06
6.452031555000000481e+03 1.663155995402633078e-03 2.590441736850164426e-06
6.460028524999999718e+03 1.659462709596826830e-03 2.590441736850164426e-06
6.468025494999999864e+03 1.676544554398995759e-03 2.590441736850164426e-06
6.476022465000000011e+03 1.681497286541508950e-03 2.590441736850164426e-06
6.484019435000000158e+03 1.694781462424473301e-03 2.590441736850164426e-06
6.492016405000000304e+03 1.718524236602323807e-03 2.590441736850164426e-06
6.500013375000000451e+03 1.731079032911192602e-03 2.590441736850164426e-06
6.508010345000000598e+03 1.738591819370523522e-03 2.590441736850164426e-06
6.516007314999999835e+03 1.741220344799310985e-03 2.590441736850164426e-06
6.524004284999999982e+03 1.732864991506893274e-03 2.590441736850164426e-06
6.532001255000000128e+03 1.710447193951528588e-03 2.590441736850164426e-06
6.539998225000000275e+03 1.703680079340154623e-03 2.590441736850164426e-06
6.547995194999999512e+03 1.692140430027522669e-03 2.590441736850164426e-06
6.555992164999999659e+03 1.690392673668822529e-03 2.590441736850164426e-06
6.563989134999999806e+03 1.690481433491292746e-03 2.590441736850164426e-06
6.571986104999999952e+03 1.691839735170220810e-03 2.590441736850164426e-06
6.579983075000000099e+03 1.686359705145621486e-03 2.590441736850164426e-06
6.587980045000000246e+03 1.689911441779370135e-03 2.590441736850164426e-06
6.595977015000000392e+03 1.699307238765117214e-03 2.590441736850164426e-06
6.603973985000000539e+03 1.718680054910556127e-03 2.590441736850164426e-06
6.611970954999999776e+03 1.713660123741883156e-03 2.590441736850164426e-06
6.619967924999999923e+03 1.705921630821614346e-03 2.590441736850164426e-06
6.627964895000000070e+03 1.686709620078138136e-03 2.590441736850164426e-06
6.635961865000000216e+03 1.662548886604058637e-03 2.590441736850164426e-06
6.643958834999999453e+03 1.645171332370397440e-03 2.590441736850164426e-06
6.651955804999999600e+03 1.614423224566462461e-03 2.590441736850164426e-06
6.659952774999999747e+03 1.593223113793368340e-03 2.590441736850164426e-06
6.667949744999999893e+03 1.571258692155619785e-03 2.590441736850164426e-06
6.675946715000000040e+03 1.569265042604396383e-03 2.590441736850164426e-06
6.683943685000000187e+03 1.558989084884492005e-03 2.590441736850164426e-06
6.691940655000000334e+03 1.535252354688768127e-03 2.590441736850164426e-06
6.699937624999999571e+03 1.520069954639651595e-03 2.590441736850164426e-06
6.707934594999999717e+03 1.520703504200659941e-03 2.590441736850164426e-06
6.715931564999999864e+03 1.503746339595048295e-03 2.590441736850164426e-06
6.723928535000000011e+03 1.494443631606562437e-03 2.590441736850164426e-06
6.731925505000000157e+03 1.490367042622602100e-03 2.590441736850164426e-06
6.739922474999999395e+03 1.482358625601646251e-03 2.590441736850164426e-06
6.747919444999999541e+03 1.482411441859458412e-03 2.590441736850164426e-06
6.755916414999999688e+03 1.478080876719968647e-03 2.590441736850164426e-06
6.763913384999999835e+03 1.470089214151509621e-03 2.590441736850164426e-06
6.771910354999999981e+03 1.464651872187140843e-03 2.590441736850164426e-06
6.779907325000000128e+03 1.463162362526864921e-03 2.590441736850164426e-06
6.787904295000000275e+03 1.459032690654044452e-03 2.590441736850164426e-06
6.795901264999999512e+03 1.451889949363340806e-03 2.590441736850164426e-06
6.803898234999999659e+03 1.449594887976499201e-03 2.590441736850164426e-06
6.811895204999999805e+03 1.442176159411490610e-03 2.590441736850164426e-06
6.819892174999999952e+03 1.442180666554374567e-03 2.590441736850164426e-06
6.827889145000000099e+03 1.437466104348552893e-03 2.590441736850164426e-06
6.835886114999999336e+03 1.432476480423287976e-03 2.590441736850164426e-06
6.843883084999999483e+03 1.425986594905276697e-03 2.590441736850164426e-06
6.851880054999999629e+03 1.420575099684425304e-03 2.590441736850164426e-06
6.859877024999999776e+03 1.418092142991258511e-03 2.590441736850164426e-06
6.867873994999999923e+03 1.417706792618148330e-03 2.590441736850164426e-06
6.875870965000000069e+03 1.409600508268051130e-03 2.590441736850164426e-06
6.883867935000000216e+03 1.408530951388675808e-03 2.590441736850164426e-06
6.891864904999999453e+03 1.404205046043437459e-03 2.590441736850164426e-06
6.899861874999999600e+03 1.398666936925179816e-03 2.590441736850164426e-06
6.907858844999999747e+03 1.397770815323058202e-03 2.590441736850164426e-06
6.915855814999999893e+03 1.392138249976725313e-03 2.590441736850164426e-06
6.923852784999999130e+03 1.383487253593512593e-03 2.590441736850164426e-06
6.931849754999999277e+03 1.384926355547697052e-03 2.590441736850164426e-06
6.939846724999999424e+03 1.380871647728392935e-03 2.590441736850164426e-06
6.947843694999999570e+03 1.381987334673177945e-03 2.590441736850164426e-06
6.955840664999999717e+03 1.366721158922182917e-03 2.590441736850164426e-06
6.963837634999999864e+03 1.361842657733307316e-03 2.590441736850164426e-06
6.971834605000000010e+03 1.359896294481345103e-03 2.590441736850164426e-06
6.979831575000000157e+03 1.355517633201091263e-03 2.590441736850164426e-06
6.987828544999999394e+03 1.349332971380167237e-03 2.590441736850164426e-06
6.995825514999999541e+03 1.350139450790930392e-03 2.590441736850164426e-06
