6.204125485000000481e+03 1.625478097297768012e-03 2.590441736850164426e-06
6.212122455000000627e+03 1.624731011948044685e-03 2.590441736850164426e-06
6.220119425000000774e+03 1.619554383524422552e-03 2.590441736850164426e-06
6.228116395000000011e+03 1.610752200679396945e-03 2.590441736850164426e-06
6.236113365000000158e+03 1.611441791872093203e-03 2.590441736850164426e-06
6.244110335000000305e+03 1.610256703632371349e-03 2.590441736850164426e-06
6.252107305000000451e+03 1.601902116468836845e-03 2.590441736850164426e-06
6.260104275000000598e+03 1.604389845254429068e-03 2.590441736850164426e-06
6.268101244999999835e+03 1.595403623124234515e-03 2.590441736850164426e-06
6.276098214999999982e+03 1.593195472256018954e-03 2.590441736850164426e-06
6.284095185000000129e+03 1.586850753563375654e-03 2.590441736850164426e-06
6.292092155000000275e+03 1.584261656096680676e-03 2.590441736850164426e-06
6.300089125000000422e+03 1.579378973464833904e-03 2.590441736850164426e-06
6.308086095000000569e+03 1.571476297472616237e-03 2.590441736850164426e-06
6.316083065000000715e+03 1.573813063415284387e-03 2.590441736850164426e-06
6.324080034999999953e+03 1.562372863174568954e-03 2.590441736850164426e-06
6.332077005000000099e+03 1.566269255355104808e-03 2.590441736850164426e-06
6.340073975000000246e+03 1.561407594505555144e-03 2.590441736850164426e-06
6.348070945000000393e+03 1.559776841797123025e-03 2.590441736850164426e-06
6.356067915000000539e+03 1.548909118029442129e-03 2.590441736850164426e-06
6.364064884999999776e+03 1.544028181509513173e-03 2.590441736850164426e-06
6.372061854999999923e+03 1.534781745904778951e-03 2.590441736850164426e-06
6.380058825000000070e+03 1.537356386041369800e-03 2.590441736850164426e-06
6.388055795000000217e+03 1.531317578040937086e-03 2.590441736850164426e-06
6.396052765000000363e+03 1.532845913132786092e-03 2.590441736850164426e-06
6.404049735000000510e+03 1.527018848862736608e-03 2.590441736850164426e-06
6.412046705000000657e+03 1.524810911272211043e-03 2.590441736850164426e-06
6.420043674999999894e+03 1.524184016526069834e-03 2.590441736850164426e-06
6.428040645000000040e+03 1.527114305347678771e-03 2.590441736850164426e-06
6.436037615000000187e+03 1.527231298017422577e-03 2.590441736850164426e-06
6.444034585000000334e+03 1.525885275810855970e-03 2.590441736850164426e-06
6.452031555000000481e+03 1.531577333678363698e-03 2.590441736850164426e-06
6.460028524999999718e+03 1.534311754208027637e-03 2.590441736850164426e-06
6.468025494999999864e+03 1.551089572333126491e-03 2.590441736850164426e-06
6.476022465000000011e+03 1.557521575022352295e-03 2.590441736850164426e-06
6.484019435000000158e+03 1.574664987199828536e-03 2.590441736850164426e-06
6.492016405000000304e+03 1.586277998715434658e-03 2.590441736850164426e-06
6.500013375000000451e+03 1.600805990897256675e-03 2.590441736850164426e-06
6.508010345000000598e+03 1.625480538702745933e-03 2.590441736850164426e-06
6.516007314999999835e+03 1.629983557683961940e-03 2.590441736850164426e-06
6.524004284999999982e+03 1.624785945430802557e-03 2.590441736850164426e-06
6.532001255000000128e+03 1.600967309865530385e-03 2.590441736850164426e-06
6.539998225000000275e+03 1.585591321285373433e-03 2.590441736850164426e-06
6.547995194999999512e+03 1.582086357432663888e-03 2.590441736850164426e-06
6.555992164999999659e+03 1.579548800526905245e-03 2.590441736850164426e-06
6.563989134999999806e+03 1.582227538226143194e-03 2.590441736850164426e-06
6.571986104999999952e+03 1.570592839928645727e-03 2.590441736850164426e-06
6.579983075000000099e+03 1.574294981479830739e-03 2.590441736850164426e-06
6.587980045000000246e+03 1.584944367246743672e-03 2.590441736850164426e-06
6.595977015000000392e+03 1.602933037138707436e-03 2.590441736850164426e-06
6.603973985000000539e+03 1.612486783504117486e-03 2.590441736850164426e-06
6.611970954999999776e+03 1.618252767370581720e-03 2.590441736850164426e-06
6.619967924999999923e+03 1.595850504816192540e-03 2.590441736850164426e-06
6.627964895000000070e+03 1.577875052256424515e-03 2.590441736850164426e-06
6.635961865000000216e+03 1.552924271923424764e-03 2.590441736850164426e-06
6.643958834999999453e+03 1.518070764236568396e-03 2.590441736850164426e-06
6.651955804999999600e+03 1.497319625345425826e-03 2.590441736850164426e-06
6.659952774999999747e+03 1.476668478995219348e-03 2.590441736850164426e-06
6.667949744999999893e+03 1.450692160186894952e-03 2.590441736850164426e-06
6.675946715000000040e+03 1.439534271839184752e-03 2.590441736850164426e-06
6.683943685000000187e+03 1.425839882812226459e-03 2.590441736850164426e-06
6.691940655000000334e+03 1.400778826159547333e-03 2.590441736850164426e-06
6.699937624999999571e+03 1.397642307120798132e-03 2.590441736850164426e-06
6.707934594999999717e+03 1.392555084859322225e-03 2.590441736850164426e-06
6.715931564999999864e+03 1.382619455832935062e-03 2.590441736850164426e-06
6.723928535000000011e+03 1.375711498433327112e-03 2.590441736850164426e-06
6.731925505000000157e+03 1.367673995512771632e-03 2.590441736850164426e-06
6.739922474999999395e+03 1.367200297111034833e-03 2.590441736850164426e-06
6.747919444999999541e+03 1.357794381734466578e-03 2.590441736850164426e-06
6.755916414999999688e+03 1.359028477333038953e-03 2.590441736850164426e-06
6.763913384999999835e+03 1.354688084857796730e-03 2.590441736850164426e-06
6.771910354999999981e+03 1.350670942883663286e-03 2.590441736850164426e-06
6.779907325000000128e+03 1.348890876977809758e-03 2.590441736850164426e-06
6.787904295000000275e+03 1.337392639158028985e-03 2.590441736850164426e-06
6.795901264999999512e+03 1.336773537359208864e-03 2.590441736850164426e-06
6.803898234999999659e+03 1.337835945253077093e-03 2.590441736850164426e-06
6.811895204999999805e+03 1.332236531094209723e-03 2.590441736850164426e-06
6.819892174999999952e+03 1.327840427201461325e-03 2.590441736850164426e-06
6.827889145000000099e+03 1.325150652096069833e-03 2.590441736850164426e-06
6.835886114999999336e+03 1.320550124942344427e-03 2.590441736850164426e-06
6.843883084999999483e+03 1.315739220134979053e-03 2.590441736850164426e-06
6.851880054999999629e+03 1.310612094428412850e-03 2.590441736850164426e-06
6.859877024999999776e+03 1.308807605058620116e-03 2.590441736850164426e-06
6.867873994999999923e+03 1.306421097493424893e-03 2.590441736850164426e-06
6.875870965000000069e+03 1.303432644391627716e-03 2.590441736850164426e-06
6.883867935000000216e+03 1.300810105793426003e-03 2.590441736850164426e-06
6.891864904999999453e+03 1.289720582251602460e-03 2.590441736850164426e-06
6.899861874999999600e+03 1.288410946731571209e-03 2.590441736850164426e-06
6.907858844999999747e+03 1.284680481195854497e-03 2.590441736850164426e-06
6.915855814999999893e+03 1.279795716067725752e-03 2.590441736850164426e-06
6.923852784999999130e+03 1.279688659055571148e-03 2.590441736850164426e-06
6.931849754999999277e+03 1.279538967879202986e-03 2.590441736850164426e-06
6.939846724999999424e+03 1.272624314095820944e-03 2.590441736850164426e-06
6.947843694999999570e+03 1.270178557845553016e-03 2.590441736850164426e-06
6.955840664999999717e+03 1.267212994226824116e-03 2.590441736850164426e-06
6.963837634999999864e+03 1.256462308841523393e-03 2.590441736850164426e-06
6.971834605000000010e+03 1.251323365960395600e-03 2.590441736850164426e-06
6.979831575000000157e+03 1.249333439903393050e-03 2.590441736850164426e-06
6.987828544999999394e+03 1.253738203425261129e-03 2.590441736850164426e-06
6.995825514999999541e+03 1.244054745769606739e-03 2.590441736850164426e-06
