6.204125485000000481e+03 1.494735880603005086e-03 2.590441736850164426e-06
6.212122455000000627e+03 1.491293779320531374e-03 2.590441736850164426e-06
6.220119425000000774e+03 1.482282434749759110e-03 2.590441736850164426e-06
6.228116395000000011e+03 1.479391504510571380e-03 2.590441736850164426e-06
6.236113365000000158e+03 1.476106920676436380e-03 2.590441736850164426e-06
6.244110335000000305e+03 1.470526114249510238e-03 2.590441736850164426e-06
6.252107305000000451e+03 1.464372610408563565e-03 2.590441736850164426e-06
6.260104275000000598e+03 1.468774986518435683e-03 2.590441736850164426e-06
6.268101244999999835e+03 1.460439716017752475e-03 2.590441736850164426e-06
6.276098214999999982e+03 1.453807630844098199e-03 2.590441736850164426e-06
6.284095185000000129e+03 1.451647040909873716e-03 2.590441736850164426e-06
6.292092155000000275e+03 1.448304657413847186e-03 2.590441736850164426e-06
6.300089125000000422e+03 1.451096625345539700e-03 2.590441736850164426e-06
6.308086095000000569e+03 1.445061929434934703e-03 2.590441736850164426e-06
6.316083065000000715e+03 1.437292277288359761e-03 2.590441736850164426e-06
6.324080034999999953e+03 1.437829895511397085e-03 2.590441736850164426e-06
6.332077005000000099e+03 1.432635150950538989e-03 2.590441736850164426e-06
6.340073975000000246e+03 1.430849021165529712e-03 2.590441736850164426e-06
6.348070945000000393e+03 1.423463033903122092e-03 2.590441736850164426e-06
6.356067915000000539e+03 1.420053711949094194e-03 2.590441736850164426e-06
6.364064884999999776e+03 1.416011153412656282e-03 2.590441736850164426e-06
6.372061854999999923e+03 1.406743395377351531e-03 2.590441736850164426e-06
6.380058825000000070e+03 1.401716807479831163e-03 2.590441736850164426e-06
6.388055795000000217e+03 1.407511273269651877e-03 2.590441736850164426e-06
6.396052765000000363e+03 1.400137215816313254e-03 2.590441736850164426e-06
6.404049735000000510e+03 1.399169618425694572e-03 2.590441736850164426e-06
6.412046705000000657e+03 1.392755502493320469e-03 2.590441736850164426e-06
6.420043674999999894e+03 1.388549987997090380e-03 2.590441736850164426e-06
6.428040645000000040e+03 1.398725238471420097e-03 2.590441736850164426e-06
6.436037615000000187e+03 1.399453575541411126e-03 2.590441736850164426e-06
6.444034585000000334e+03 1.397553870453740283e-03 2.590441736850164426e-06
6.452031555000000481e+03 1.405985319540649587e-03 2.590441736850164426e-06
6.460028524999999718e+03 1.412771604469979661e-03 2.590441736850164426e-06
6.468025494999999864e+03 1.425352688182405982e-03 2.590441736850164426e-06
6.476022465000000011e+03 1.434730862450830317e-03 2.590441736850164426e-06
6.484019435000000158e+03 1.457438461506802094e-03 2.590441736850164426e-06
6.492016405000000304e+03 1.470713119612157647e-03 2.590441736850164426e-06
6.500013375000000451e+03 1.485896743337013475e-03 2.590441736850164426e-06
6.508010345000000598e+03 1.485398214883589842e-03 2.590441736850164426e-06
6.516007314999999835e+03 1.499474544368740178e-03 2.590441736850164426e-06
6.524004284999999982e+03 1.493459624281600956e-03 2.590441736850164426e-06
6.532001255000000128e+03 1.472956934451675418e-03 2.590441736850164426e-06
6.539998225000000275e+03 1.462281174305846403e-03 2.590441736850164426e-06
6.547995194999999512e+03 1.460821242658868211e-03 2.590441736850164426e-06
6.555992164999999659e+03 1.455942876165458545e-03 2.590441736850164426e-06
6.563989134999999806e+03 1.452715028688214170e-03 2.590441736850164426e-06
6.571986104999999952e+03 1.451501393636983692e-03 2.590441736850164426e-06
6.579983075000000099e+03 1.453800301609053588e-03 2.590441736850164426e-06
6.587980045000000246e+03 1.455820908238146180e-03 2.590441736850164426e-06
6.595977015000000392e+03 1.471587094684870516e-03 2.590441736850164426e-06
6.603973985000000539e+03 1.475954562440771932e-03 2.590441736850164426e-06
6.611970954999999776e+03 1.478359573486816248e-03 2.590441736850164426e-06
6.619967924999999923e+03 1.470306057086862581e-03 2.590441736850164426e-06
6.627964895000000070e+03 1.458814562037400462e-03 2.590441736850164426e-06
6.635961865000000216e+03 1.433098929784401435e-03 2.590441736850164426e-06
6.643958834999999453e+03 1.408245868055427695e-03 2.590441736850164426e-06
6.651955804999999600e+03 1.375841764648069732e-03 2.590441736850164426e-06
6.659952774999999747e+03 1.355449654208265575e-03 2.590441736850164426e-06
6.667949744999999893e+03 1.334371355408927760e-03 2.590441736850164426e-06
6.675946715000000040e+03 1.320767634113173680e-03 2.590441736850164426e-06
6.683943685000000187e+03 1.307412633072922844e-03 2.590441736850164426e-06
6.691940655000000334e+03 1.296833831315150889e-03 2.590441736850164426e-06
6.699937624999999571e+03 1.279314561764806476e-03 2.590441736850164426e-06
6.707934594999999717e+03 1.275269375523716388e-03 2.590441736850164426e-06
6.715931564999999864e+03 1.268680490815915149e-03 2.590441736850164426e-06
6.723928535000000011e+03 1.259972212209867345e-03 2.590441736850164426e-06
6.731925505000000157e+03 1.253116628570567857e-03 2.590441736850164426e-06
6.739922474999999395e+03 1.252356103124060548e-03 2.590441736850164426e-06
6.747919444999999541e+03 1.243920898058408810e-03 2.590441736850164426e-06
6.755916414999999688e+03 1.250478353465447412e-03 2.590441736850164426e-06
6.763913384999999835e+03 1.239283824228285978e-03 2.590441736850164426e-06
6.771910354999999981e+03 1.237004372129365181e-03 2.590441736850164426e-06
6.779907325000000128e+03 1.233510389546140082e-03 2.590441736850164426e-06
6.787904295000000275e+03 1.230758494664672921e-03 2.590441736850164426e-06
6.795901264999999512e+03 1.224263992595497072e-03 2.590441736850164426e-06
6.803898234999999659e+03 1.225252155761521328e-03 2.590441736850164426e-06
6.811895204999999805e+03 1.222352645930855145e-03 2.590441736850164426e-06
6.819892174999999952e+03 1.219464496678791809e-03 2.590441736850164426e-06
6.827889145000000099e+03 1.217255590682481212e-03 2.590441736850164426e-06
6.835886114999999336e+03 1.208798677942587128e-03 2.590441736850164426e-06
6.843883084999999483e+03 1.206509430577026865e-03 2.590441736850164426e-06
6.851880054999999629e+03 1.203617121945335265e-03 2.590441736850164426e-06
6.859877024999999776e+03 1.202037060007010846e-03 2.590441736850164426e-06
6.867873994999999923e+03 1.197710356576061914e-03 2.590441736850164426e-06
6.875870965000000069e+03 1.192446590843806824e-03 2.590441736850164426e-06
6.883867935000000216e+03 1.189345934489339281e-03 2.590441736850164426e-06
6.891864904999999453e+03 1.182559738090598533e-03 2.590441736850164426e-06
6.899861874999999600e+03 1.179850877488761423e-03 2.590441736850164426e-06
6.907858844999999747e+03 1.176672072273116229e-03 2.590441736850164426e-06
6.915855814999999893e+03 1.175828735839617176e-03 2.590441736850164426e-06
6.923852784999999130e+03 1.170778792864533499e-03 2.590441736850164426e-06
6.931849754999999277e+03 1.166528738379827993e-03 2.590441736850164426e-06
6.939846724999999424e+03 1.167122622898630066e-03 2.590441736850164426e-06
6.947843694999999570e+03 1.162631594464663166e-03 2.590441736850164426e-06
6.955840664999999717e+03 1.161838276858205956e-03 2.590441736850164426e-06
6.963837634999999864e+03 1.152101150886428995e-03 2.590441736850164426e-06
6.971834605000000010e+03 1.147861013587061618e-03 2.590441736850164426e-06
6.979831575000000157e+03 1.144790665008321110e-03 2.590441736850164426e-06
6.987828544999999394e+03 1.143817234573574421e-03 2.590441736850164426e-06
6.995825514999999541e+03 1.141492819456887790e-03 2.590441736850164426e-06
