6.204125485000000481e+03 1.624721362282348629e-03 2.590441736850164426e-06
6.212122455000000627e+03 1.625723163804395103e-03 2.590441736850164426e-06
6.220119425000000774e+03 1.621010511856834681e-03 2.590441736850164426e-06
6.228116395000000011e+03 1.617998507120636332e-03 2.590441736850164426e-06
6.236113365000000158e+03 1.615794636086287199e-03 2.590441736850164426e-06
6.244110335000000305e+03 1.613034309490897706e-03 2.590441736850164426e-06
6.252107305000000451e+03 1.612987365053744366e-03 2.590441736850164426e-06
6.260104275000000598e+03 1.605643273224982917e-03 2.590441736850164426e-06
6.268101244999999835e+03 1.598483898749695695e-03 2.590441736850164426e-06
6.276098214999999982e+03 1.595219986672098559e-03 2.590441736850164426e-06
6.284095185000000129e+03 1.587361963279295329e-03 2.590441736850164426e-06
6.292092155000000275e+03 1.585709657959245931e-03 2.590441736850164426e-06
6.300089125000000422e+03 1.583044274312574856e-03 2.590441736850164426e-06
6.308086095000000569e+03 1.578550448019273335e-03 2.590441736850164426e-06
6.316083065000000715e+03 1.578563307812218481e-03 2.590441736850164426e-06
6.324080034999999953e+03 1.568131357231468317e-03 2.590441736850164426e-06
6.332077005000000099e+03 1.565584001310254061e-03 2.590441736850164426e-06
6.340073975000000246e+03 1.561659641214771131e-03 2.590441736850164426e-06
6.348070945000000393e+03 1.557307585673439396e-03 2.590441736850164426e-06
6.356067915000000539e+03 1.557204427786246714e-03 2.590441736850164426e-06
6.364064884999999776e+03 1.547648281842535414e-03 2.590441736850164426e-06
6.372061854999999923e+03 1.542860467826924400e-03 2.590441736850164426e-06
6.380058825000000070e+03 1.539893043438394669e-03 2.590441736850164426e-06
6.388055795000000217e+03 1.537044023934730063e-03 2.590441736850164426e-06
6.396052765000000363e+03 1.535897728120985640e-03 2.590441736850164426e-06
6.404049735000000510e+03 1.527743031925719256e-03 2.590441736850164426e-06
6.412046705000000657e+03 1.529353657627187954e-03 2.590441736850164426e-06
6.420043674999999894e+03 1.525576189312479597e-03 2.590441736850164426e-06
6.428040645000000040e+03 1.530069249573526562e-03 2.590441736850164426e-06
6.436037615000000187e+03 1.529958256766304932e-03 2.590441736850164426e-06
6.444034585000000334e+03 1.534208277196268989e-03 2.590441736850164426e-06
6.452031555000000481e+03 1.534006827606554770e-03 2.590441736850164426e-06
6.460028524999999718e+03 1.539859796358184667e-03 2.590441736850164426e-06
6.468025494999999864e+03 1.553296557058176297e-03 2.590441736850164426e-06
6.476022465000000011e+03 1.568554489028249751e-03 2.590441736850164426e-06
6.484019435000000158e+03 1.577798096621452640e-03 2.590441736850164426e-06
6.492016405000000304e+03 1.595790652430055436e-03 2.590441736850164426e-06
6.500013375000000451e+03 1.605896799298508560e-03 2.590441736850164426e-06
6.508010345000000598e+03 1.626993991568643789e-03 2.590441736850164426e-06
6.516007314999999835e+03 1.632079906093706614e-03 2.590441736850164426e-06
6.524004284999999982e+03 1.623188996185585863e-03 2.590441736850164426e-06
6.532001255000000128e+03 1.605651153185269414e-03 2.590441736850164426e-06
6.539998225000000275e+03 1.594583309819539709e-03 2.590441736850164426e-06
6.547995194999999512e+03 1.588605584825199214e-03 2.590441736850164426e-06
6.555992164999999659e+03 1.581943853963221685e-03 2.590441736850164426e-06
6.563989134999999806e+03 1.588188440489742698e-03 2.590441736850164426e-06
6.571986104999999952e+03 1.582170368878371355e-03 2.590441736850164426e-06
6.579983075000000099e+03 1.584080976120068101e-03 2.590441736850164426e-06
6.587980045000000246e+03 1.587642593039605490e-03 2.590441736850164426e-06
6.595977015000000392e+03 1.614037138484011608e-03 2.590441736850164426e-06
6.603973985000000539e+03 1.615362384333192836e-03 2.590441736850164426e-06
6.611970954999999776e+03 1.618157478575864110e-03 2.590441736850164426e-06
6.619967924999999923e+03 1.606083983522617418e-03 2.590441736850164426e-06
6.627964895000000070e+03 1.579280595363394615e-03 2.590441736850164426e-06
6.635961865000000216e+03 1.554100022970215673e-03 2.590441736850164426e-06
6.643958834999999453e+03 1.528570366195431329e-03 2.590441736850164426e-06
6.651955804999999600e+03 1.505030974631105072e-03 2.590441736850164426e-06
6.659952774999999747e+03 1.472607246285593608e-03 2.590441736850164426e-06
6.667949744999999893e+03 1.452789250228747565e-03 2.590441736850164426e-06
6.675946715000000040e+03 1.445747995006801175e-03 2.590441736850164426e-06
6.683943685000000187e+03 1.428664648038080508e-03 2.590441736850164426e-06
6.691940655000000334e+03 1.413412656368500742e-03 2.590441736850164426e-06
6.699937624999999571e+03 1.399392121626891238e-03 2.590441736850164426e-06
6.707934594999999717e+03 1.393019939877538542e-03 2.590441736850164426e-06
6.715931564999999864e+03 1.382965558057418090e-03 2.590441736850164426e-06
6.723928535000000011e+03 1.379188390681983884e-03 2.590441736850164426e-06
6.731925505000000157e+03 1.376306747020748095e-03 2.590441736850164426e-06
6.739922474999999395e+03 1.365510749001990973e-03 2.590441736850164426e-06
6.747919444999999541e+03 1.361481863227497402e-03 2.590441736850164426e-06
6.755916414999999688e+03 1.362429199966748959e-03 2.590441736850164426e-06
6.763913384999999835e+03 1.360760504870184209e-03 2.590441736850164426e-06
6.771910354999999981e+03 1.355554550615785305e-03 2.590441736850164426e-06
6.779907325000000128e+03 1.352974826614344525e-03 2.590441736850164426e-06
6.787904295000000275e+03 1.352805786223827689e-03 2.590441736850164426e-06
6.795901264999999512e+03 1.342783661309052828e-03 2.590441736850164426e-06
6.803898234999999659e+03 1.343355219496547744e-03 2.590441736850164426e-06
6.811895204999999805e+03 1.334309466265034714e-03 2.590441736850164426e-06
6.819892174999999952e+03 1.332226479985994250e-03 2.590441736850164426e-06
6.827889145000000099e+03 1.328158076546197839e-03 2.590441736850164426e-06
6.835886114999999336e+03 1.324786376496735153e-03 2.590441736850164426e-06
6.843883084999999483e+03 1.319182837570597637e-03 2.590441736850164426e-06
6.851880054999999629e+03 1.319916358887851266e-03 2.590441736850164426e-06
6.859877024999999776e+03 1.313634019553949761e-03 2.590441736850164426e-06
6.867873994999999923e+03 1.313791121867527922e-03 2.590441736850164426e-06
6.875870965000000069e+03 1.306240897526140176e-03 2.590441736850164426e-06
6.883867935000000216e+03 1.301413616165773965e-03 2.590441736850164426e-06
6.891864904999999453e+03 1.300140316008770343e-03 2.590441736850164426e-06
6.899861874999999600e+03 1.293849182987650117e-03 2.590441736850164426e-06
6.907858844999999747e+03 1.291101467778276411e-03 2.590441736850164426e-06
6.915855814999999893e+03 1.288035323329941471e-03 2.590441736850164426e-06
6.923852784999999130e+03 1.284108471340667185e-03 2.590441736850164426e-06
6.931849754999999277e+03 1.282675695315317523e-03 2.590441736850164426e-06
6.939846724999999424e+03 1.276976790042696824e-03 2.590441736850164426e-06
6.947843694999999570e+03 1.272772690262673548e-03 2.590441736850164426e-06
6.955840664999999717e+03 1.271462938756510574e-03 2.590441736850164426e-06
6.963837634999999864e+03 1.261530704793603977e-03 2.590441736850164426e-06
6.971834605000000010e+03 1.260874727981598116e-03 2.590441736850164426e-06
6.979831575000000157e+03 1.255450623936928134e-03 2.590441736850164426e-06
6.987828544999999394e+03 1.251559477059038718e-03 2.590441736850164426e-06
6.995825514999999541e+03 1.248236657823386482e-03 2.590441736850164426e-06
