6.204125485000000481e+03 1.938302064215035887e-03 2.590441736850164426e-06
6.212122455000000627e+03 1.929736345820947871e-03 2.590441736850164426e-06
6.220119425000000774e+03 1.922960606373976238e-03 2.590441736850164426e-06
6.228116395000000011e+03 1.921039488946089165e-03 2.590441736850164426e-06
6.236113365000000158e+03 1.914517053957485960e-03 2.590441736850164426e-06
6.244110335000000305e+03 1.912696712480728249e-03 2.590441736850164426e-06
6.252107305000000451e+03 1.907328018382440770e-03 2.590441736850164426e-06
6.260104275000000598e+03 1.904022341057052614e-03 2.590441736850164426e-06
6.268101244999999835e+03 1.895433416731956422e-03 2.590441736850164426e-06
6.276098214999999982e+03 1.892977152209434624e-03 2.590441736850164426e-06
6.284095185000000129e+03 1.887175269375904879e-03 2.590441736850164426e-06
6.292092155000000275e+03 1.883002232138970312e-03 2.590441736850164426e-06
6.300089125000000422e+03 1.879104334136228165e-03 2.590441736850164426e-06
6.308086095000000569e+03 1.871054713936115338e-03 2.590441736850164426e-06
6.316083065000000715e+03 1.869866799477767167e-03 2.590441736850164426e-06
6.324080034999999953e+03 1.866114669589508937e-03 2.590441736850164426e-06
6.332077005000000099e+03 1.858101479365933907e-03 2.590441736850164426e-06
6.340073975000000246e+03 1.854053837029475934e-03 2.590441736850164426e-06
6.348070945000000393e+03 1.843390859120320980e-03 2.590441736850164426e-06
6.356067915000000539e+03 1.844682663365460051e-03 2.590441736850164426e-06
6.364064884999999776e+03 1.838436548442274818e-03 2.590441736850164426e-06
6.372061854999999923e+03 1.829800247299178447e-03 2.590441736850164426e-06
6.380058825000000070e+03 1.828590470375118576e-03 2.590441736850164426e-06
6.388055795000000217e+03 1.826961686073687655e-03 2.590441736850164426e-06
6.396052765000000363e+03 1.816482674488542831e-03 2.590441736850164426e-06
6.404049735000000510e+03 1.820286004206694624e-03 2.590441736850164426e-06
6.412046705000000657e+03 1.820005067657637712e-03 2.590441736850164426e-06
6.420043674999999894e+03 1.811262961374309919e-03 2.590441736850164426e-06
6.428040645000000040e+03 1.813726474204456615e-03 2.590441736850164426e-06
6.436037615000000187e+03 1.814063545022977795e-03 2.590441736850164426e-06
6.444034585000000334e+03 1.815553478876303327e-03 2.590441736850164426e-06
6.452031555000000481e+03 1.817479804851498265e-03 2.590441736850164426e-06
6.460028524999999718e+03 1.817793003040343641e-03 2.590441736850164426e-06
6.468025494999999864e+03 1.829122036705874534e-03 2.590441736850164426e-06
6.476022465000000011e+03 1.843758877630504757e-03 2.590441736850164426e-06
6.484019435000000158e+03 1.860795366170775933e-03 2.590441736850164426e-06
6.492016405000000304e+03 1.871219226391612625e-03 2.590441736850164426e-06
6.500013375000000451e+03 1.887792940002341489e-03 2.590441736850164426e-06
6.508010345000000598e+03 1.896275963247095585e-03 2.590441736850164426e-06
6.516007314999999835e+03 1.896858469065048269e-03 2.590441736850164426e-06
6.524004284999999982e+03 1.892166777232783806e-03 2.590441736850164426e-06
6.532001255000000128e+03 1.873425935661338082e-03 2.590441736850164426e-06
6.539998225000000275e+03 1.861500163061341646e-03 2.590441736850164426e-06
6.547995194999999512e+03 1.856581674088410251e-03 2.590441736850164426e-06
6.555992164999999659e+03 1.847074705026416352e-03 2.590441736850164426e-06
6.563989134999999806e+03 1.843359063538770742e-03 2.590441736850164426e-06
6.571986104999999952e+03 1.844618867239226955e-03 2.590441736850164426e-06
6.579983075000000099e+03 1.842485076949454230e-03 2.590441736850164426e-06
6.587980045000000246e+03 1.843945190386538611e-03 2.590441736850164426e-06
6.595977015000000392e+03 1.865165422392151646e-03 2.590441736850164426e-06
6.603973985000000539e+03 1.873673067417460682e-03 2.590441736850164426e-06
6.611970954999999776e+03 1.874075712523601538e-03 2.590441736850164426e-06
6.619967924999999923e+03 1.858905715656735801e-03 2.590441736850164426e-06
6.627964895000000070e+03 1.845033657634076582e-03 2.590441736850164426e-06
6.635961865000000216e+03 1.820725251608356363e-03 2.590441736850164426e-06
6.643958834999999453e+03 1.796196069457560484e-03 2.590441736850164426e-06
6.651955804999999600e+03 1.763558464014765769e-03 2.590441736850164426e-06
6.659952774999999747e+03 1.736666496356425136e-03 2.590441736850164426e-06
6.667949744999999893e+03 1.718316618609642141e-03 2.590441736850164426e-06
6.675946715000000040e+03 1.701767909734166768e-03 2.590441736850164426e-06
6.683943685000000187e+03 1.693070350476195886e-03 2.590441736850164426e-06
6.691940655000000334e+03 1.677952234728090396e-03 2.590441736850164426e-06
6.699937624999999571e+03 1.666481790582706544e-03 2.590441736850164426e-06
6.707934594999999717e+03 1.655578551223416735e-03 2.590441736850164426e-06
6.715931564999999864e+03 1.644809098319854109e-03 2.590441736850164426e-06
6.723928535000000011e+03 1.639495521775476486e-03 2.590441736850164426e-06
6.731925505000000157e+03 1.627191489082687381e-03 2.590441736850164426e-06
6.739922474999999395e+03 1.628181979287615438e-03 2.590441736850164426e-06
6.747919444999999541e+03 1.620029997606008479e-03 2.590441736850164426e-06
6.755916414999999688e+03 1.613485847671854156e-03 2.590441736850164426e-06
6.763913384999999835e+03 1.611985567674165077e-03 2.590441736850164426e-06
6.771910354999999981e+03 1.605235196378728595e-03 2.590441736850164426e-06
6.779907325000000128e+03 1.602279366257561245e-03 2.590441736850164426e-06
6.787904295000000275e+03 1.599681160941418545e-03 2.590441736850164426e-06
6.795901264999999512e+03 1.597379391784004010e-03 2.590441736850164426e-06
6.803898234999999659e+03 1.586978311370095679e-03 2.590441736850164426e-06
6.811895204999999805e+03 1.583920584780505432e-03 2.590441736850164426e-06
6.819892174999999952e+03 1.585604454645282799e-03 2.590441736850164426e-06
6.827889145000000099e+03 1.572561542407339844e-03 2.590441736850164426e-06
6.835886114999999336e+03 1.572709538772591904e-03 2.590441736850164426e-06
6.843883084999999483e+03 1.566383179220698363e-03 2.590441736850164426e-06
6.851880054999999629e+03 1.564112082388547905e-03 2.590441736850164426e-06
6.859877024999999776e+03 1.556045572775756770e-03 2.590441736850164426e-06
6.867873994999999923e+03 1.551960525620414396e-03 2.590441736850164426e-06
6.875870965000000069e+03 1.549041128056105566e-03 2.590441736850164426e-06
6.883867935000000216e+03 1.547729146322539230e-03 2.590441736850164426e-06
6.891864904999999453e+03 1.541373605047839049e-03 2.590441736850164426e-06
6.899861874999999600e+03 1.532188958857895510e-03 2.590441736850164426e-06
6.907858844999999747e+03 1.529240116119409730e-03 2.590441736850164426e-06
6.915855814999999893e+03 1.527022356663539906e-03 2.590441736850164426e-06
6.923852784999999130e+03 1.519076085314586839e-03 2.590441736850164426e-06
6.931849754999999277e+03 1.517170092115129954e-03 2.590441736850164426e-06
6.939846724999999424e+03 1.514727452305903018e-03 2.590441736850164426e-06
6.947843694999999570e+03 1.503395253824445655e-03 2.590441736850164426e-06
6.955840664999999717e+03 1.499635758713871491e-03 2.590441736850164426e-06
6.963837634999999864e+03 1.502909037191134476e-03 2.590441736850164426e-06
6.971834605000000010e+03 1.496184285359855766e-03 2.590441736850164426e-06
6.979831575000000157e+03 1.489429237331121132e-03 2.590441736850164426e-06
6.987828544999999394e+03 1.482428208780251378e-03 2.590441736850164426e-06
6.995825514999999541e+03 1.479062861354679811e-03 2.590441736850164426e-06
