6.204125485000000481e+03 1.428022912784446697e-03 2.590441736850164426e-06
6.212122455000000627e+03 1.426536691296353444e-03 2.590441736850164426e-06
6.220119425000000774e+03 1.419294676776092614e-03 2.590441736850164426e-06
6.228116395000000011e+03 1.419154264422214104e-03 2.590441736850164426e-06
6.236113365000000158e+03 1.410501433803896219e-03 2.590441736850164426e-06
6.244110335000000305e+03 1.413001025489514896e-03 2.590441736850164426e-06
6.252107305000000451e+03 1.405204102492818878e-03 2.590441736850164426e-06
6.260104275000000598e+03 1.404248734033054910e-03 2.590441736850164426e-06
6.268101244999999835e+03 1.400377942780922950e-03 2.590441736850164426e-06
6.276098214999999982e+03 1.393615811899789111e-03 2.590441736850164426e-06
6.284095185000000129e+03 1.392528930087925162e-03 2.590441736850164426e-06
6.292092155000000275e+03 1.390196595193512541e-03 2.590441736850164426e-06
6.300089125000000422e+03 1.389447588861360966e-03 2.590441736850164426e-06
6.308086095000000569e+03 1.383700774401735523e-03 2.590441736850164426e-06
6.316083065000000715e+03 1.380194036485694626e-03 2.590441736850164426e-06
6.324080034999999953e+03 1.369510740950522724e-03 2.590441736850164426e-06
6.332077005000000099e+03 1.366363093348386308e-03 2.590441736850164426e-06
6.340073975000000246e+03 1.364592504519160582e-03 2.590441736850164426e-06
6.348070945000000393e+03 1.360059859360999513e-03 2.590441736850164426e-06
6.356067915000000539e+03 1.355524298096730121e-03 2.590441736850164426e-06
6.364064884999999776e+03 1.355287104109630580e-03 2.590441736850164426e-06
6.372061854999999923e+03 1.343808510880510794e-03 2.590441736850164426e-06
6.380058825000000070e+03 1.345636722576215322e-03 2.590441736850164426e-06
6.388055795000000217e+03 1.345825575995036535e-03 2.590441736850164426e-06
6.396052765000000363e+03 1.335313623880161372e-03 2.590441736850164426e-06
6.404049735000000510e+03 1.337341709304627757e-03 2.590441736850164426e-06
6.412046705000000657e+03 1.337422113255414382e-03 2.590441736850164426e-06
6.420043674999999894e+03 1.333893167679771818e-03 2.590441736850164426e-06
6.428040645000000040e+03 1.340769592736710961e-03 2.590441736850164426e-06
6.436037615000000187e+03 1.338953298200777371e-03 2.590441736850164426e-06
6.444034585000000334e+03 1.341648561639787601e-03 2.590441736850164426e-06
6.452031555000000481e+03 1.342335986169660095e-03 2.590441736850164426e-06
6.460028524999999718e+03 1.357248214046122324e-03 2.590441736850164426e-06
6.468025494999999864e+03 1.365611978099151233e-03 2.590441736850164426e-06
6.476022465000000011e+03 1.375398699181046508e-03 2.590441736850164426e-06
6.484019435000000158e+03 1.392618044164345772e-03 2.590441736850164426e-06
6.492016405000000304e+03 1.411106645125113565e-03 2.590441736850164426e-06
6.500013375000000451e+03 1.419796794408762159e-03 2.590441736850164426e-06
6.508010345000000598e+03 1.430930919504305341e-03 2.590441736850164426e-06
6.516007314999999835e+03 1.429327973135403190e-03 2.590441736850164426e-06
6.524004284999999982e+03 1.428909213316401344e-03 2.590441736850164426e-06
6.532001255000000128e+03 1.411689476356704992e-03 2.590441736850164426e-06
6.539998225000000275e+03 1.397435878195379955e-03 2.590441736850164426e-06
6.547995194999999512e+03 1.402234453964391284e-03 2.590441736850164426e-06
6.555992164999999659e+03 1.390677313829510008e-03 2.590441736850164426e-06
6.563989134999999806e+03 1.387681804558591175e-03 2.590441736850164426e-06
6.571986104999999952e+03 1.389182107900520857e-03 2.590441736850164426e-06
6.579983075000000099e+03 1.395096125208054177e-03 2.590441736850164426e-06
6.587980045000000246e+03 1.401327583272369377e-03 2.590441736850164426e-06
6.595977015000000392e+03 1.406925132193449822e-03 2.590441736850164426e-06
6.603973985000000539e+03 1.420941856398619772e-03 2.590441736850164426e-06
6.611970954999999776e+03 1.426133686783591370e-03 2.590441736850164426e-06
6.619967924999999923e+03 1.413918442656721293e-03 2.590441736850164426e-06
6.627964895000000070e+03 1.397262128318419285e-03 2.590441736850164426e-06
6.635961865000000216e+03 1.375628252683316812e-03 2.590441736850164426e-06
6.643958834999999453e+03 1.354621600295530812e-03 2.590441736850164426e-06
6.651955804999999600e+03 1.323235441907228338e-03 2.590441736850164426e-06
6.659952774999999747e+03 1.301540106452203508e-03 2.590441736850164426e-06
6.667949744999999893e+03 1.275903607640404896e-03 2.590441736850164426e-06
6.675946715000000040e+03 1.261557928721056612e-03 2.590441736850164426e-06
6.683943685000000187e+03 1.253012305464368823e-03 2.590441736850164426e-06
6.691940655000000334e+03 1.238000214436089062e-03 2.590441736850164426e-06
6.699937624999999571e+03 1.225000685700773032e-03 2.590441736850164426e-06
6.707934594999999717e+03 1.218202406650828072e-03 2.590441736850164426e-06
6.715931564999999864e+03 1.207409362639224638e-03 2.590441736850164426e-06
6.723928535000000011e+03 1.198366230232704834e-03 2.590441736850164426e-06
6.731925505000000157e+03 1.196254922071590416e-03 2.590441736850164426e-06
6.739922474999999395e+03 1.194881018182634719e-03 2.590441736850164426e-06
6.747919444999999541e+03 1.192185391273416781e-03 2.590441736850164426e-06
6.755916414999999688e+03 1.186545922537712676e-03 2.590441736850164426e-06
6.763913384999999835e+03 1.186603112258414203e-03 2.590441736850164426e-06
6.771910354999999981e+03 1.186511283555729364e-03 2.590441736850164426e-06
6.779907325000000128e+03 1.182874066996175309e-03 2.590441736850164426e-06
6.787904295000000275e+03 1.175234382319366964e-03 2.590441736850164426e-06
6.795901264999999512e+03 1.172030618570248746e-03 2.590441736850164426e-06
6.803898234999999659e+03 1.166381558356180057e-03 2.590441736850164426e-06
6.811895204999999805e+03 1.169659881497433617e-03 2.590441736850164426e-06
6.819892174999999952e+03 1.162621701644765042e-03 2.590441736850164426e-06
6.827889145000000099e+03 1.158106113861262975e-03 2.590441736850164426e-06
6.835886114999999336e+03 1.158908783004211109e-03 2.590441736850164426e-06
6.843883084999999483e+03 1.152061231921954528e-03 2.590441736850164426e-06
6.851880054999999629e+03 1.151103457858475851e-03 2.590441736850164426e-06
6.859877024999999776e+03 1.150044230044398917e-03 2.590441736850164426e-06
6.867873994999999923e+03 1.146996665448126026e-03 2.590441736850164426e-06
6.875870965000000069e+03 1.142671602766015104e-03 2.590441736850164426e-06
6.883867935000000216e+03 1.137164775597919193e-03 2.590441736850164426e-06
6.891864904999999453e+03 1.133945889437586868e-03 2.590441736850164426e-06
6.899861874999999600e+03 1.134572364563833473e-03 2.590441736850164426e-06
6.907858844999999747e+03 1.125753046195644702e-03 2.590441736850164426e-06
6.915855814999999893e+03 1.127778821755891269e-03 2.590441736850164426e-06
6.923852784999999130e+03 1.120832107049556494e-03 2.590441736850164426e-06
6.931849754999999277e+03 1.116893977229649294e-03 2.590441736850164426e-06
6.939846724999999424e+03 1.115085963783438074e-03 2.590441736850164426e-06
6.947843694999999570e+03 1.111949883746610060e-03 2.590441736850164426e-06
6.955840664999999717e+03 1.112862194170971672e-03 2.590441736850164426e-06
6.963837634999999864e+03 1.104714639119289956e-03 2.590441736850164426e-06
6.971834605000000010e+03 1.102124050700473449e-03 2.590441736850164426e-06
6.979831575000000157e+03 1.102877137330030748e-03 2.590441736850164426e-06
6.987828544999999394e+03 1.095070513130276188e-03 2.590441736850164426e-06
6.995825514999999541e+03 1.095325060773805117e-03 2.590441736850164426e-06
