6.204125485000000481e+03 1.506555777083620892e-03 2.590441736850164426e-06
6.212122455000000627e+03 1.500919016940908393e-03 2.590441736850164426e-06
6.220119425000000774e+03 1.499743917900359666e-03 2.590441736850164426e-06
6.228116395000000011e+03 1.497067819960080448e-03 2.590441736850164426e-06
6.236113365000000158e+03 1.491353074840909461e-03 2.590441736850164426e-06
6.244110335000000305e+03 1.483771334581280915e-03 2.590441736850164426e-06
6.252107305000000451e+03 1.485203571006745620e-03 2.590441736850164426e-06
6.260104275000000598e+03 1.483397066662952082e-03 2.590441736850164426e-06
6.268101244999999835e+03 1.479838924953253126e-03 2.590441736850164426e-06
6.276098214999999982e+03 1.473438283241910052e-03 2.590441736850164426e-06
6.284095185000000129e+03 1.464985721971845834e-03 2.590441736850164426e-06
6.292092155000000275e+03 1.467410994852441468e-03 2.590441736850164426e-06
6.300089125000000422e+03 1.462665713976265191e-03 2.590441736850164426e-06
6.308086095000000569e+03 1.455989015648971466e-03 2.590441736850164426e-06
6.316083065000000715e+03 1.454947240204923714e-03 2.590441736850164426e-06
6.324080034999999953e+03 1.450784144857837632e-03 2.590441736850164426e-06
6.332077005000000099e+03 1.447766096108430746e-03 2.590441736850164426e-06
6.340073975000000246e+03 1.442403740767651734e-03 2.590441736850164426e-06
6.348070945000000393e+03 1.437417547878467065e-03 2.590441736850164426e-06
6.356067915000000539e+03 1.434537406669395259e-03 2.590441736850164426e-06
6.364064884999999776e+03 1.431209328274172295e-03 2.590441736850164426e-06
6.372061854999999923e+03 1.426246738944403217e-03 2.590441736850164426e-06
6.380058825000000070e+03 1.420813528836856621e-03 2.590441736850164426e-06
6.388055795000000217e+03 1.415794950264757891e-03 2.590441736850164426e-06
6.396052765000000363e+03 1.414618291162634666e-03 2.590441736850164426e-06
6.404049735000000510e+03 1.412440967907257431e-03 2.590441736850164426e-06
6.412046705000000657e+03 1.410503700395348507e-03 2.590441736850164426e-06
6.420043674999999894e+03 1.408784552312759061e-03 2.590441736850164426e-06
6.428040645000000040e+03 1.415288704302053099e-03 2.590441736850164426e-06
6.436037615000000187e+03 1.420674612832871497e-03 2.590441736850164426e-06
6.444034585000000334e+03 1.415400429680095792e-03 2.590441736850164426e-06
6.452031555000000481e+03 1.420159090885334246e-03 2.590441736850164426e-06
6.460028524999999718e+03 1.422957948114162569e-03 2.590441736850164426e-06
6.468025494999999864e+03 1.439819159992311018e-03 2.590441736850164426e-06
6.476022465000000011e+03 1.448253224622890857e-03 2.590441736850164426e-06
6.484019435000000158e+03 1.461339692719591408e-03 2.590441736850164426e-06
6.492016405000000304e+03 1.481414554331173319e-03 2.590441736850164426e-06
6.500013375000000451e+03 1.498862467029697578e-03 2.590441736850164426e-06
6.508010345000000598e+03 1.504632715387805957e-03 2.590441736850164426e-06
6.516007314999999835e+03 1.508529309738895329e-03 2.590441736850164426e-06
6.524004284999999982e+03 1.502225009021680583e-03 2.590441736850164426e-06
6.532001255000000128e+03 1.485357582805809555e-03 2.590441736850164426e-06
6.539998225000000275e+03 1.480112251727497361e-03 2.590441736850164426e-06
6.547995194999999512e+03 1.472381044333307245e-03 2.590441736850164426e-06
6.555992164999999659e+03 1.467697920258896442e-03 2.590441736850164426e-06
6.563989134999999806e+03 1.468756768869238123e-03 2.590441736850164426e-06
6.571986104999999952e+03 1.461892836572112374e-03 2.590441736850164426e-06
6.579983075000000099e+03 1.470811930943826838e-03 2.590441736850164426e-06
6.587980045000000246e+03 1.470126734220167722e-03 2.590441736850164426e-06
6.595977015000000392e+03 1.488619947724447150e-03 2.590441736850164426e-06
6.603973985000000539e+03 1.499865861113388894e-03 2.590441736850164426e-06
6.611970954999999776e+03 1.493195424121283345e-03 2.590441736850164426e-06
6.619967924999999923e+03 1.485069804637789009e-03 2.590441736850164426e-06
6.627964895000000070e+03 1.468429857137626762e-03 2.590441736850164426e-06
6.635961865000000216e+03 1.441111113314525209e-03 2.590441736850164426e-06
6.643958834999999453e+03 1.414570544359970488e-03 2.590441736850164426e-06
6.651955804999999600e+03 1.389043593309004536e-03 2.590441736850164426e-06
6.659952774999999747e+03 1.368961451466434252e-03 2.590441736850164426e-06
6.667949744999999893e+03 1.340769787386774173e-03 2.590441736850164426e-06
6.675946715000000040e+03 1.336970057465423304e-03 2.590441736850164426e-06
6.683943685000000187e+03 1.323457692752124000e-03 2.590441736850164426e-06
6.691940655000000334e+03 1.307591703469615984e-03 2.590441736850164426e-06
6.699937624999999571e+03 1.298517647275889688e-03 2.590441736850164426e-06
6.707934594999999717e+03 1.291473174639190926e-03 2.590441736850164426e-06
6.715931564999999864e+03 1.279846474400681347e-03 2.590441736850164426e-06
6.723928535000000011e+03 1.271435469708788154e-03 2.590441736850164426e-06
6.731925505000000157e+03 1.265631457053284026e-03 2.590441736850164426e-06
6.739922474999999395e+03 1.264003679326242699e-03 2.590441736850164426e-06
6.747919444999999541e+03 1.262367321634905257e-03 2.590441736850164426e-06
6.755916414999999688e+03 1.257402629412902569e-03 2.590441736850164426e-06
6.763913384999999835e+03 1.254480589824844439e-03 2.590441736850164426e-06
6.771910354999999981e+03 1.249530471653845318e-03 2.590441736850164426e-06
6.779907325000000128e+03 1.250011675784082213e-03 2.590441736850164426e-06
6.787904295000000275e+03 1.239642770869252980e-03 2.590441736850164426e-06
6.795901264999999512e+03 1.240053774925176404e-03 2.590441736850164426e-06
6.803898234999999659e+03 1.238256407504058571e-03 2.590441736850164426e-06
6.811895204999999805e+03 1.232444933568482360e-03 2.590441736850164426e-06
6.819892174999999952e+03 1.228152239065989811e-03 2.590441736850164426e-06
6.827889145000000099e+03 1.221033363206229690e-03 2.590441736850164426e-06
6.835886114999999336e+03 1.222514997829847461e-03 2.590441736850164426e-06
6.843883084999999483e+03 1.225550099944675096e-03 2.590441736850164426e-06
6.851880054999999629e+03 1.213625514642185065e-03 2.590441736850164426e-06
6.859877024999999776e+03 1.212000307861878972e-03 2.590441736850164426e-06
6.867873994999999923e+03 1.213976429754108676e-03 2.590441736850164426e-06
6.875870965000000069e+03 1.207318359754935020e-03 2.590441736850164426e-06
6.883867935000000216e+03 1.203351172605908372e-03 2.590441736850164426e-06
6.891864904999999453e+03 1.203433802308672036e-03 2.590441736850164426e-06
6.899861874999999600e+03 1.200146880598032886e-03 2.590441736850164426e-06
6.907858844999999747e+03 1.191087413526540446e-03 2.590441736850164426e-06
6.915855814999999893e+03 1.191460291982958082e-03 2.590441736850164426e-06
6.923852784999999130e+03 1.185595438795113100e-03 2.590441736850164426e-06
6.931849754999999277e+03 1.184810442128115052e-03 2.590441736850164426e-06
6.939846724999999424e+03 1.182559897914520642e-03 2.590441736850164426e-06
6.947843694999999570e+03 1.175503867745707155e-03 2.590441736850164426e-06
6.955840664999999717e+03 1.173078449518403761e-03 2.590441736850164426e-06
6.963837634999999864e+03 1.168406248771694305e-03 2.590441736850164426e-06
6.971834605000000010e+03 1.165232864409713933e-03 2.590441736850164426e-06
6.979831575000000157e+03 1.157001930317664651e-03 2.590441736850164426e-06
6.987828544999999394e+03 1.160974872370004740e-03 2.590441736850164426e-06
6.995825514999999541e+03 1.160251090208019387e-03 2.590441736850164426e-06
