6.204125485000000481e+03 1.056109314247136947e-03 2.590441736850164426e-06
6.212122455000000627e+03 1.046673506736309949e-03 2.590441736850164426e-06
6.220119425000000774e+03 1.041063828816005902e-03 2.590441736850164426e-06
6.228116395000000011e+03 1.045618075861281561e-03 2.590441736850164426e-06
6.236113365000000158e+03 1.043796325926371876e-03 2.590441736850164426e-06
6.244110335000000305e+03 1.036922001965438680e-03 2.590441736850164426e-06
6.252107305000000451e+03 1.035324886534932714e-03 2.590441736850164426e-06
6.260104275000000598e+03 1.034578878169508005e-03 2.590441736850164426e-06
6.268101244999999835e+03 1.030656615048860169e-03 2.590441736850164426e-06
6.276098214999999982e+03 1.022892095783528099e-03 2.590441736850164426e-06
6.284095185000000129e+03 1.025341951085941700e-03 2.590441736850164426e-06
6.292092155000000275e+03 1.020753243472778508e-03 2.590441736850164426e-06
6.300089125000000422e+03 1.020364151939181672e-03 2.590441736850164426e-06
6.308086095000000569e+03 1.016230281668730352e-03 2.590441736850164426e-06
6.316083065000000715e+03 1.015983847456668676e-03 2.590441736850164426e-06
6.324080034999999953e+03 1.010563334878106494e-03 2.590441736850164426e-06
6.332077005000000099e+03 1.014141651850693519e-03 2.590441736850164426e-06
6.340073975000000246e+03 1.007074475376690649e-03 2.590441736850164426e-06
6.348070945000000393e+03 1.000220089820320901e-03 2.590441736850164426e-06
6.356067915000000539e+03 9.974691439242693806e-04 2.590441736850164426e-06
6.364064884999999776e+03 9.950434917535165222e-04 2.590441736850164426e-06
6.372061854999999923e+03 9.916512608924249288e-04 2.590441736850164426e-06
6.380058825000000070e+03 9.891935400500474068e-04 2.590441736850164426e-06
6.388055795000000217e+03 9.857218387020318193e-04 2.590441736850164426e-06
6.396052765000000363e+03 9.803767808393096944e-04 2.590441736850164426e-06
6.404049735000000510e+03 9.794291386814922649e-04 2.590441736850164426e-06
6.412046705000000657e+03 9.795860714573827177e-04 2.590441736850164426e-06
6.420043674999999894e+03 9.738928731398769885e-04 2.590441736850164426e-06
6.428040645000000040e+03 9.774048240149897822e-04 2.590441736850164426e-06
6.436037615000000187e+03 9.842850407032724576e-04 2.590441736850164426e-06
6.444034585000000334e+03 9.878491193666607151e-04 2.590441736850164426e-06
6.452031555000000481e+03 9.962164483290965756e-04 2.590441736850164426e-06
6.460028524999999718e+03 1.004550674490840888e-03 2.590441736850164426e-06
6.468025494999999864e+03 1.014571407248894682e-03 2.590441736850164426e-06
6.476022465000000011e+03 1.034673774671630506e-03 2.590441736850164426e-06
6.484019435000000158e+03 1.043519985707582745e-03 2.590441736850164426e-06
6.492016405000000304e+03 1.060409720067314590e-03 2.590441736850164426e-06
6.500013375000000451e+03 1.074957031853238229e-03 2.590441736850164426e-06
6.508010345000000598e+03 1.091465976930732504e-03 2.590441736850164426e-06
6.516007314999999835e+03 1.101847833372190250e-03 2.590441736850164426e-06
6.524004284999999982e+03 1.093773529152030494e-03 2.590441736850164426e-06
6.532001255000000128e+03 1.071616031441681351e-03 2.590441736850164426e-06
6.539998225000000275e+03 1.067914149506902837e-03 2.590441736850164426e-06
6.547995194999999512e+03 1.061695153280022008e-03 2.590441736850164426e-06
6.555992164999999659e+03 1.057336610379054891e-03 2.590441736850164426e-06
6.563989134999999806e+03 1.053588501551093676e-03 2.590441736850164426e-06
6.571986104999999952e+03 1.054666356590490970e-03 2.590441736850164426e-06
6.579983075000000099e+03 1.058235864217998198e-03 2.590441736850164426e-06
6.587980045000000246e+03 1.060399440884806374e-03 2.590441736850164426e-06
6.595977015000000392e+03 1.075859274770177938e-03 2.590441736850164426e-06
6.603973985000000539e+03 1.086132180923927819e-03 2.590441736850164426e-06
6.611970954999999776e+03 1.090887786783698759e-03 2.590441736850164426e-06
6.619967924999999923e+03 1.077243630458579954e-03 2.590441736850164426e-06
6.627964895000000070e+03 1.072547425674385581e-03 2.590441736850164426e-06
6.635961865000000216e+03 1.050189338182303108e-03 2.590441736850164426e-06
6.643958834999999453e+03 1.021680660655526667e-03 2.590441736850164426e-06
6.651955804999999600e+03 9.967586378862977516e-04 2.590441736850164426e-06
6.659952774999999747e+03 9.673539665494547369e-04 2.590441736850164426e-06
6.667949744999999893e+03 9.464212411707418216e-04 2.590441736850164426e-06
6.675946715000000040e+03 9.332006875941238058e-04 2.590441736850164426e-06
6.683943685000000187e+03 9.253068407994213861e-04 2.590441736850164426e-06
6.691940655000000334e+03 9.078263376116015764e-04 2.590441736850164426e-06
6.699937624999999571e+03 8.999415666955156226e-04 2.590441736850164426e-06
6.707934594999999717e+03 8.924769329408108794e-04 2.590441736850164426e-06
6.715931564999999864e+03 8.915713748052745639e-04 2.590441736850164426e-06
6.723928535000000011e+03 8.804738012289283627e-04 2.590441736850164426e-06
6.731925505000000157e+03 8.804236088788673252e-04 2.590441736850164426e-06
6.739922474999999395e+03 8.774049657965717628e-04 2.590441736850164426e-06
6.747919444999999541e+03 8.756379778571609859e-04 2.590441736850164426e-06
6.755916414999999688e+03 8.705682566449357215e-04 2.590441736850164426e-06
6.763913384999999835e+03 8.753535123540680729e-04 2.590441736850164426e-06
6.771910354999999981e+03 8.718263804584928597e-04 2.590441736850164426e-06
6.779907325000000128e+03 8.691755094640299080e-04 2.590441736850164426e-06
6.787904295000000275e+03 8.682819565206260958e-04 2.590441736850164426e-06
6.795901264999999512e+03 8.691236599351518472e-04 2.590441736850164426e-06
6.803898234999999659e+03 8.605927837203512874e-04 2.590441736850164426e-06
6.811895204999999805e+03 8.608333784602718863e-04 2.590441736850164426e-06
6.819892174999999952e+03 8.607895838071668226e-04 2.590441736850164426e-06
6.827889145000000099e+03 8.535293326632269412e-04 2.590441736850164426e-06
6.835886114999999336e+03 8.508864753250588520e-04 2.590441736850164426e-06
6.843883084999999483e+03 8.526238537450768571e-04 2.590441736850164426e-06
6.851880054999999629e+03 8.473710276211166318e-04 2.590441736850164426e-06
6.859877024999999776e+03 8.467538870787658057e-04 2.590441736850164426e-06
6.867873994999999923e+03 8.459892158812424689e-04 2.590441736850164426e-06
6.875870965000000069e+03 8.436431465807875873e-04 2.590441736850164426e-06
6.883867935000000216e+03 8.400862953520093221e-04 2.590441736850164426e-06
6.891864904999999453e+03 8.384871195082111177e-04 2.590441736850164426e-06
6.899861874999999600e+03 8.317641529009668720e-04 2.590441736850164426e-06
6.907858844999999747e+03 8.368797356798289133e-04 2.590441736850164426e-06
6.915855814999999893e+03 8.249882079165000125e-04 2.590441736850164426e-06
6.923852784999999130e+03 8.247784806571864394e-04 2.590441736850164426e-06
6.931849754999999277e+03 8.250616702353856177e-04 2.590441736850164426e-06
6.939846724999999424e+03 8.178772434317279575e-04 2.590441736850164426e-06
6.947843694999999570e+03 8.247341658255212104e-04 2.590441736850164426e-06
6.955840664999999717e+03 8.182468149090643943e-04 2.590441736850164426e-06
6.963837634999999864e+03 8.121264350037088724e-04 2.590441736850164426e-06
6.971834605000000010e+03 8.120803338975638580e-04 2.590441736850164426e-06
6.979831575000000157e+03 8.050416674452154624e-04 2.590441736850164426e-06
6.987828544999999394e+03 8.027878845676305252e-04 2.590441736850164426e-06
6.995825514999999541e+03 8.028477800937117203e-04 2.590441736850164426e-06
