6.204125485000000481e+03 1.322239788061225227e-03 2.590441736850164426e-06
6.212122455000000627e+03 1.315655708920656329e-03 2.590441736850164426e-06
6.220119425000000774e+03 1.307112392098672138e-03 2.590441736850164426e-06
6.228116395000000011e+03 1.316227173602615248e-03 2.590441736850164426e-06
6.236113365000000158e+03 1.309430930490044923e-03 2.590441736850164426e-06
6.244110335000000305e+03 1.300939672095072176e-03 2.590441736850164426e-06
6.252107305000000451e+03 1.299211838880639635e-03 2.590441736850164426e-06
6.260104275000000598e+03 1.300740963037641485e-03 2.590441736850164426e-06
6.268101244999999835e+03 1.288833860658992938e-03 2.590441736850164426e-06
6.276098214999999982e+03 1.291104186684817294e-03 2.590441736850164426e-06
6.284095185000000129e+03 1.283548885096830270e-03 2.590441736850164426e-06
6.292092155000000275e+03 1.279635067504006395e-03 2.590441736850164426e-06
6.300089125000000422e+03 1.282511477365978194e-03 2.590441736850164426e-06
6.308086095000000569e+03 1.277515357531544852e-03 2.590441736850164426e-06
6.316083065000000715e+03 1.276631513629568424e-03 2.590441736850164426e-06
6.324080034999999953e+03 1.263363568703247675e-03 2.590441736850164426e-06
6.332077005000000099e+03 1.269276973029844586e-03 2.590441736850164426e-06
6.340073975000000246e+03 1.264509008849101605e-03 2.590441736850164426e-06
6.348070945000000393e+03 1.254432372275055821e-03 2.590441736850164426e-06
6.356067915000000539e+03 1.256265964590741815e-03 2.590441736850164426e-06
6.364064884999999776e+03 1.251031538204872050e-03 2.590441736850164426e-06
6.372061854999999923e+03 1.243652529594523005e-03 2.590441736850164426e-06
6.380058825000000070e+03 1.248773422386732475e-03 2.590441736850164426e-06
6.388055795000000217e+03 1.246320574997343989e-03 2.590441736850164426e-06
6.396052765000000363e+03 1.240336638709119100e-03 2.590441736850164426e-06
6.404049735000000510e+03 1.238450385857192866e-03 2.590441736850164426e-06
6.412046705000000657e+03 1.240121675553662551e-03 2.590441736850164426e-06
6.420043674999999894e+03 1.240736314830811473e-03 2.590441736850164426e-06
6.428040645000000040e+03 1.243367476649801006e-03 2.590441736850164426e-06
6.436037615000000187e+03 1.242208775377665357e-03 2.590441736850164426e-06
6.444034585000000334e+03 1.239334833142045726e-03 2.590441736850164426e-06
6.452031555000000481e+03 1.247516026283354345e-03 2.590441736850164426e-06
6.460028524999999718e+03 1.253315020966922714e-03 2.590441736850164426e-06
6.468025494999999864e+03 1.268246433789777319e-03 2.590441736850164426e-06
6.476022465000000011e+03 1.277833250526901228e-03 2.590441736850164426e-06
6.484019435000000158e+03 1.290451532967998045e-03 2.590441736850164426e-06
6.492016405000000304e+03 1.311795651071006067e-03 2.590441736850164426e-06
6.500013375000000451e+03 1.318566279540146638e-03 2.590441736850164426e-06
6.508010345000000598e+03 1.330589093635078501e-03 2.590441736850164426e-06
6.516007314999999835e+03 1.343308409288619361e-03 2.590441736850164426e-06
6.524004284999999982e+03 1.340789772618672816e-03 2.590441736850164426e-06
6.532001255000000128e+03 1.331013819218392373e-03 2.590441736850164426e-06
6.539998225000000275e+03 1.309078871435039124e-03 2.590441736850164426e-06
6.547995194999999512e+03 1.306564768493926991e-03 2.590441736850164426e-06
6.555992164999999659e+03 1.300639384961134069e-03 2.590441736850164426e-06
6.563989134999999806e+03 1.299148761314754697e-03 2.590441736850164426e-06
6.571986104999999952e+03 1.302999364074930357e-03 2.590441736850164426e-06
6.579983075000000099e+03 1.305016422598612559e-03 2.590441736850164426e-06
6.587980045000000246e+03 1.307778098362151432e-03 2.590441736850164426e-06
6.595977015000000392e+03 1.327196857197437052e-03 2.590441736850164426e-06
6.603973985000000539e+03 1.337031769771252192e-03 2.590441736850164426e-06
6.611970954999999776e+03 1.334574932560647241e-03 2.590441736850164426e-06
6.619967924999999923e+03 1.315353211430459737e-03 2.590441736850164426e-06
6.627964895000000070e+03 1.297102136193885660e-03 2.590441736850164426e-06
6.635961865000000216e+03 1.274561867291125646e-03 2.590441736850164426e-06
6.643958834999999453e+03 1.253449724003513838e-03 2.590441736850164426e-06
6.651955804999999600e+03 1.228637902903464323e-03 2.590441736850164426e-06
6.659952774999999747e+03 1.209566360970974709e-03 2.590441736850164426e-06
6.667949744999999893e+03 1.182196198106481031e-03 2.590441736850164426e-06
6.675946715000000040e+03 1.173310946557673496e-03 2.590441736850164426e-06
6.683943685000000187e+03 1.162372747252311735e-03 2.590441736850164426e-06
6.691940655000000334e+03 1.146743873835926126e-03 2.590441736850164426e-06
6.699937624999999571e+03 1.136014057302748561e-03 2.590441736850164426e-06
6.707934594999999717e+03 1.133209607001141664e-03 2.590441736850164426e-06
6.715931564999999864e+03 1.118732233989884212e-03 2.590441736850164426e-06
6.723928535000000011e+03 1.116508596060116409e-03 2.590441736850164426e-06
6.731925505000000157e+03 1.110599320150844728e-03 2.590441736850164426e-06
6.739922474999999395e+03 1.107983189456117996e-03 2.590441736850164426e-06
6.747919444999999541e+03 1.104531100277993550e-03 2.590441736850164426e-06
6.755916414999999688e+03 1.100254080629058280e-03 2.590441736850164426e-06
6.763913384999999835e+03 1.095529235417746529e-03 2.590441736850164426e-06
6.771910354999999981e+03 1.096368643043178076e-03 2.590441736850164426e-06
6.779907325000000128e+03 1.093361249460164056e-03 2.590441736850164426e-06
6.787904295000000275e+03 1.085813611507030919e-03 2.590441736850164426e-06
6.795901264999999512e+03 1.084265508099049001e-03 2.590441736850164426e-06
6.803898234999999659e+03 1.085151629109021515e-03 2.590441736850164426e-06
6.811895204999999805e+03 1.081662412306901673e-03 2.590441736850164426e-06
6.819892174999999952e+03 1.076514994388953761e-03 2.590441736850164426e-06
6.827889145000000099e+03 1.078256743482433047e-03 2.590441736850164426e-06
6.835886114999999336e+03 1.069637806725470515e-03 2.590441736850164426e-06
6.843883084999999483e+03 1.069472243105200164e-03 2.590441736850164426e-06
6.851880054999999629e+03 1.064287230504411264e-03 2.590441736850164426e-06
6.859877024999999776e+03 1.058463170863942942e-03 2.590441736850164426e-06
6.867873994999999923e+03 1.056462725385691817e-03 2.590441736850164426e-06
6.875870965000000069e+03 1.055286461280071980e-03 2.590441736850164426e-06
6.883867935000000216e+03 1.053615654937705565e-03 2.590441736850164426e-06
6.891864904999999453e+03 1.053618322132204464e-03 2.590441736850164426e-06
6.899861874999999600e+03 1.043856281601031246e-03 2.590441736850164426e-06
6.907858844999999747e+03 1.046938080777027073e-03 2.590441736850164426e-06
6.915855814999999893e+03 1.043707469458631963e-03 2.590441736850164426e-06
6.923852784999999130e+03 1.038790366861052760e-03 2.590441736850164426e-06
6.931849754999999277e+03 1.031059496235047380e-03 2.590441736850164426e-06
6.939846724999999424e+03 1.028492589990947798e-03 2.590441736850164426e-06
6.947843694999999570e+03 1.028259423606233324e-03 2.590441736850164426e-06
6.955840664999999717e+03 1.023657670811224359e-03 2.590441736850164426e-06
6.963837634999999864e+03 1.019792532586374142e-03 2.590441736850164426e-06
6.971834605000000010e+03 1.019725716494180364e-03 2.590441736850164426e-06
6.979831575000000157e+03 1.017066540353355223e-03 2.590441736850164426e-06
6.987828544999999394e+03 1.011806564546196326e-03 2.590441736850164426e-06
6.995825514999999541e+03 1.010393607250804167e-03 2.590441736850164426e-06
