6.204125485000000481e+03 1.475971814733397468e-03 2.590441736850164426e-06
6.212122455000000627e+03 1.467449795420196733e-03 2.590441736850164426e-06
6.220119425000000774e+03 1.464737774629472139e-03 2.590441736850164426e-06
6.228116395000000011e+03 1.458886692221383896e-03 2.590441736850164426e-06
6.236113365000000158e+03 1.456169734382510746e-03 2.590441736850164426e-06
6.244110335000000305e+03 1.456261216756904670e-03 2.590441736850164426e-06
6.252107305000000451e+03 1.451347102391522962e-03 2.590441736850164426e-06
6.260104275000000598e+03 1.447588651803641312e-03 2.590441736850164426e-06
6.268101244999999835e+03 1.444525571752580499e-03 2.590441736850164426e-06
6.276098214999999982e+03 1.440085655876591122e-03 2.590441736850164426e-06
6.284095185000000129e+03 1.438783508227056696e-03 2.590441736850164426e-06
6.292092155000000275e+03 1.431788150639064835e-03 2.590441736850164426e-06
6.300089125000000422e+03 1.429417906033838333e-03 2.590441736850164426e-06
6.308086095000000569e+03 1.427578350410392419e-03 2.590441736850164426e-06
6.316083065000000715e+03 1.422389982941718936e-03 2.590441736850164426e-06
6.324080034999999953e+03 1.417099436062131072e-03 2.590441736850164426e-06
6.332077005000000099e+03 1.417003925410866439e-03 2.590441736850164426e-06
6.340073975000000246e+03 1.411513374781731564e-03 2.590441736850164426e-06
6.348070945000000393e+03 1.406887087427268878e-03 2.590441736850164426e-06
6.356067915000000539e+03 1.398234592538537486e-03 2.590441736850164426e-06
6.364064884999999776e+03 1.393591324537374419e-03 2.590441736850164426e-06
6.372061854999999923e+03 1.392401219946535085e-03 2.590441736850164426e-06
6.380058825000000070e+03 1.386354354027099101e-03 2.590441736850164426e-06
6.388055795000000217e+03 1.388412029848388194e-03 2.590441736850164426e-06
6.396052765000000363e+03 1.383269271929783283e-03 2.590441736850164426e-06
6.404049735000000510e+03 1.381189418168275729e-03 2.590441736850164426e-06
6.412046705000000657e+03 1.380058551462266889e-03 2.590441736850164426e-06
6.420043674999999894e+03 1.380862705660510772e-03 2.590441736850164426e-06
6.428040645000000040e+03 1.383357884323144649e-03 2.590441736850164426e-06
6.436037615000000187e+03 1.384197961985112000e-03 2.590441736850164426e-06
6.444034585000000334e+03 1.382156337647369752e-03 2.590441736850164426e-06
6.452031555000000481e+03 1.387572948653642080e-03 2.590441736850164426e-06
6.460028524999999718e+03 1.393439741864488466e-03 2.590441736850164426e-06
6.468025494999999864e+03 1.412690236644520035e-03 2.590441736850164426e-06
6.476022465000000011e+03 1.423344280913975456e-03 2.590441736850164426e-06
6.484019435000000158e+03 1.438253975181586972e-03 2.590441736850164426e-06
6.492016405000000304e+03 1.453459965654884658e-03 2.590441736850164426e-06
6.500013375000000451e+03 1.468788851182653392e-03 2.590441736850164426e-06
6.508010345000000598e+03 1.472443068451211425e-03 2.590441736850164426e-06
6.516007314999999835e+03 1.477873637799961273e-03 2.590441736850164426e-06
6.524004284999999982e+03 1.473643903798229574e-03 2.590441736850164426e-06
6.532001255000000128e+03 1.460848558081261810e-03 2.590441736850164426e-06
6.539998225000000275e+03 1.442813873958593250e-03 2.590441736850164426e-06
6.547995194999999512e+03 1.438669138669094495e-03 2.590441736850164426e-06
6.555992164999999659e+03 1.433084262939161163e-03 2.590441736850164426e-06
6.563989134999999806e+03 1.432331731504825475e-03 2.590441736850164426e-06
6.571986104999999952e+03 1.433123314896465146e-03 2.590441736850164426e-06
6.579983075000000099e+03 1.429950450645097989e-03 2.590441736850164426e-06
6.587980045000000246e+03 1.443250814920562760e-03 2.590441736850164426e-06
6.595977015000000392e+03 1.460127049831285448e-03 2.590441736850164426e-06
6.603973985000000539e+03 1.464906289231649025e-03 2.590441736850164426e-06
6.611970954999999776e+03 1.465199456111341766e-03 2.590441736850164426e-06
6.619967924999999923e+03 1.455956441049618922e-03 2.590441736850164426e-06
6.627964895000000070e+03 1.443382249703912493e-03 2.590441736850164426e-06
6.635961865000000216e+03 1.416397573277118497e-03 2.590441736850164426e-06
6.643958834999999453e+03 1.393447669258996010e-03 2.590441736850164426e-06
6.651955804999999600e+03 1.360593285046165276e-03 2.590441736850164426e-06
6.659952774999999747e+03 1.338439245329773068e-03 2.590441736850164426e-06
6.667949744999999893e+03 1.319923308156519155e-03 2.590441736850164426e-06
6.675946715000000040e+03 1.309966628823661192e-03 2.590441736850164426e-06
6.683943685000000187e+03 1.293768195849615650e-03 2.590441736850164426e-06
6.691940655000000334e+03 1.278307022166238907e-03 2.590441736850164426e-06
6.699937624999999571e+03 1.266049869599687825e-03 2.590441736850164426e-06
6.707934594999999717e+03 1.260532545505525705e-03 2.590441736850164426e-06
6.715931564999999864e+03 1.250036852854608709e-03 2.590441736850164426e-06
6.723928535000000011e+03 1.245539405344965210e-03 2.590441736850164426e-06
6.731925505000000157e+03 1.244810664878229353e-03 2.590441736850164426e-06
6.739922474999999395e+03 1.235782986165906904e-03 2.590441736850164426e-06
6.747919444999999541e+03 1.233963153007197871e-03 2.590441736850164426e-06
6.755916414999999688e+03 1.234561176082902504e-03 2.590441736850164426e-06
6.763913384999999835e+03 1.223306023115189409e-03 2.590441736850164426e-06
6.771910354999999981e+03 1.226727246072109026e-03 2.590441736850164426e-06
6.779907325000000128e+03 1.221068488101581355e-03 2.590441736850164426e-06
6.787904295000000275e+03 1.218898469077470820e-03 2.590441736850164426e-06
6.795901264999999512e+03 1.211475215054986674e-03 2.590441736850164426e-06
6.803898234999999659e+03 1.218040315178006618e-03 2.590441736850164426e-06
6.811895204999999805e+03 1.202845290291830850e-03 2.590441736850164426e-06
6.819892174999999952e+03 1.201698466312685907e-03 2.590441736850164426e-06
6.827889145000000099e+03 1.202194077758948331e-03 2.590441736850164426e-06
6.835886114999999336e+03 1.197432319698627607e-03 2.590441736850164426e-06
6.843883084999999483e+03 1.195568154730782158e-03 2.590441736850164426e-06
6.851880054999999629e+03 1.186668660519190222e-03 2.590441736850164426e-06
6.859877024999999776e+03 1.185022694756852728e-03 2.590441736850164426e-06
6.867873994999999923e+03 1.183821305653524241e-03 2.590441736850164426e-06
6.875870965000000069e+03 1.180662802314357820e-03 2.590441736850164426e-06
6.883867935000000216e+03 1.175159076637641818e-03 2.590441736850164426e-06
6.891864904999999453e+03 1.171579199710183570e-03 2.590441736850164426e-06
6.899861874999999600e+03 1.164928574845450725e-03 2.590441736850164426e-06
6.907858844999999747e+03 1.167636829963990003e-03 2.590441736850164426e-06
6.915855814999999893e+03 1.161328990055469131e-03 2.590441736850164426e-06
6.923852784999999130e+03 1.157199515044748852e-03 2.590441736850164426e-06
6.931849754999999277e+03 1.150252430714078381e-03 2.590441736850164426e-06
6.939846724999999424e+03 1.151932933609121478e-03 2.590441736850164426e-06
6.947843694999999570e+03 1.149496028491094101e-03 2.590441736850164426e-06
6.955840664999999717e+03 1.143505282533278196e-03 2.590441736850164426e-06
6.963837634999999864e+03 1.143952295727281151e-03 2.590441736850164426e-06
6.971834605000000010e+03 1.134933240428156413e-03 2.590441736850164426e-06
6.979831575000000157e+03 1.133733477444661981e-03 2.590441736850164426e-06
6.987828544999999394e+03 1.128230239158555404e-03 2.590441736850164426e-06
6.995825514999999541e+03 1.132957201953948764e-03 2.590441736850164426e-06
