6.204125485000000481e+03 1.635499571310324030e-03 2.590441736850164426e-06
6.212122455000000627e+03 1.627631809641765783e-03 2.590441736850164426e-06
6.220119425000000774e+03 1.628201879821945461e-03 2.590441736850164426e-06
6.228116395000000011e+03 1.623987261852199559e-03 2.590441736850164426e-06
6.236113365000000158e+03 1.615617494239701213e-03 2.590441736850164426e-06
6.244110335000000305e+03 1.619342373499267932e-03 2.590441736850164426e-06
6.252107305000000451e+03 1.611551639171203941e-03 2.590441736850164426e-06
6.260104275000000598e+03 1.607331107528815967e-03 2.590441736850164426e-06
6.268101244999999835e+03 1.602452572853679509e-03 2.590441736850164426e-06
6.276098214999999982e+03 1.597026842820234915e-03 2.590441736850164426e-06
6.284095185000000129e+03 1.596644694493933861e-03 2.590441736850164426e-06
6.292092155000000275e+03 1.592064736976769998e-03 2.590441736850164426e-06
6.300089125000000422e+03 1.590640227403670483e-03 2.590441736850164426e-06
6.308086095000000569e+03 1.581704507813499333e-03 2.590441736850164426e-06
6.316083065000000715e+03 1.579302225148535976e-03 2.590441736850164426e-06
6.324080034999999953e+03 1.571065140447003598e-03 2.590441736850164426e-06
6.332077005000000099e+03 1.569277283273020273e-03 2.590441736850164426e-06
6.340073975000000246e+03 1.568454165558604311e-03 2.590441736850164426e-06
6.348070945000000393e+03 1.559757874212068778e-03 2.590441736850164426e-06
6.356067915000000539e+03 1.557593600134912597e-03 2.590441736850164426e-06
6.364064884999999776e+03 1.551244671021298873e-03 2.590441736850164426e-06
6.372061854999999923e+03 1.546169575006369574e-03 2.590441736850164426e-06
6.380058825000000070e+03 1.541384055589245256e-03 2.590441736850164426e-06
6.388055795000000217e+03 1.534305014532063400e-03 2.590441736850164426e-06
6.396052765000000363e+03 1.533573837119381507e-03 2.590441736850164426e-06
6.404049735000000510e+03 1.530158615369429671e-03 2.590441736850164426e-06
6.412046705000000657e+03 1.532255346016901925e-03 2.590441736850164426e-06
6.420043674999999894e+03 1.528085752249029551e-03 2.590441736850164426e-06
6.428040645000000040e+03 1.529758195528837248e-03 2.590441736850164426e-06
6.436037615000000187e+03 1.534694325632702519e-03 2.590441736850164426e-06
6.444034585000000334e+03 1.536810241779482935e-03 2.590441736850164426e-06
6.452031555000000481e+03 1.539136819354575266e-03 2.590441736850164426e-06
6.460028524999999718e+03 1.545190159671415084e-03 2.590441736850164426e-06
6.468025494999999864e+03 1.555112956568386121e-03 2.590441736850164426e-06
6.476022465000000011e+03 1.572579536068182196e-03 2.590441736850164426e-06
6.484019435000000158e+03 1.578440127113155903e-03 2.590441736850164426e-06
6.492016405000000304e+03 1.594797157385871925e-03 2.590441736850164426e-06
6.500013375000000451e+03 1.607656779712567791e-03 2.590441736850164426e-06
6.508010345000000598e+03 1.632181733408095015e-03 2.590441736850164426e-06
6.516007314999999835e+03 1.641735716179466061e-03 2.590441736850164426e-06
6.524004284999999982e+03 1.631339246716778180e-03 2.590441736850164426e-06
6.532001255000000128e+03 1.608169488638703723e-03 2.590441736850164426e-06
6.539998225000000275e+03 1.594530386431903006e-03 2.590441736850164426e-06
6.547995194999999512e+03 1.589435697564347150e-03 2.590441736850164426e-06
6.555992164999999659e+03 1.586957322488489206e-03 2.590441736850164426e-06
6.563989134999999806e+03 1.586549751349363400e-03 2.590441736850164426e-06
6.571986104999999952e+03 1.586286037860350825e-03 2.590441736850164426e-06
6.579983075000000099e+03 1.583915442835997448e-03 2.590441736850164426e-06
6.587980045000000246e+03 1.589633392583660694e-03 2.590441736850164426e-06
6.595977015000000392e+03 1.612116836327811718e-03 2.590441736850164426e-06
6.603973985000000539e+03 1.621504927476690675e-03 2.590441736850164426e-06
6.611970954999999776e+03 1.622652043671059426e-03 2.590441736850164426e-06
6.619967924999999923e+03 1.607847950664706383e-03 2.590441736850164426e-06
6.627964895000000070e+03 1.584065863289762979e-03 2.590441736850164426e-06
6.635961865000000216e+03 1.558522394468943089e-03 2.590441736850164426e-06
6.643958834999999453e+03 1.529901051514278914e-03 2.590441736850164426e-06
6.651955804999999600e+03 1.500959137195236569e-03 2.590441736850164426e-06
6.659952774999999747e+03 1.474055217680999902e-03 2.590441736850164426e-06
6.667949744999999893e+03 1.454672182130051011e-03 2.590441736850164426e-06
6.675946715000000040e+03 1.447884457569374294e-03 2.590441736850164426e-06
6.683943685000000187e+03 1.432994548564138493e-03 2.590441736850164426e-06
6.691940655000000334e+03 1.418711479117975996e-03 2.590441736850164426e-06
6.699937624999999571e+03 1.400702541134962991e-03 2.590441736850164426e-06
6.707934594999999717e+03 1.394453664551415558e-03 2.590441736850164426e-06
6.715931564999999864e+03 1.382262318501931197e-03 2.590441736850164426e-06
6.723928535000000011e+03 1.382228747074427597e-03 2.590441736850164426e-06
6.731925505000000157e+03 1.373494181229180378e-03 2.590441736850164426e-06
6.739922474999999395e+03 1.372247374291877273e-03 2.590441736850164426e-06
6.747919444999999541e+03 1.363838978836791381e-03 2.590441736850164426e-06
6.755916414999999688e+03 1.365435329302708712e-03 2.590441736850164426e-06
6.763913384999999835e+03 1.355765898068238577e-03 2.590441736850164426e-06
6.771910354999999981e+03 1.359063400057301070e-03 2.590441736850164426e-06
6.779907325000000128e+03 1.355218738769017363e-03 2.590441736850164426e-06
6.787904295000000275e+03 1.349150333573602466e-03 2.590441736850164426e-06
6.795901264999999512e+03 1.345925525035715411e-03 2.590441736850164426e-06
6.803898234999999659e+03 1.348184556808407642e-03 2.590441736850164426e-06
6.811895204999999805e+03 1.338158471365277855e-03 2.590441736850164426e-06
6.819892174999999952e+03 1.332958589640129447e-03 2.590441736850164426e-06
6.827889145000000099e+03 1.328534830315056432e-03 2.590441736850164426e-06
6.835886114999999336e+03 1.322903646576634087e-03 2.590441736850164426e-06
6.843883084999999483e+03 1.324749529097971881e-03 2.590441736850164426e-06
6.851880054999999629e+03 1.320082026062591087e-03 2.590441736850164426e-06
6.859877024999999776e+03 1.313692174364097147e-03 2.590441736850164426e-06
6.867873994999999923e+03 1.308006524757547541e-03 2.590441736850164426e-06
6.875870965000000069e+03 1.302262726718535386e-03 2.590441736850164426e-06
6.883867935000000216e+03 1.305888183769634333e-03 2.590441736850164426e-06
6.891864904999999453e+03 1.301775969456248593e-03 2.590441736850164426e-06
6.899861874999999600e+03 1.297586819291749773e-03 2.590441736850164426e-06
6.907858844999999747e+03 1.293028736034031352e-03 2.590441736850164426e-06
6.915855814999999893e+03 1.288262598223978038e-03 2.590441736850164426e-06
6.923852784999999130e+03 1.283628600972244174e-03 2.590441736850164426e-06
6.931849754999999277e+03 1.283855925335583310e-03 2.590441736850164426e-06
6.939846724999999424e+03 1.279658742739015831e-03 2.590441736850164426e-06
6.947843694999999570e+03 1.273367131626148424e-03 2.590441736850164426e-06
6.955840664999999717e+03 1.270669075984195160e-03 2.590441736850164426e-06
6.963837634999999864e+03 1.268418650317247858e-03 2.590441736850164426e-06
6.971834605000000010e+03 1.259407408181561615e-03 2.590441736850164426e-06
6.979831575000000157e+03 1.260282501490996455e-03 2.590441736850164426e-06
6.987828544999999394e+03 1.250962974160063591e-03 2.590441736850164426e-06
6.995825514999999541e+03 1.250974306340890121e-03 2.590441736850164426e-06
