6.204125485000000481e+03 1.285485417276467776e-03 2.590441736850164426e-06
6.212122455000000627e+03 1.277134952693439194e-03 2.590441736850164426e-06
6.220119425000000774e+03 1.271955058578801276e-03 2.590441736850164426e-06
6.228116395000000011e+03 1.269572709120354295e-03 2.590441736850164426e-06
6.236113365000000158e+03 1.270770865530493256e-03 2.590441736850164426e-06
6.244110335000000305e+03 1.268562075281502591e-03 2.590441736850164426e-06
6.252107305000000451e+03 1.259009939449933814e-03 2.590441736850164426e-06
6.260104275000000598e+03 1.257969312501043329e-03 2.590441736850164426e-06
6.268101244999999835e+03 1.252377241892070007e-03 2.590441736850164426e-06
6.276098214999999982e+03 1.252193762794974723e-03 2.590441736850164426e-06
6.284095185000000129e+03 1.246395588851971275e-03 2.590441736850164426e-06
6.292092155000000275e+03 1.241910145669018447e-03 2.590441736850164426e-06
6.300089125000000422e+03 1.238240335144554080e-03 2.590441736850164426e-06
6.308086095000000569e+03 1.236316137463555620e-03 2.590441736850164426e-06
6.316083065000000715e+03 1.236273758455235872e-03 2.590441736850164426e-06
6.324080034999999953e+03 1.231214089266498279e-03 2.590441736850164426e-06
6.332077005000000099e+03 1.227977797915114945e-03 2.590441736850164426e-06
6.340073975000000246e+03 1.224548061989210422e-03 2.590441736850164426e-06
6.348070945000000393e+03 1.219490132548815397e-03 2.590441736850164426e-06
6.356067915000000539e+03 1.213390484812184493e-03 2.590441736850164426e-06
6.364064884999999776e+03 1.212695691615385584e-03 2.590441736850164426e-06
6.372061854999999923e+03 1.207934001040740111e-03 2.590441736850164426e-06
6.380058825000000070e+03 1.203685551629690405e-03 2.590441736850164426e-06
6.388055795000000217e+03 1.202688984301462753e-03 2.590441736850164426e-06
6.396052765000000363e+03 1.202924339960758943e-03 2.590441736850164426e-06
6.404049735000000510e+03 1.194128093523532481e-03 2.590441736850164426e-06
6.412046705000000657e+03 1.193527389089859940e-03 2.590441736850164426e-06
6.420043674999999894e+03 1.195410837280146089e-03 2.590441736850164426e-06
6.428040645000000040e+03 1.190016457003966474e-03 2.590441736850164426e-06
6.436037615000000187e+03 1.195776401342375089e-03 2.590441736850164426e-06
6.444034585000000334e+03 1.200665030739949280e-03 2.590441736850164426e-06
6.452031555000000481e+03 1.204989817541741830e-03 2.590441736850164426e-06
6.460028524999999718e+03 1.215728646338035514e-03 2.590441736850164426e-06
6.468025494999999864e+03 1.231359424812075287e-03 2.590441736850164426e-06
6.476022465000000011e+03 1.236741427164711775e-03 2.590441736850164426e-06
6.484019435000000158e+03 1.257836391008720868e-03 2.590441736850164426e-06
6.492016405000000304e+03 1.274046004114027077e-03 2.590441736850164426e-06
6.500013375000000451e+03 1.291385938766081726e-03 2.590441736850164426e-06
6.508010345000000598e+03 1.306204877156888402e-03 2.590441736850164426e-06
6.516007314999999835e+03 1.312299610886514829e-03 2.590441736850164426e-06
6.524004284999999982e+03 1.307405823312203117e-03 2.590441736850164426e-06
6.532001255000000128e+03 1.293139998579252714e-03 2.590441736850164426e-06
6.539998225000000275e+03 1.279833604813511959e-03 2.590441736850164426e-06
6.547995194999999512e+03 1.277549803282859936e-03 2.590441736850164426e-06
6.555992164999999659e+03 1.274237540578586131e-03 2.590441736850164426e-06
6.563989134999999806e+03 1.275849482587426090e-03 2.590441736850164426e-06
6.571986104999999952e+03 1.275692795407568731e-03 2.590441736850164426e-06
6.579983075000000099e+03 1.281377359712247829e-03 2.590441736850164426e-06
6.587980045000000246e+03 1.279170224223626475e-03 2.590441736850164426e-06
6.595977015000000392e+03 1.300883053863893237e-03 2.590441736850164426e-06
6.603973985000000539e+03 1.305557536546229479e-03 2.590441736850164426e-06
6.611970954999999776e+03 1.307803024470065040e-03 2.590441736850164426e-06
6.619967924999999923e+03 1.296393144868204740e-03 2.590441736850164426e-06
6.627964895000000070e+03 1.284045251860576817e-03 2.590441736850164426e-06
6.635961865000000216e+03 1.250806910593800156e-03 2.590441736850164426e-06
6.643958834999999453e+03 1.212458940348858268e-03 2.590441736850164426e-06
6.651955804999999600e+03 1.194226444992928628e-03 2.590441736850164426e-06
6.659952774999999747e+03 1.166503735311757604e-03 2.590441736850164426e-06
6.667949744999999893e+03 1.144300005649378105e-03 2.590441736850164426e-06
6.675946715000000040e+03 1.132422798248824145e-03 2.590441736850164426e-06
6.683943685000000187e+03 1.126162882011733394e-03 2.590441736850164426e-06
6.691940655000000334e+03 1.107824222085256960e-03 2.590441736850164426e-06
6.699937624999999571e+03 1.098094610884464955e-03 2.590441736850164426e-06
6.707934594999999717e+03 1.089319233221873939e-03 2.590441736850164426e-06
6.715931564999999864e+03 1.081648201270808555e-03 2.590441736850164426e-06
6.723928535000000011e+03 1.079326637198283097e-03 2.590441736850164426e-06
6.731925505000000157e+03 1.078074250513624431e-03 2.590441736850164426e-06
6.739922474999999395e+03 1.066596932907519198e-03 2.590441736850164426e-06
6.747919444999999541e+03 1.068826620604700593e-03 2.590441736850164426e-06
6.755916414999999688e+03 1.063322676370914580e-03 2.590441736850164426e-06
6.763913384999999835e+03 1.058720113845037104e-03 2.590441736850164426e-06
6.771910354999999981e+03 1.065319253900623734e-03 2.590441736850164426e-06
6.779907325000000128e+03 1.059309330582609929e-03 2.590441736850164426e-06
6.787904295000000275e+03 1.056598039008515774e-03 2.590441736850164426e-06
6.795901264999999512e+03 1.052277153463203850e-03 2.590441736850164426e-06
6.803898234999999659e+03 1.051423650206428310e-03 2.590441736850164426e-06
6.811895204999999805e+03 1.046399334131302645e-03 2.590441736850164426e-06
6.819892174999999952e+03 1.044258912265491612e-03 2.590441736850164426e-06
6.827889145000000099e+03 1.042719908952990243e-03 2.590441736850164426e-06
6.835886114999999336e+03 1.038439195941511005e-03 2.590441736850164426e-06
6.843883084999999483e+03 1.030123485081431596e-03 2.590441736850164426e-06
6.851880054999999629e+03 1.034163866800988894e-03 2.590441736850164426e-06
6.859877024999999776e+03 1.027542751551893847e-03 2.590441736850164426e-06
6.867873994999999923e+03 1.026790905655471922e-03 2.590441736850164426e-06
6.875870965000000069e+03 1.020625308789881516e-03 2.590441736850164426e-06
6.883867935000000216e+03 1.019261015040538948e-03 2.590441736850164426e-06
6.891864904999999453e+03 1.018675242376301891e-03 2.590441736850164426e-06
6.899861874999999600e+03 1.014424712307075618e-03 2.590441736850164426e-06
6.907858844999999747e+03 1.011587851409136108e-03 2.590441736850164426e-06
6.915855814999999893e+03 1.006834696026734149e-03 2.590441736850164426e-06
6.923852784999999130e+03 1.007009104096508439e-03 2.590441736850164426e-06
6.931849754999999277e+03 1.002929260872147512e-03 2.590441736850164426e-06
6.939846724999999424e+03 1.000701350791791122e-03 2.590441736850164426e-06
6.947843694999999570e+03 1.000927130834037594e-03 2.590441736850164426e-06
6.955840664999999717e+03 9.946039700626822452e-04 2.590441736850164426e-06
6.963837634999999864e+03 9.918987703958627271e-04 2.590441736850164426e-06
6.971834605000000010e+03 9.920562012979265189e-04 2.590441736850164426e-06
6.979831575000000157e+03 9.833599889120198199e-04 2.590441736850164426e-06
6.987828544999999394e+03 9.816690537050453032e-04 2.590441736850164426e-06
6.995825514999999541e+03 9.838531753556059318e-04 2.590441736850164426e-06
