6.204125485000000481e+03 1.588186719494801306e-03 2.590441736850164426e-06
6.212122455000000627e+03 1.584090029075465146e-03 2.590441736850164426e-06
6.220119425000000774e+03 1.579491617610082575e-03 2.590441736850164426e-06
6.228116395000000011e+03 1.571963577226926853e-03 2.590441736850164426e-06
6.236113365000000158e+03 1.573742374099705360e-03 2.590441736850164426e-06
6.244110335000000305e+03 1.567667873130505632e-03 2.590441736850164426e-06
6.252107305000000451e+03 1.565496821736266043e-03 2.590441736850164426e-06
6.260104275000000598e+03 1.560574318501263677e-03 2.590441736850164426e-06
6.268101244999999835e+03 1.559867306441180962e-03 2.590441736850164426e-06
6.276098214999999982e+03 1.549145209224178817e-03 2.590441736850164426e-06
6.284095185000000129e+03 1.548454397800503365e-03 2.590441736850164426e-06
6.292092155000000275e+03 1.544571196202367729e-03 2.590441736850164426e-06
6.300089125000000422e+03 1.541156952335938531e-03 2.590441736850164426e-06
6.308086095000000569e+03 1.536215476546708408e-03 2.590441736850164426e-06
6.316083065000000715e+03 1.533419585601361948e-03 2.590441736850164426e-06
6.324080034999999953e+03 1.530582835425210947e-03 2.590441736850164426e-06
6.332077005000000099e+03 1.521618951650658422e-03 2.590441736850164426e-06
6.340073975000000246e+03 1.521348906275833300e-03 2.590441736850164426e-06
6.348070945000000393e+03 1.520216758590023712e-03 2.590441736850164426e-06
6.356067915000000539e+03 1.513180346595277255e-03 2.590441736850164426e-06
6.364064884999999776e+03 1.510762969680853321e-03 2.590441736850164426e-06
6.372061854999999923e+03 1.508514944448635479e-03 2.590441736850164426e-06
6.380058825000000070e+03 1.500757148280889436e-03 2.590441736850164426e-06
6.388055795000000217e+03 1.500950053070590484e-03 2.590441736850164426e-06
6.396052765000000363e+03 1.496326683836451737e-03 2.590441736850164426e-06
6.404049735000000510e+03 1.494061894037197876e-03 2.590441736850164426e-06
6.412046705000000657e+03 1.495952646806392129e-03 2.590441736850164426e-06
6.420043674999999894e+03 1.494307558130118134e-03 2.590441736850164426e-06
6.428040645000000040e+03 1.501303360970611964e-03 2.590441736850164426e-06
6.436037615000000187e+03 1.501343214593769439e-03 2.590441736850164426e-06
6.444034585000000334e+03 1.501001025468090598e-03 2.590441736850164426e-06
6.452031555000000481e+03 1.501919378598539018e-03 2.590441736850164426e-06
6.460028524999999718e+03 1.504614537819151448e-03 2.590441736850164426e-06
6.468025494999999864e+03 1.514126516774740592e-03 2.590441736850164426e-06
6.476022465000000011e+03 1.522168655482938936e-03 2.590441736850164426e-06
6.484019435000000158e+03 1.533249085379485583e-03 2.590441736850164426e-06
6.492016405000000304e+03 1.560180491127636376e-03 2.590441736850164426e-06
6.500013375000000451e+03 1.567067434366726077e-03 2.590441736850164426e-06
6.508010345000000598e+03 1.574033991377055608e-03 2.590441736850164426e-06
6.516007314999999835e+03 1.577953284296299387e-03 2.590441736850164426e-06
6.524004284999999982e+03 1.572544825741516552e-03 2.590441736850164426e-06
6.532001255000000128e+03 1.554628950848087506e-03 2.590441736850164426e-06
6.539998225000000275e+03 1.541654714625481344e-03 2.590441736850164426e-06
6.547995194999999512e+03 1.532278177027626047e-03 2.590441736850164426e-06
6.555992164999999659e+03 1.531077549711496854e-03 2.590441736850164426e-06
6.563989134999999806e+03 1.529499725925316305e-03 2.590441736850164426e-06
6.571986104999999952e+03 1.526316534254983353e-03 2.590441736850164426e-06
6.579983075000000099e+03 1.529611539886812721e-03 2.590441736850164426e-06
6.587980045000000246e+03 1.531624613826916689e-03 2.590441736850164426e-06
6.595977015000000392e+03 1.543126794395710153e-03 2.590441736850164426e-06
6.603973985000000539e+03 1.556796933345119555e-03 2.590441736850164426e-06
6.611970954999999776e+03 1.562094651386733164e-03 2.590441736850164426e-06
6.619967924999999923e+03 1.544097207458780324e-03 2.590441736850164426e-06
6.627964895000000070e+03 1.534214591061044183e-03 2.590441736850164426e-06
6.635961865000000216e+03 1.507794656323444612e-03 2.590441736850164426e-06
6.643958834999999453e+03 1.494140846633653080e-03 2.590441736850164426e-06
6.651955804999999600e+03 1.456334935725542941e-03 2.590441736850164426e-06
6.659952774999999747e+03 1.443426540465413566e-03 2.590441736850164426e-06
6.667949744999999893e+03 1.427097364874279663e-03 2.590441736850164426e-06
6.675946715000000040e+03 1.416514641549429260e-03 2.590441736850164426e-06
6.683943685000000187e+03 1.403877486617274243e-03 2.590441736850164426e-06
6.691940655000000334e+03 1.386764740015270381e-03 2.590441736850164426e-06
6.699937624999999571e+03 1.378622611662339839e-03 2.590441736850164426e-06
6.707934594999999717e+03 1.367348719248374185e-03 2.590441736850164426e-06
6.715931564999999864e+03 1.354533288829261502e-03 2.590441736850164426e-06
6.723928535000000011e+03 1.340891477128051566e-03 2.590441736850164426e-06
6.731925505000000157e+03 1.340177985431410855e-03 2.590441736850164426e-06
6.739922474999999395e+03 1.335799675312372139e-03 2.590441736850164426e-06
6.747919444999999541e+03 1.328257070817797595e-03 2.590441736850164426e-06
6.755916414999999688e+03 1.326517601151766751e-03 2.590441736850164426e-06
6.763913384999999835e+03 1.319949158854684564e-03 2.590441736850164426e-06
6.771910354999999981e+03 1.319894615973227995e-03 2.590441736850164426e-06
6.779907325000000128e+03 1.317226516019480084e-03 2.590441736850164426e-06
6.787904295000000275e+03 1.308987826981811977e-03 2.590441736850164426e-06
6.795901264999999512e+03 1.307483875970507411e-03 2.590441736850164426e-06
6.803898234999999659e+03 1.301864926334902247e-03 2.590441736850164426e-06
6.811895204999999805e+03 1.299484581789271112e-03 2.590441736850164426e-06
6.819892174999999952e+03 1.296193687702518801e-03 2.590441736850164426e-06
6.827889145000000099e+03 1.295760884734549262e-03 2.590441736850164426e-06
6.835886114999999336e+03 1.291038521813859044e-03 2.590441736850164426e-06
6.843883084999999483e+03 1.285232934898187162e-03 2.590441736850164426e-06
6.851880054999999629e+03 1.283215489835805041e-03 2.590441736850164426e-06
6.859877024999999776e+03 1.275940804998618259e-03 2.590441736850164426e-06
6.867873994999999923e+03 1.269274086971042704e-03 2.590441736850164426e-06
6.875870965000000069e+03 1.272428512328258954e-03 2.590441736850164426e-06
6.883867935000000216e+03 1.263628897078027460e-03 2.590441736850164426e-06
6.891864904999999453e+03 1.260007869721272052e-03 2.590441736850164426e-06
6.899861874999999600e+03 1.263220039261848775e-03 2.590441736850164426e-06
6.907858844999999747e+03 1.257808067961943598e-03 2.590441736850164426e-06
6.915855814999999893e+03 1.247109443739853390e-03 2.590441736850164426e-06
6.923852784999999130e+03 1.251282428348683392e-03 2.590441736850164426e-06
6.931849754999999277e+03 1.245493691921656333e-03 2.590441736850164426e-06
6.939846724999999424e+03 1.241869294921140723e-03 2.590441736850164426e-06
6.947843694999999570e+03 1.240274066814838795e-03 2.590441736850164426e-06
6.955840664999999717e+03 1.233468590340219568e-03 2.590441736850164426e-06
6.963837634999999864e+03 1.229542236079315953e-03 2.590441736850164426e-06
6.971834605000000010e+03 1.227394857558760906e-03 2.590441736850164426e-06
6.979831575000000157e+03 1.220917703495519183e-03 2.590441736850164426e-06
6.987828544999999394e+03 1.218264221898736300e-03 2.590441736850164426e-06
6.995825514999999541e+03 1.211930370911826595e-03 2.590441736850164426e-06
