6.204125485000000481e+03 1.487892302325975443e-03 2.590441736850164426e-06
6.212122455000000627e+03 1.481631963879254370e-03 2.590441736850164426e-06
6.220119425000000774e+03 1.478273058392815323e-03 2.590441736850164426e-06
6.228116395000000011e+03 1.474398266347964111e-03 2.590441736850164426e-06
6.236113365000000158e+03 1.471172703552715627e-03 2.590441736850164426e-06
6.244110335000000305e+03 1.467334788256161558e-03 2.590441736850164426e-06
6.252107305000000451e+03 1.466335406949741517e-03 2.590441736850164426e-06
6.260104275000000598e+03 1.459963560599438718e-03 2.590441736850164426e-06
6.268101244999999835e+03 1.457110464246376977e-03 2.590441736850164426e-06
6.276098214999999982e+03 1.449260000856556103e-03 2.590441736850164426e-06
6.284095185000000129e+03 1.453086912564592170e-03 2.590441736850164426e-06
6.292092155000000275e+03 1.446051632932611334e-03 2.590441736850164426e-06
6.300089125000000422e+03 1.445395764729818676e-03 2.590441736850164426e-06
6.308086095000000569e+03 1.440293726347239775e-03 2.590441736850164426e-06
6.316083065000000715e+03 1.436704747547844175e-03 2.590441736850164426e-06
6.324080034999999953e+03 1.436023432946647964e-03 2.590441736850164426e-06
6.332077005000000099e+03 1.429897694411251660e-03 2.590441736850164426e-06
6.340073975000000246e+03 1.426368874926487503e-03 2.590441736850164426e-06
6.348070945000000393e+03 1.416343250161729902e-03 2.590441736850164426e-06
6.356067915000000539e+03 1.420209726711285300e-03 2.590441736850164426e-06
6.364064884999999776e+03 1.409450955381219908e-03 2.590441736850164426e-06
6.372061854999999923e+03 1.408302040778466272e-03 2.590441736850164426e-06
6.380058825000000070e+03 1.400164585608579173e-03 2.590441736850164426e-06
6.388055795000000217e+03 1.396586013268079785e-03 2.590441736850164426e-06
6.396052765000000363e+03 1.399236290112112601e-03 2.590441736850164426e-06
6.404049735000000510e+03 1.390695793626818078e-03 2.590441736850164426e-06
6.412046705000000657e+03 1.396573076256662788e-03 2.590441736850164426e-06
6.420043674999999894e+03 1.390949472617870452e-03 2.590441736850164426e-06
6.428040645000000040e+03 1.392079820824853025e-03 2.590441736850164426e-06
6.436037615000000187e+03 1.396398356144384250e-03 2.590441736850164426e-06
6.444034585000000334e+03 1.402173803144044807e-03 2.590441736850164426e-06
6.452031555000000481e+03 1.399093133709849741e-03 2.590441736850164426e-06
6.460028524999999718e+03 1.405310851763188519e-03 2.590441736850164426e-06
6.468025494999999864e+03 1.426564629130035134e-03 2.590441736850164426e-06
6.476022465000000011e+03 1.436771865588551671e-03 2.590441736850164426e-06
6.484019435000000158e+03 1.449601669305327321e-03 2.590441736850164426e-06
6.492016405000000304e+03 1.468341816579174682e-03 2.590441736850164426e-06
6.500013375000000451e+03 1.478891907528453184e-03 2.590441736850164426e-06
6.508010345000000598e+03 1.484581589880858794e-03 2.590441736850164426e-06
6.516007314999999835e+03 1.489637656263860998e-03 2.590441736850164426e-06
6.524004284999999982e+03 1.489368444027767057e-03 2.590441736850164426e-06
6.532001255000000128e+03 1.464968766509630593e-03 2.590441736850164426e-06
6.539998225000000275e+03 1.453344211267057311e-03 2.590441736850164426e-06
6.547995194999999512e+03 1.453386458966276313e-03 2.590441736850164426e-06
6.555992164999999659e+03 1.449840240590649816e-03 2.590441736850164426e-06
6.563989134999999806e+03 1.448878836249165849e-03 2.590441736850164426e-06
6.571986104999999952e+03 1.443905278156230139e-03 2.590441736850164426e-06
6.579983075000000099e+03 1.446452201274056864e-03 2.590441736850164426e-06
6.587980045000000246e+03 1.451725503205077714e-03 2.590441736850164426e-06
6.595977015000000392e+03 1.469836796011310875e-03 2.590441736850164426e-06
6.603973985000000539e+03 1.475333212773615029e-03 2.590441736850164426e-06
6.611970954999999776e+03 1.475947948969368604e-03 2.590441736850164426e-06
6.619967924999999923e+03 1.472376940431080082e-03 2.590441736850164426e-06
6.627964895000000070e+03 1.452216305161591840e-03 2.590441736850164426e-06
6.635961865000000216e+03 1.433757336531585498e-03 2.590441736850164426e-06
6.643958834999999453e+03 1.403389884157882654e-03 2.590441736850164426e-06
6.651955804999999600e+03 1.373023465925573856e-03 2.590441736850164426e-06
6.659952774999999747e+03 1.351323514920114120e-03 2.590441736850164426e-06
6.667949744999999893e+03 1.330124324798429491e-03 2.590441736850164426e-06
6.675946715000000040e+03 1.318444800751061591e-03 2.590441736850164426e-06
6.683943685000000187e+03 1.303131105526937139e-03 2.590441736850164426e-06
6.691940655000000334e+03 1.293129909812685977e-03 2.590441736850164426e-06
6.699937624999999571e+03 1.283093307510728811e-03 2.590441736850164426e-06
6.707934594999999717e+03 1.266363485261002772e-03 2.590441736850164426e-06
6.715931564999999864e+03 1.258633324485368800e-03 2.590441736850164426e-06
6.723928535000000011e+03 1.249307265949696358e-03 2.590441736850164426e-06
6.731925505000000157e+03 1.249390892491154727e-03 2.590441736850164426e-06
6.739922474999999395e+03 1.244827787982846724e-03 2.590441736850164426e-06
6.747919444999999541e+03 1.240882141682622892e-03 2.590441736850164426e-06
6.755916414999999688e+03 1.236718363215832776e-03 2.590441736850164426e-06
6.763913384999999835e+03 1.237166162455238111e-03 2.590441736850164426e-06
6.771910354999999981e+03 1.234170253815877532e-03 2.590441736850164426e-06
6.779907325000000128e+03 1.229898516892710160e-03 2.590441736850164426e-06
6.787904295000000275e+03 1.226485404716914527e-03 2.590441736850164426e-06
6.795901264999999512e+03 1.223331801178883897e-03 2.590441736850164426e-06
6.803898234999999659e+03 1.216398343062787641e-03 2.590441736850164426e-06
6.811895204999999805e+03 1.212670673390574098e-03 2.590441736850164426e-06
6.819892174999999952e+03 1.205342278382875434e-03 2.590441736850164426e-06
6.827889145000000099e+03 1.205418851572640946e-03 2.590441736850164426e-06
6.835886114999999336e+03 1.203506237424098631e-03 2.590441736850164426e-06
6.843883084999999483e+03 1.201525204283449694e-03 2.590441736850164426e-06
6.851880054999999629e+03 1.200781764200541980e-03 2.590441736850164426e-06
6.859877024999999776e+03 1.195655063598732946e-03 2.590441736850164426e-06
6.867873994999999923e+03 1.191425733644640777e-03 2.590441736850164426e-06
6.875870965000000069e+03 1.187493183950340606e-03 2.590441736850164426e-06
6.883867935000000216e+03 1.189504324968028047e-03 2.590441736850164426e-06
6.891864904999999453e+03 1.180949536372580180e-03 2.590441736850164426e-06
6.899861874999999600e+03 1.177944498255624906e-03 2.590441736850164426e-06
6.907858844999999747e+03 1.175294977322376361e-03 2.590441736850164426e-06
6.915855814999999893e+03 1.172323097497523581e-03 2.590441736850164426e-06
6.923852784999999130e+03 1.169845296221591613e-03 2.590441736850164426e-06
6.931849754999999277e+03 1.163748503779513371e-03 2.590441736850164426e-06
6.939846724999999424e+03 1.162116570972746444e-03 2.590441736850164426e-06
6.947843694999999570e+03 1.156801652634378451e-03 2.590441736850164426e-06
6.955840664999999717e+03 1.152658009358331799e-03 2.590441736850164426e-06
6.963837634999999864e+03 1.151516068637428421e-03 2.590441736850164426e-06
6.971834605000000010e+03 1.145415091401244968e-03 2.590441736850164426e-06
6.979831575000000157e+03 1.142666700783778961e-03 2.590441736850164426e-06
6.987828544999999394e+03 1.139746886570728581e-03 2.590441736850164426e-06
6.995825514999999541e+03 1.140332488022517991e-03 2.590441736850164426e-06
