6.204125485000000481e+03 1.485050094520199305e-03 2.590441736850164426e-06
6.212122455000000627e+03 1.484248952577944336e-03 2.590441736850164426e-06
6.220119425000000774e+03 1.477680092982795387e-03 2.590441736850164426e-06
6.228116395000000011e+03 1.475260850232702542e-03 2.590441736850164426e-06
6.236113365000000158e+03 1.467184696818450229e-03 2.590441736850164426e-06
6.244110335000000305e+03 1.466797254748785804e-03 2.590441736850164426e-06
6.252107305000000451e+03 1.463093588851379495e-03 2.590441736850164426e-06
6.260104275000000598e+03 1.462773425307696724e-03 2.590441736850164426e-06
6.268101244999999835e+03 1.459354403881210323e-03 2.590441736850164426e-06
6.276098214999999982e+03 1.454582724120926686e-03 2.590441736850164426e-06
6.284095185000000129e+03 1.449386510385045849e-03 2.590441736850164426e-06
6.292092155000000275e+03 1.444662785506259633e-03 2.590441736850164426e-06
6.300089125000000422e+03 1.441644460031059208e-03 2.590441736850164426e-06
6.308086095000000569e+03 1.431560119242298668e-03 2.590441736850164426e-06
6.316083065000000715e+03 1.431856398147432789e-03 2.590441736850164426e-06
6.324080034999999953e+03 1.426551743753536267e-03 2.590441736850164426e-06
6.332077005000000099e+03 1.423361025746958542e-03 2.590441736850164426e-06
6.340073975000000246e+03 1.420701058255864234e-03 2.590441736850164426e-06
6.348070945000000393e+03 1.415385967516582600e-03 2.590441736850164426e-06
6.356067915000000539e+03 1.413611966483983504e-03 2.590441736850164426e-06
6.364064884999999776e+03 1.406990651448906211e-03 2.590441736850164426e-06
6.372061854999999923e+03 1.400500137750924001e-03 2.590441736850164426e-06
6.380058825000000070e+03 1.399705946838467226e-03 2.590441736850164426e-06
6.388055795000000217e+03 1.395689833675165447e-03 2.590441736850164426e-06
6.396052765000000363e+03 1.388596545769233380e-03 2.590441736850164426e-06
6.404049735000000510e+03 1.392059535759119539e-03 2.590441736850164426e-06
6.412046705000000657e+03 1.387918605161477491e-03 2.590441736850164426e-06
6.420043674999999894e+03 1.386109758737943953e-03 2.590441736850164426e-06
6.428040645000000040e+03 1.388729572740627499e-03 2.590441736850164426e-06
6.436037615000000187e+03 1.388718164798332039e-03 2.590441736850164426e-06
6.444034585000000334e+03 1.391899489619517066e-03 2.590441736850164426e-06
6.452031555000000481e+03 1.397979472397380693e-03 2.590441736850164426e-06
6.460028524999999718e+03 1.407164246606890101e-03 2.590441736850164426e-06
6.468025494999999864e+03 1.415459968457192684e-03 2.590441736850164426e-06
6.476022465000000011e+03 1.423709244651405470e-03 2.590441736850164426e-06
6.484019435000000158e+03 1.439817399035960444e-03 2.590441736850164426e-06
6.492016405000000304e+03 1.459701138923454218e-03 2.590441736850164426e-06
6.500013375000000451e+03 1.481658014527233863e-03 2.590441736850164426e-06
6.508010345000000598e+03 1.495660656185719478e-03 2.590441736850164426e-06
6.516007314999999835e+03 1.499129595579318805e-03 2.590441736850164426e-06
6.524004284999999982e+03 1.493306423011907637e-03 2.590441736850164426e-06
6.532001255000000128e+03 1.472589481555140875e-03 2.590441736850164426e-06
6.539998225000000275e+03 1.456001432335692156e-03 2.590441736850164426e-06
6.547995194999999512e+03 1.454774578198458337e-03 2.590441736850164426e-06
6.555992164999999659e+03 1.450375825139802247e-03 2.590441736850164426e-06
6.563989134999999806e+03 1.449489625154942772e-03 2.590441736850164426e-06
6.571986104999999952e+03 1.446309421640126682e-03 2.590441736850164426e-06
6.579983075000000099e+03 1.442890552653052936e-03 2.590441736850164426e-06
6.587980045000000246e+03 1.450905952177583037e-03 2.590441736850164426e-06
6.595977015000000392e+03 1.473673791837406839e-03 2.590441736850164426e-06
6.603973985000000539e+03 1.484615437279801888e-03 2.590441736850164426e-06
6.611970954999999776e+03 1.482056907819015099e-03 2.590441736850164426e-06
6.619967924999999923e+03 1.461802614483020783e-03 2.590441736850164426e-06
6.627964895000000070e+03 1.447801451506452747e-03 2.590441736850164426e-06
6.635961865000000216e+03 1.418319988479933022e-03 2.590441736850164426e-06
6.643958834999999453e+03 1.393777240824482875e-03 2.590441736850164426e-06
6.651955804999999600e+03 1.369302418759921897e-03 2.590441736850164426e-06
6.659952774999999747e+03 1.345501934285980644e-03 2.590441736850164426e-06
6.667949744999999893e+03 1.328506401252751642e-03 2.590441736850164426e-06
6.675946715000000040e+03 1.308518423068655030e-03 2.590441736850164426e-06
6.683943685000000187e+03 1.296775975017283936e-03 2.590441736850164426e-06
6.691940655000000334e+03 1.285320394718274511e-03 2.590441736850164426e-06
6.699937624999999571e+03 1.270810750686284657e-03 2.590441736850164426e-06
6.707934594999999717e+03 1.263942780184398960e-03 2.590441736850164426e-06
6.715931564999999864e+03 1.252039741856688206e-03 2.590441736850164426e-06
6.723928535000000011e+03 1.252134896484577344e-03 2.590441736850164426e-06
6.731925505000000157e+03 1.245267361831703260e-03 2.590441736850164426e-06
6.739922474999999395e+03 1.240834997560341961e-03 2.590441736850164426e-06
6.747919444999999541e+03 1.243951173214490145e-03 2.590441736850164426e-06
6.755916414999999688e+03 1.237122825138333316e-03 2.590441736850164426e-06
6.763913384999999835e+03 1.235966076371335055e-03 2.590441736850164426e-06
6.771910354999999981e+03 1.227815407270034910e-03 2.590441736850164426e-06
6.779907325000000128e+03 1.230751432434200841e-03 2.590441736850164426e-06
6.787904295000000275e+03 1.218796212063272179e-03 2.590441736850164426e-06
6.795901264999999512e+03 1.221828079189714571e-03 2.590441736850164426e-06
6.803898234999999659e+03 1.216023811014256507e-03 2.590441736850164426e-06
6.811895204999999805e+03 1.211022334511082646e-03 2.590441736850164426e-06
6.819892174999999952e+03 1.210670775885109261e-03 2.590441736850164426e-06
6.827889145000000099e+03 1.206848163640092094e-03 2.590441736850164426e-06
6.835886114999999336e+03 1.206986867239746332e-03 2.590441736850164426e-06
6.843883084999999483e+03 1.198346828580626076e-03 2.590441736850164426e-06
6.851880054999999629e+03 1.197355528844468858e-03 2.590441736850164426e-06
6.859877024999999776e+03 1.192426561581927998e-03 2.590441736850164426e-06
6.867873994999999923e+03 1.190791164463834116e-03 2.590441736850164426e-06
6.875870965000000069e+03 1.181269084093082957e-03 2.590441736850164426e-06
6.883867935000000216e+03 1.186667044507627158e-03 2.590441736850164426e-06
6.891864904999999453e+03 1.176708261197002446e-03 2.590441736850164426e-06
6.899861874999999600e+03 1.177764034136322656e-03 2.590441736850164426e-06
6.907858844999999747e+03 1.175163080588092525e-03 2.590441736850164426e-06
6.915855814999999893e+03 1.169121496159340788e-03 2.590441736850164426e-06
6.923852784999999130e+03 1.165988077686854526e-03 2.590441736850164426e-06
6.931849754999999277e+03 1.161765359991963472e-03 2.590441736850164426e-06
6.939846724999999424e+03 1.157580552117165639e-03 2.590441736850164426e-06
6.947843694999999570e+03 1.157792966470187670e-03 2.590441736850164426e-06
6.955840664999999717e+03 1.157662418759172578e-03 2.590441736850164426e-06
6.963837634999999864e+03 1.150686310379894252e-03 2.590441736850164426e-06
6.971834605000000010e+03 1.153544899071224424e-03 2.590441736850164426e-06
6.979831575000000157e+03 1.136417326024774478e-03 2.590441736850164426e-06
6.987828544999999394e+03 1.143287722491328909e-03 2.590441736850164426e-06
6.995825514999999541e+03 1.132445607447180817e-03 2.590441736850164426e-06
