6.204125485000000481e+03 1.313636795111874749e-03 2.590441736850164426e-06
6.212122455000000627e+03 1.308265579269706717e-03 2.590441736850164426e-06
6.220119425000000774e+03 1.305137924030234107e-03 2.590441736850164426e-06
6.228116395000000011e+03 1.300118772029506360e-03 2.590441736850164426e-06
6.236113365000000158e+03 1.296095426605805732e-03 2.590441736850164426e-06
6.244110335000000305e+03 1.292219855339039663e-03 2.590441736850164426e-06
6.252107305000000451e+03 1.288638150247689877e-03 2.590441736850164426e-06
6.260104275000000598e+03 1.290298855420614820e-03 2.590441736850164426e-06
6.268101244999999835e+03 1.293048070229614859e-03 2.590441736850164426e-06
6.276098214999999982e+03 1.282317754372883653e-03 2.590441736850164426e-06
6.284095185000000129e+03 1.278351050076224037e-03 2.590441736850164426e-06
6.292092155000000275e+03 1.281011546989091259e-03 2.590441736850164426e-06
6.300089125000000422e+03 1.272487228307032448e-03 2.590441736850164426e-06
6.308086095000000569e+03 1.269139651825259641e-03 2.590441736850164426e-06
6.316083065000000715e+03 1.265302627562449106e-03 2.590441736850164426e-06
6.324080034999999953e+03 1.259580489587806005e-03 2.590441736850164426e-06
6.332077005000000099e+03 1.256447013261253369e-03 2.590441736850164426e-06
6.340073975000000246e+03 1.252110321784250793e-03 2.590441736850164426e-06
6.348070945000000393e+03 1.246087855837255121e-03 2.590441736850164426e-06
6.356067915000000539e+03 1.243028862453269580e-03 2.590441736850164426e-06
6.364064884999999776e+03 1.238296726218819080e-03 2.590441736850164426e-06
6.372061854999999923e+03 1.231971105721709923e-03 2.590441736850164426e-06
6.380058825000000070e+03 1.230598274182508360e-03 2.590441736850164426e-06
6.388055795000000217e+03 1.232257896643950768e-03 2.590441736850164426e-06
6.396052765000000363e+03 1.229041923239428211e-03 2.590441736850164426e-06
6.404049735000000510e+03 1.220630505950101368e-03 2.590441736850164426e-06
6.412046705000000657e+03 1.229649300110865389e-03 2.590441736850164426e-06
6.420043674999999894e+03 1.223726622696729967e-03 2.590441736850164426e-06
6.428040645000000040e+03 1.229273948300608306e-03 2.590441736850164426e-06
6.436037615000000187e+03 1.229488984167991829e-03 2.590441736850164426e-06
6.444034585000000334e+03 1.234917643932631048e-03 2.590441736850164426e-06
6.452031555000000481e+03 1.238770718028036483e-03 2.590441736850164426e-06
6.460028524999999718e+03 1.244846207262116731e-03 2.590441736850164426e-06
6.468025494999999864e+03 1.262687489074699760e-03 2.590441736850164426e-06
6.476022465000000011e+03 1.276879054178177431e-03 2.590441736850164426e-06
6.484019435000000158e+03 1.294391650956722107e-03 2.590441736850164426e-06
6.492016405000000304e+03 1.308258589686224624e-03 2.590441736850164426e-06
6.500013375000000451e+03 1.316212874271765207e-03 2.590441736850164426e-06
6.508010345000000598e+03 1.311474633399252509e-03 2.590441736850164426e-06
6.516007314999999835e+03 1.319529086775510880e-03 2.590441736850164426e-06
6.524004284999999982e+03 1.318293164861535126e-03 2.590441736850164426e-06
6.532001255000000128e+03 1.300186662860711032e-03 2.590441736850164426e-06
6.539998225000000275e+03 1.295709983810891400e-03 2.590441736850164426e-06
6.547995194999999512e+03 1.285318538556973244e-03 2.590441736850164426e-06
6.555992164999999659e+03 1.283877560202182494e-03 2.590441736850164426e-06
6.563989134999999806e+03 1.280991552436157354e-03 2.590441736850164426e-06
6.571986104999999952e+03 1.276712418513340462e-03 2.590441736850164426e-06
6.579983075000000099e+03 1.285685654799488022e-03 2.590441736850164426e-06
6.587980045000000246e+03 1.290961513716963474e-03 2.590441736850164426e-06
6.595977015000000392e+03 1.300406776749973197e-03 2.590441736850164426e-06
6.603973985000000539e+03 1.307378907787688218e-03 2.590441736850164426e-06
6.611970954999999776e+03 1.311600970442686502e-03 2.590441736850164426e-06
6.619967924999999923e+03 1.301331994791166949e-03 2.590441736850164426e-06
6.627964895000000070e+03 1.289952125458980036e-03 2.590441736850164426e-06
6.635961865000000216e+03 1.272291495391340843e-03 2.590441736850164426e-06
6.643958834999999453e+03 1.255547432945922472e-03 2.590441736850164426e-06
6.651955804999999600e+03 1.220423651111853230e-03 2.590441736850164426e-06
6.659952774999999747e+03 1.196426705631252431e-03 2.590441736850164426e-06
6.667949744999999893e+03 1.179883769307487132e-03 2.590441736850164426e-06
6.675946715000000040e+03 1.170115769939306322e-03 2.590441736850164426e-06
6.683943685000000187e+03 1.154145330318909462e-03 2.590441736850164426e-06
6.691940655000000334e+03 1.136285191508125663e-03 2.590441736850164426e-06
6.699937624999999571e+03 1.127178999520213505e-03 2.590441736850164426e-06
6.707934594999999717e+03 1.117408378323522539e-03 2.590441736850164426e-06
6.715931564999999864e+03 1.106848745959675227e-03 2.590441736850164426e-06
6.723928535000000011e+03 1.108610478569938777e-03 2.590441736850164426e-06
6.731925505000000157e+03 1.098522347557961357e-03 2.590441736850164426e-06
6.739922474999999395e+03 1.094280369538125569e-03 2.590441736850164426e-06
6.747919444999999541e+03 1.090605315829849386e-03 2.590441736850164426e-06
6.755916414999999688e+03 1.088485374001296659e-03 2.590441736850164426e-06
6.763913384999999835e+03 1.091573348305929433e-03 2.590441736850164426e-06
6.771910354999999981e+03 1.086838937316237340e-03 2.590441736850164426e-06
6.779907325000000128e+03 1.081986074567843278e-03 2.590441736850164426e-06
6.787904295000000275e+03 1.078586739465572193e-03 2.590441736850164426e-06
6.795901264999999512e+03 1.082901586221538372e-03 2.590441736850164426e-06
6.803898234999999659e+03 1.074443834156249729e-03 2.590441736850164426e-06
6.811895204999999805e+03 1.073697820074570076e-03 2.590441736850164426e-06
6.819892174999999952e+03 1.069085344636038458e-03 2.590441736850164426e-06
6.827889145000000099e+03 1.066782124022223107e-03 2.590441736850164426e-06
6.835886114999999336e+03 1.062600983689851713e-03 2.590441736850164426e-06
6.843883084999999483e+03 1.062700936329102983e-03 2.590441736850164426e-06
6.851880054999999629e+03 1.054829072013431209e-03 2.590441736850164426e-06
6.859877024999999776e+03 1.053733874701427448e-03 2.590441736850164426e-06
6.867873994999999923e+03 1.047223490673345175e-03 2.590441736850164426e-06
6.875870965000000069e+03 1.043997943598617062e-03 2.590441736850164426e-06
6.883867935000000216e+03 1.046240338744149631e-03 2.590441736850164426e-06
6.891864904999999453e+03 1.044411603405885668e-03 2.590441736850164426e-06
6.899861874999999600e+03 1.037879932838784314e-03 2.590441736850164426e-06
6.907858844999999747e+03 1.032456771807866271e-03 2.590441736850164426e-06
6.915855814999999893e+03 1.036781958072590737e-03 2.590441736850164426e-06
6.923852784999999130e+03 1.028205641736204242e-03 2.590441736850164426e-06
6.931849754999999277e+03 1.023800388315137698e-03 2.590441736850164426e-06
6.939846724999999424e+03 1.024638103092768504e-03 2.590441736850164426e-06
6.947843694999999570e+03 1.021739078996021987e-03 2.590441736850164426e-06
6.955840664999999717e+03 1.016928354901574334e-03 2.590441736850164426e-06
6.963837634999999864e+03 1.015084524602744140e-03 2.590441736850164426e-06
6.971834605000000010e+03 1.015102039089766728e-03 2.590441736850164426e-06
6.979831575000000157e+03 1.008541088750114631e-03 2.590441736850164426e-06
6.987828544999999394e+03 1.001895749050191490e-03 2.590441736850164426e-06
6.995825514999999541e+03 1.001067847190374943e-03 2.590441736850164426e-06
