6.204125485000000481e+03 1.434907146085692611e-03 2.590441736850164426e-06
6.212122455000000627e+03 1.430261917548333699e-03 2.590441736850164426e-06
6.220119425000000774e+03 1.425239801184813825e-03 2.590441736850164426e-06
6.228116395000000011e+03 1.426431235875778901e-03 2.590441736850164426e-06
6.236113365000000158e+03 1.418428226143464855e-03 2.590441736850164426e-06
6.244110335000000305e+03 1.414855381030572347e-03 2.590441736850164426e-06
6.252107305000000451e+03 1.409177685034055045e-03 2.590441736850164426e-06
6.260104275000000598e+03 1.410969675551965261e-03 2.590441736850164426e-06
6.268101244999999835e+03 1.403567857694810019e-03 2.590441736850164426e-06
6.276098214999999982e+03 1.400686471234644783e-03 2.590441736850164426e-06
6.284095185000000129e+03 1.399202419238891647e-03 2.590441736850164426e-06
6.292092155000000275e+03 1.394198914392158917e-03 2.590441736850164426e-06
6.300089125000000422e+03 1.391141959119599966e-03 2.590441736850164426e-06
6.308086095000000569e+03 1.388675456323862833e-03 2.590441736850164426e-06
6.316083065000000715e+03 1.385447358551526731e-03 2.590441736850164426e-06
6.324080034999999953e+03 1.382787372248234529e-03 2.590441736850164426e-06
6.332077005000000099e+03 1.374635443648561817e-03 2.590441736850164426e-06
6.340073975000000246e+03 1.374840321341903393e-03 2.590441736850164426e-06
6.348070945000000393e+03 1.369698008596393051e-03 2.590441736850164426e-06
6.356067915000000539e+03 1.367414145247854065e-03 2.590441736850164426e-06
6.364064884999999776e+03 1.356142355966997700e-03 2.590441736850164426e-06
6.372061854999999923e+03 1.355344331677141995e-03 2.590441736850164426e-06
6.380058825000000070e+03 1.351875161536443288e-03 2.590441736850164426e-06
6.388055795000000217e+03 1.347299037040668212e-03 2.590441736850164426e-06
6.396052765000000363e+03 1.346873764587055078e-03 2.590441736850164426e-06
6.404049735000000510e+03 1.342189362831781689e-03 2.590441736850164426e-06
6.412046705000000657e+03 1.344523452806751325e-03 2.590441736850164426e-06
6.420043674999999894e+03 1.338965306418682432e-03 2.590441736850164426e-06
6.428040645000000040e+03 1.344910054648371057e-03 2.590441736850164426e-06
6.436037615000000187e+03 1.348560682908470825e-03 2.590441736850164426e-06
6.444034585000000334e+03 1.348330317927208880e-03 2.590441736850164426e-06
6.452031555000000481e+03 1.357529634838887736e-03 2.590441736850164426e-06
6.460028524999999718e+03 1.363798044841902160e-03 2.590441736850164426e-06
6.468025494999999864e+03 1.368625194481082113e-03 2.590441736850164426e-06
6.476022465000000011e+03 1.383428021566839592e-03 2.590441736850164426e-06
6.484019435000000158e+03 1.400231797695261236e-03 2.590441736850164426e-06
6.492016405000000304e+03 1.414428714325339891e-03 2.590441736850164426e-06
6.500013375000000451e+03 1.434213269046049483e-03 2.590441736850164426e-06
6.508010345000000598e+03 1.444308467810512383e-03 2.590441736850164426e-06
6.516007314999999835e+03 1.440446868320317949e-03 2.590441736850164426e-06
6.524004284999999982e+03 1.429305136403832529e-03 2.590441736850164426e-06
6.532001255000000128e+03 1.409620587519363338e-03 2.590441736850164426e-06
6.539998225000000275e+03 1.407526744265417832e-03 2.590441736850164426e-06
6.547995194999999512e+03 1.397926018370249405e-03 2.590441736850164426e-06
6.555992164999999659e+03 1.400390193897517021e-03 2.590441736850164426e-06
6.563989134999999806e+03 1.396777249567661980e-03 2.590441736850164426e-06
6.571986104999999952e+03 1.391778504672026157e-03 2.590441736850164426e-06
6.579983075000000099e+03 1.398077032783745727e-03 2.590441736850164426e-06
6.587980045000000246e+03 1.399202453560031978e-03 2.590441736850164426e-06
6.595977015000000392e+03 1.417126191080368648e-03 2.590441736850164426e-06
6.603973985000000539e+03 1.420486359622994028e-03 2.590441736850164426e-06
6.611970954999999776e+03 1.430776785800266359e-03 2.590441736850164426e-06
6.619967924999999923e+03 1.416420579341084703e-03 2.590441736850164426e-06
6.627964895000000070e+03 1.410915129445966315e-03 2.590441736850164426e-06
6.635961865000000216e+03 1.381408647458582609e-03 2.590441736850164426e-06
6.643958834999999453e+03 1.353311554003907473e-03 2.590441736850164426e-06
6.651955804999999600e+03 1.329273413244681052e-03 2.590441736850164426e-06
6.659952774999999747e+03 1.304349579362410697e-03 2.590441736850164426e-06
6.667949744999999893e+03 1.281373066735948512e-03 2.590441736850164426e-06
6.675946715000000040e+03 1.271447171298261802e-03 2.590441736850164426e-06
6.683943685000000187e+03 1.259319516303809665e-03 2.590441736850164426e-06
6.691940655000000334e+03 1.246833299798114428e-03 2.590441736850164426e-06
6.699937624999999571e+03 1.232859998881228160e-03 2.590441736850164426e-06
6.707934594999999717e+03 1.230762803907162022e-03 2.590441736850164426e-06
6.715931564999999864e+03 1.215262568120959938e-03 2.590441736850164426e-06
6.723928535000000011e+03 1.211558805067979245e-03 2.590441736850164426e-06
6.731925505000000157e+03 1.206248157130959111e-03 2.590441736850164426e-06
6.739922474999999395e+03 1.203512914591649491e-03 2.590441736850164426e-06
6.747919444999999541e+03 1.195194135907407191e-03 2.590441736850164426e-06
6.755916414999999688e+03 1.196605200325743298e-03 2.590441736850164426e-06
6.763913384999999835e+03 1.195039652983765320e-03 2.590441736850164426e-06
6.771910354999999981e+03 1.187797683831546929e-03 2.590441736850164426e-06
6.779907325000000128e+03 1.186141987130708052e-03 2.590441736850164426e-06
6.787904295000000275e+03 1.185139897658704514e-03 2.590441736850164426e-06
6.795901264999999512e+03 1.180830067900742221e-03 2.590441736850164426e-06
6.803898234999999659e+03 1.178481425262403737e-03 2.590441736850164426e-06
6.811895204999999805e+03 1.176827401968985306e-03 2.590441736850164426e-06
6.819892174999999952e+03 1.169964408677375911e-03 2.590441736850164426e-06
6.827889145000000099e+03 1.170166232163458641e-03 2.590441736850164426e-06
6.835886114999999336e+03 1.163048380671791475e-03 2.590441736850164426e-06
6.843883084999999483e+03 1.162935727667867942e-03 2.590441736850164426e-06
6.851880054999999629e+03 1.156936387432980998e-03 2.590441736850164426e-06
6.859877024999999776e+03 1.156493806494423302e-03 2.590441736850164426e-06
6.867873994999999923e+03 1.149006679291839517e-03 2.590441736850164426e-06
6.875870965000000069e+03 1.148114586969201101e-03 2.590441736850164426e-06
6.883867935000000216e+03 1.143826339479921735e-03 2.590441736850164426e-06
6.891864904999999453e+03 1.143167187234540210e-03 2.590441736850164426e-06
6.899861874999999600e+03 1.134700104428794159e-03 2.590441736850164426e-06
6.907858844999999747e+03 1.134807641975737373e-03 2.590441736850164426e-06
6.915855814999999893e+03 1.133441598111053746e-03 2.590441736850164426e-06
6.923852784999999130e+03 1.129430405297085016e-03 2.590441736850164426e-06
6.931849754999999277e+03 1.122168739031750070e-03 2.590441736850164426e-06
6.939846724999999424e+03 1.123329783792795158e-03 2.590441736850164426e-06
6.947843694999999570e+03 1.121844315948304291e-03 2.590441736850164426e-06
6.955840664999999717e+03 1.107984423070906008e-03 2.590441736850164426e-06
6.963837634999999864e+03 1.110901771136851715e-03 2.590441736850164426e-06
6.971834605000000010e+03 1.110220071743440269e-03 2.590441736850164426e-06
6.979831575000000157e+03 1.104124391086906080e-03 2.590441736850164426e-06
6.987828544999999394e+03 1.101406732220333714e-03 2.590441736850164426e-06
6.995825514999999541e+03 1.098470281140916365e-03 2.590441736850164426e-06
