6.204125485000000481e+03 1.395117281864360599e-03 2.590441736850164426e-06
6.212122455000000627e+03 1.388856845305677830e-03 2.590441736850164426e-06
6.220119425000000774e+03 1.379148543606648590e-03 2.590441736850164426e-06
6.228116395000000011e+03 1.382773201011772016e-03 2.590441736850164426e-06
6.236113365000000158e+03 1.375035325525802423e-03 2.590441736850164426e-06
6.244110335000000305e+03 1.377642497260219215e-03 2.590441736850164426e-06
6.252107305000000451e+03 1.375263036226667982e-03 2.590441736850164426e-06
6.260104275000000598e+03 1.368510810470139000e-03 2.590441736850164426e-06
6.268101244999999835e+03 1.361347946945850240e-03 2.590441736850164426e-06
6.276098214999999982e+03 1.359181059680774099e-03 2.590441736850164426e-06
6.284095185000000129e+03 1.356434728126942098e-03 2.590441736850164426e-06
6.292092155000000275e+03 1.359107544926165846e-03 2.590441736850164426e-06
6.300089125000000422e+03 1.351153066945479228e-03 2.590441736850164426e-06
6.308086095000000569e+03 1.343359520005388708e-03 2.590441736850164426e-06
6.316083065000000715e+03 1.347602507775616304e-03 2.590441736850164426e-06
6.324080034999999953e+03 1.341126698705845562e-03 2.590441736850164426e-06
6.332077005000000099e+03 1.331959572184558595e-03 2.590441736850164426e-06
6.340073975000000246e+03 1.332353071011775983e-03 2.590441736850164426e-06
6.348070945000000393e+03 1.329413475093029580e-03 2.590441736850164426e-06
6.356067915000000539e+03 1.325360812617127270e-03 2.590441736850164426e-06
6.364064884999999776e+03 1.326575263518076694e-03 2.590441736850164426e-06
6.372061854999999923e+03 1.315792441797294801e-03 2.590441736850164426e-06
6.380058825000000070e+03 1.312935273588595238e-03 2.590441736850164426e-06
6.388055795000000217e+03 1.306870165319743045e-03 2.590441736850164426e-06
6.396052765000000363e+03 1.306429330364870670e-03 2.590441736850164426e-06
6.404049735000000510e+03 1.304219281878828780e-03 2.590441736850164426e-06
6.412046705000000657e+03 1.300576501952292133e-03 2.590441736850164426e-06
6.420043674999999894e+03 1.301078624973231587e-03 2.590441736850164426e-06
6.428040645000000040e+03 1.309973277716418739e-03 2.590441736850164426e-06
6.436037615000000187e+03 1.306516417411882590e-03 2.590441736850164426e-06
6.444034585000000334e+03 1.309469535662574147e-03 2.590441736850164426e-06
6.452031555000000481e+03 1.307675248937226632e-03 2.590441736850164426e-06
6.460028524999999718e+03 1.320969413106749943e-03 2.590441736850164426e-06
6.468025494999999864e+03 1.338968312419858055e-03 2.590441736850164426e-06
6.476022465000000011e+03 1.353935017365800759e-03 2.590441736850164426e-06
6.484019435000000158e+03 1.371596928382600063e-03 2.590441736850164426e-06
6.492016405000000304e+03 1.383142300777524380e-03 2.590441736850164426e-06
6.500013375000000451e+03 1.395516564871422281e-03 2.590441736850164426e-06
6.508010345000000598e+03 1.392823342740354825e-03 2.590441736850164426e-06
6.516007314999999835e+03 1.399421622300099774e-03 2.590441736850164426e-06
6.524004284999999982e+03 1.386564425063463880e-03 2.590441736850164426e-06
6.532001255000000128e+03 1.379257729103421136e-03 2.590441736850164426e-06
6.539998225000000275e+03 1.367243171566013540e-03 2.590441736850164426e-06
6.547995194999999512e+03 1.367823527623526682e-03 2.590441736850164426e-06
6.555992164999999659e+03 1.364623909613422049e-03 2.590441736850164426e-06
6.563989134999999806e+03 1.359391478626923193e-03 2.590441736850164426e-06
6.571986104999999952e+03 1.359345201503789433e-03 2.590441736850164426e-06
6.579983075000000099e+03 1.361237524887960303e-03 2.590441736850164426e-06
6.587980045000000246e+03 1.361772122464535283e-03 2.590441736850164426e-06
6.595977015000000392e+03 1.375845775639136792e-03 2.590441736850164426e-06
6.603973985000000539e+03 1.377207351910578670e-03 2.590441736850164426e-06
6.611970954999999776e+03 1.383503738519892062e-03 2.590441736850164426e-06
6.619967924999999923e+03 1.386564420983661628e-03 2.590441736850164426e-06
6.627964895000000070e+03 1.371937134726551903e-03 2.590441736850164426e-06
6.635961865000000216e+03 1.351312910609510235e-03 2.590441736850164426e-06
6.643958834999999453e+03 1.325538912451956460e-03 2.590441736850164426e-06
6.651955804999999600e+03 1.298774591636912574e-03 2.590441736850164426e-06
6.659952774999999747e+03 1.271678124239057454e-03 2.590441736850164426e-06
6.667949744999999893e+03 1.248880496656678196e-03 2.590441736850164426e-06
6.675946715000000040e+03 1.237741759580780971e-03 2.590441736850164426e-06
6.683943685000000187e+03 1.217389581477055453e-03 2.590441736850164426e-06
6.691940655000000334e+03 1.207480184023211308e-03 2.590441736850164426e-06
6.699937624999999571e+03 1.194133843471918395e-03 2.590441736850164426e-06
6.707934594999999717e+03 1.189723660073123716e-03 2.590441736850164426e-06
6.715931564999999864e+03 1.185936136997819404e-03 2.590441736850164426e-06
6.723928535000000011e+03 1.172765116975908869e-03 2.590441736850164426e-06
6.731925505000000157e+03 1.167966955483564330e-03 2.590441736850164426e-06
6.739922474999999395e+03 1.167762568647566024e-03 2.590441736850164426e-06
6.747919444999999541e+03 1.165723404940656113e-03 2.590441736850164426e-06
6.755916414999999688e+03 1.165442038917679233e-03 2.590441736850164426e-06
6.763913384999999835e+03 1.153961805858321702e-03 2.590441736850164426e-06
6.771910354999999981e+03 1.157292490877604059e-03 2.590441736850164426e-06
6.779907325000000128e+03 1.150107935985298854e-03 2.590441736850164426e-06
6.787904295000000275e+03 1.145897204548193592e-03 2.590441736850164426e-06
6.795901264999999512e+03 1.152482621254358316e-03 2.590441736850164426e-06
6.803898234999999659e+03 1.138614548092290553e-03 2.590441736850164426e-06
6.811895204999999805e+03 1.138269012612276154e-03 2.590441736850164426e-06
6.819892174999999952e+03 1.137358190178435055e-03 2.590441736850164426e-06
6.827889145000000099e+03 1.130684998542956510e-03 2.590441736850164426e-06
6.835886114999999336e+03 1.129909897786729629e-03 2.590441736850164426e-06
6.843883084999999483e+03 1.123375268846120737e-03 2.590441736850164426e-06
6.851880054999999629e+03 1.121198082947314932e-03 2.590441736850164426e-06
6.859877024999999776e+03 1.119513322401547231e-03 2.590441736850164426e-06
6.867873994999999923e+03 1.118447856799508139e-03 2.590441736850164426e-06
6.875870965000000069e+03 1.115356360634004503e-03 2.590441736850164426e-06
6.883867935000000216e+03 1.112812622372681085e-03 2.590441736850164426e-06
6.891864904999999453e+03 1.107431125948613385e-03 2.590441736850164426e-06
6.899861874999999600e+03 1.107039257856845885e-03 2.590441736850164426e-06
6.907858844999999747e+03 1.101348864993717969e-03 2.590441736850164426e-06
6.915855814999999893e+03 1.100027340590488921e-03 2.590441736850164426e-06
6.923852784999999130e+03 1.096702209589607785e-03 2.590441736850164426e-06
6.931849754999999277e+03 1.094694238364872334e-03 2.590441736850164426e-06
6.939846724999999424e+03 1.088436265134865586e-03 2.590441736850164426e-06
6.947843694999999570e+03 1.084511067580572457e-03 2.590441736850164426e-06
6.955840664999999717e+03 1.088133792347085321e-03 2.590441736850164426e-06
6.963837634999999864e+03 1.079173487172632425e-03 2.590441736850164426e-06
6.971834605000000010e+03 1.078825581817510889e-03 2.590441736850164426e-06
6.979831575000000157e+03 1.073779037402250100e-03 2.590441736850164426e-06
6.987828544999999394e+03 1.074033460878833857e-03 2.590441736850164426e-06
6.995825514999999541e+03 1.067793308493219942e-03 2.590441736850164426e-06
