6.204125485000000481e+03 1.478999320492916866e-03 2.590441736850164426e-06
6.212122455000000627e+03 1.477776631921675883e-03 2.590441736850164426e-06
6.220119425000000774e+03 1.472134632707397268e-03 2.590441736850164426e-06
6.228116395000000011e+03 1.468357292532299378e-03 2.590441736850164426e-06
6.236113365000000158e+03 1.470988115978424677e-03 2.590441736850164426e-06
6.244110335000000305e+03 1.467127085094047188e-03 2.590441736850164426e-06
6.252107305000000451e+03 1.455329368824061567e-03 2.590441736850164426e-06
6.260104275000000598e+03 1.462033535485238785e-03 2.590441736850164426e-06
6.268101244999999835e+03 1.451858096097297752e-03 2.590441736850164426e-06
6.276098214999999982e+03 1.449368012209274314e-03 2.590441736850164426e-06
6.284095185000000129e+03 1.447229866444435693e-03 2.590441736850164426e-06
6.292092155000000275e+03 1.442078364653130891e-03 2.590441736850164426e-06
6.300089125000000422e+03 1.435766671389737854e-03 2.590441736850164426e-06
6.308086095000000569e+03 1.431877263894904863e-03 2.590441736850164426e-06
6.316083065000000715e+03 1.431326364508439834e-03 2.590441736850164426e-06
6.324080034999999953e+03 1.424429190017793660e-03 2.590441736850164426e-06
6.332077005000000099e+03 1.425594740530134906e-03 2.590441736850164426e-06
6.340073975000000246e+03 1.415895465082267534e-03 2.590441736850164426e-06
6.348070945000000393e+03 1.415017351286388617e-03 2.590441736850164426e-06
6.356067915000000539e+03 1.405458809078324574e-03 2.590441736850164426e-06
6.364064884999999776e+03 1.404740969348427290e-03 2.590441736850164426e-06
6.372061854999999923e+03 1.395580601819386857e-03 2.590441736850164426e-06
6.380058825000000070e+03 1.394285550876796969e-03 2.590441736850164426e-06
6.388055795000000217e+03 1.394048952899302378e-03 2.590441736850164426e-06
6.396052765000000363e+03 1.389814454906075332e-03 2.590441736850164426e-06
6.404049735000000510e+03 1.384388116972982150e-03 2.590441736850164426e-06
6.412046705000000657e+03 1.390244658486806647e-03 2.590441736850164426e-06
6.420043674999999894e+03 1.383608420074827717e-03 2.590441736850164426e-06
6.428040645000000040e+03 1.391939281639340345e-03 2.590441736850164426e-06
6.436037615000000187e+03 1.389370939579428164e-03 2.590441736850164426e-06
6.444034585000000334e+03 1.389907070370868325e-03 2.590441736850164426e-06
6.452031555000000481e+03 1.394697542011251717e-03 2.590441736850164426e-06
6.460028524999999718e+03 1.399419931153631251e-03 2.590441736850164426e-06
6.468025494999999864e+03 1.419759786400192399e-03 2.590441736850164426e-06
6.476022465000000011e+03 1.427234127817375488e-03 2.590441736850164426e-06
6.484019435000000158e+03 1.443466669214284919e-03 2.590441736850164426e-06
6.492016405000000304e+03 1.465151050027960330e-03 2.590441736850164426e-06
6.500013375000000451e+03 1.470328137740491018e-03 2.590441736850164426e-06
6.508010345000000598e+03 1.480285794266761540e-03 2.590441736850164426e-06
6.516007314999999835e+03 1.483434653492918037e-03 2.590441736850164426e-06
6.524004284999999982e+03 1.483776454999187434e-03 2.590441736850164426e-06
6.532001255000000128e+03 1.463855547458992436e-03 2.590441736850164426e-06
6.539998225000000275e+03 1.447096465975534563e-03 2.590441736850164426e-06
6.547995194999999512e+03 1.447456952216729905e-03 2.590441736850164426e-06
6.555992164999999659e+03 1.447153594094458592e-03 2.590441736850164426e-06
6.563989134999999806e+03 1.441755412968126352e-03 2.590441736850164426e-06
6.571986104999999952e+03 1.438296108829964070e-03 2.590441736850164426e-06
6.579983075000000099e+03 1.443812572803594100e-03 2.590441736850164426e-06
6.587980045000000246e+03 1.442007435278418702e-03 2.590441736850164426e-06
6.595977015000000392e+03 1.457402863865256241e-03 2.590441736850164426e-06
6.603973985000000539e+03 1.468928052329356547e-03 2.590441736850164426e-06
6.611970954999999776e+03 1.470469781869534250e-03 2.590441736850164426e-06
6.619967924999999923e+03 1.456877881937376296e-03 2.590441736850164426e-06
6.627964895000000070e+03 1.447675390769879392e-03 2.590441736850164426e-06
6.635961865000000216e+03 1.424071160275741307e-03 2.590441736850164426e-06
6.643958834999999453e+03 1.397897294834881494e-03 2.590441736850164426e-06
6.651955804999999600e+03 1.369021319440778079e-03 2.590441736850164426e-06
6.659952774999999747e+03 1.345960448119051193e-03 2.590441736850164426e-06
6.667949744999999893e+03 1.324440156821309056e-03 2.590441736850164426e-06
6.675946715000000040e+03 1.307137269622995254e-03 2.590441736850164426e-06
6.683943685000000187e+03 1.296528866185774065e-03 2.590441736850164426e-06
6.691940655000000334e+03 1.282128772268965357e-03 2.590441736850164426e-06
6.699937624999999571e+03 1.273635295817822670e-03 2.590441736850164426e-06
6.707934594999999717e+03 1.265323160592868919e-03 2.590441736850164426e-06
6.715931564999999864e+03 1.257777752635477232e-03 2.590441736850164426e-06
6.723928535000000011e+03 1.251622724121665385e-03 2.590441736850164426e-06
6.731925505000000157e+03 1.246745567033947198e-03 2.590441736850164426e-06
6.739922474999999395e+03 1.242731509599543293e-03 2.590441736850164426e-06
6.747919444999999541e+03 1.233467214218452465e-03 2.590441736850164426e-06
6.755916414999999688e+03 1.235127833419176913e-03 2.590441736850164426e-06
6.763913384999999835e+03 1.232558225165267208e-03 2.590441736850164426e-06
6.771910354999999981e+03 1.230014509542091223e-03 2.590441736850164426e-06
6.779907325000000128e+03 1.222771136059268120e-03 2.590441736850164426e-06
6.787904295000000275e+03 1.225388348159385434e-03 2.590441736850164426e-06
6.795901264999999512e+03 1.219723855564913218e-03 2.590441736850164426e-06
6.803898234999999659e+03 1.212745810050436333e-03 2.590441736850164426e-06
6.811895204999999805e+03 1.212566253423382314e-03 2.590441736850164426e-06
6.819892174999999952e+03 1.210799136153084283e-03 2.590441736850164426e-06
6.827889145000000099e+03 1.205213958432020281e-03 2.590441736850164426e-06
6.835886114999999336e+03 1.201569872208872172e-03 2.590441736850164426e-06
6.843883084999999483e+03 1.196337847325096597e-03 2.590441736850164426e-06
6.851880054999999629e+03 1.195993746886165124e-03 2.590441736850164426e-06
6.859877024999999776e+03 1.191977791138048399e-03 2.590441736850164426e-06
6.867873994999999923e+03 1.188616434618230272e-03 2.590441736850164426e-06
6.875870965000000069e+03 1.186771375176480037e-03 2.590441736850164426e-06
6.883867935000000216e+03 1.180415637354740362e-03 2.590441736850164426e-06
6.891864904999999453e+03 1.176912648478929419e-03 2.590441736850164426e-06
6.899861874999999600e+03 1.171392332828533446e-03 2.590441736850164426e-06
6.907858844999999747e+03 1.174457446957293287e-03 2.590441736850164426e-06
6.915855814999999893e+03 1.169267971381942640e-03 2.590441736850164426e-06
6.923852784999999130e+03 1.161560971405848188e-03 2.590441736850164426e-06
6.931849754999999277e+03 1.163510403307528845e-03 2.590441736850164426e-06
6.939846724999999424e+03 1.155708811398559752e-03 2.590441736850164426e-06
6.947843694999999570e+03 1.154430139138378029e-03 2.590441736850164426e-06
6.955840664999999717e+03 1.150214985541084603e-03 2.590441736850164426e-06
6.963837634999999864e+03 1.145886774855292599e-03 2.590441736850164426e-06
6.971834605000000010e+03 1.141765878844698719e-03 2.590441736850164426e-06
6.979831575000000157e+03 1.140140791053293606e-03 2.590441736850164426e-06
6.987828544999999394e+03 1.138036131341686697e-03 2.590441736850164426e-06
6.995825514999999541e+03 1.135798857507617794e-03 2.590441736850164426e-06
