6.204125485000000481e+03 1.335435408092913896e-03 2.590441736850164426e-06
6.212122455000000627e+03 1.332399386351409152e-03 2.590441736850164426e-06
6.220119425000000774e+03 1.326465664049876697e-03 2.590441736850164426e-06
6.228116395000000011e+03 1.325405127538664077e-03 2.590441736850164426e-06
6.236113365000000158e+03 1.320895697276284770e-03 2.590441736850164426e-06
6.244110335000000305e+03 1.314556063701144114e-03 2.590441736850164426e-06
6.252107305000000451e+03 1.317989623219873807e-03 2.590441736850164426e-06
6.260104275000000598e+03 1.313051499817604380e-03 2.590441736850164426e-06
6.268101244999999835e+03 1.311467716479985772e-03 2.590441736850164426e-06
6.276098214999999982e+03 1.306767113035895442e-03 2.590441736850164426e-06
6.284095185000000129e+03 1.301735508619857864e-03 2.590441736850164426e-06
6.292092155000000275e+03 1.298744689146551353e-03 2.590441736850164426e-06
6.300089125000000422e+03 1.294619995292076945e-03 2.590441736850164426e-06
6.308086095000000569e+03 1.293293558630954692e-03 2.590441736850164426e-06
6.316083065000000715e+03 1.289944443334463441e-03 2.590441736850164426e-06
6.324080034999999953e+03 1.282695006763847007e-03 2.590441736850164426e-06
6.332077005000000099e+03 1.278527873853414765e-03 2.590441736850164426e-06
6.340073975000000246e+03 1.277478624497762824e-03 2.590441736850164426e-06
6.348070945000000393e+03 1.273775688848663434e-03 2.590441736850164426e-06
6.356067915000000539e+03 1.272349860433457866e-03 2.590441736850164426e-06
6.364064884999999776e+03 1.268574976449277081e-03 2.590441736850164426e-06
6.372061854999999923e+03 1.251893844475944267e-03 2.590441736850164426e-06
6.380058825000000070e+03 1.263305463895958696e-03 2.590441736850164426e-06
6.388055795000000217e+03 1.253416238993309987e-03 2.590441736850164426e-06
6.396052765000000363e+03 1.254367449192094700e-03 2.590441736850164426e-06
6.404049735000000510e+03 1.256203210450051273e-03 2.590441736850164426e-06
6.412046705000000657e+03 1.257174587674163681e-03 2.590441736850164426e-06
6.420043674999999894e+03 1.258647107136674423e-03 2.590441736850164426e-06
6.428040645000000040e+03 1.266395807182681610e-03 2.590441736850164426e-06
6.436037615000000187e+03 1.264869517581888002e-03 2.590441736850164426e-06
6.444034585000000334e+03 1.263938687560861368e-03 2.590441736850164426e-06
6.452031555000000481e+03 1.263793854296177887e-03 2.590441736850164426e-06
6.460028524999999718e+03 1.269223940541982501e-03 2.590441736850164426e-06
6.468025494999999864e+03 1.282056514354687916e-03 2.590441736850164426e-06
6.476022465000000011e+03 1.300064099657742209e-03 2.590441736850164426e-06
6.484019435000000158e+03 1.304514182580564707e-03 2.590441736850164426e-06
6.492016405000000304e+03 1.324708364308477227e-03 2.590441736850164426e-06
6.500013375000000451e+03 1.336123453118316564e-03 2.590441736850164426e-06
6.508010345000000598e+03 1.337233903590874604e-03 2.590441736850164426e-06
6.516007314999999835e+03 1.348997997943234342e-03 2.590441736850164426e-06
6.524004284999999982e+03 1.343177844403755337e-03 2.590441736850164426e-06
6.532001255000000128e+03 1.328910991029822212e-03 2.590441736850164426e-06
6.539998225000000275e+03 1.316519697135116931e-03 2.590441736850164426e-06
6.547995194999999512e+03 1.310069836798592301e-03 2.590441736850164426e-06
6.555992164999999659e+03 1.305908889142790583e-03 2.590441736850164426e-06
6.563989134999999806e+03 1.303729997212086994e-03 2.590441736850164426e-06
6.571986104999999952e+03 1.300762965088621877e-03 2.590441736850164426e-06
6.579983075000000099e+03 1.305370018490868266e-03 2.590441736850164426e-06
6.587980045000000246e+03 1.305712504679935318e-03 2.590441736850164426e-06
6.595977015000000392e+03 1.321889452327448203e-03 2.590441736850164426e-06
6.603973985000000539e+03 1.336165129693642380e-03 2.590441736850164426e-06
6.611970954999999776e+03 1.337940704900690905e-03 2.590441736850164426e-06
6.619967924999999923e+03 1.324963000699958720e-03 2.590441736850164426e-06
6.627964895000000070e+03 1.306730667182950901e-03 2.590441736850164426e-06
6.635961865000000216e+03 1.284386027266260855e-03 2.590441736850164426e-06
6.643958834999999453e+03 1.272676414782944248e-03 2.590441736850164426e-06
6.651955804999999600e+03 1.237573376109790723e-03 2.590441736850164426e-06
6.659952774999999747e+03 1.228922105023614285e-03 2.590441736850164426e-06
6.667949744999999893e+03 1.204885504787083818e-03 2.590441736850164426e-06
6.675946715000000040e+03 1.194244157212548440e-03 2.590441736850164426e-06
6.683943685000000187e+03 1.180609916699455492e-03 2.590441736850164426e-06
6.691940655000000334e+03 1.169150731599942180e-03 2.590441736850164426e-06
6.699937624999999571e+03 1.159124256560412980e-03 2.590441736850164426e-06
6.707934594999999717e+03 1.150863480668304871e-03 2.590441736850164426e-06
6.715931564999999864e+03 1.140006835106751161e-03 2.590441736850164426e-06
6.723928535000000011e+03 1.131108008485867417e-03 2.590441736850164426e-06
6.731925505000000157e+03 1.121549868716348753e-03 2.590441736850164426e-06
6.739922474999999395e+03 1.121147321867441843e-03 2.590441736850164426e-06
6.747919444999999541e+03 1.118990868983313304e-03 2.590441736850164426e-06
6.755916414999999688e+03 1.118486572460988902e-03 2.590441736850164426e-06
6.763913384999999835e+03 1.113886365299712050e-03 2.590441736850164426e-06
6.771910354999999981e+03 1.113741348775110045e-03 2.590441736850164426e-06
6.779907325000000128e+03 1.106448538022840799e-03 2.590441736850164426e-06
6.787904295000000275e+03 1.099443839943108200e-03 2.590441736850164426e-06
6.795901264999999512e+03 1.095454176927179767e-03 2.590441736850164426e-06
6.803898234999999659e+03 1.099507933720253027e-03 2.590441736850164426e-06
6.811895204999999805e+03 1.090108273152023358e-03 2.590441736850164426e-06
6.819892174999999952e+03 1.088670399603807858e-03 2.590441736850164426e-06
6.827889145000000099e+03 1.085529612181010319e-03 2.590441736850164426e-06
6.835886114999999336e+03 1.080861716202936819e-03 2.590441736850164426e-06
6.843883084999999483e+03 1.078998651979077563e-03 2.590441736850164426e-06
6.851880054999999629e+03 1.076970031857985878e-03 2.590441736850164426e-06
6.859877024999999776e+03 1.077763192616789300e-03 2.590441736850164426e-06
6.867873994999999923e+03 1.073552621950358589e-03 2.590441736850164426e-06
6.875870965000000069e+03 1.067247097738271370e-03 2.590441736850164426e-06
6.883867935000000216e+03 1.066442565310748427e-03 2.590441736850164426e-06
6.891864904999999453e+03 1.059527798497550844e-03 2.590441736850164426e-06
6.899861874999999600e+03 1.060418840673540367e-03 2.590441736850164426e-06
6.907858844999999747e+03 1.055935434007281752e-03 2.590441736850164426e-06
6.915855814999999893e+03 1.056179045754038551e-03 2.590441736850164426e-06
6.923852784999999130e+03 1.050495508084367362e-03 2.590441736850164426e-06
6.931849754999999277e+03 1.047539154993637174e-03 2.590441736850164426e-06
6.939846724999999424e+03 1.048091692321297206e-03 2.590441736850164426e-06
6.947843694999999570e+03 1.040849791113219363e-03 2.590441736850164426e-06
6.955840664999999717e+03 1.035111807396929713e-03 2.590441736850164426e-06
6.963837634999999864e+03 1.038487350093404401e-03 2.590441736850164426e-06
6.971834605000000010e+03 1.035220956858142957e-03 2.590441736850164426e-06
6.979831575000000157e+03 1.025284847160253194e-03 2.590441736850164426e-06
6.987828544999999394e+03 1.024208816778769378e-03 2.590441736850164426e-06
6.995825514999999541e+03 1.022164719739154012e-03 2.590441736850164426e-06
