6.204125485000000481e+03 2.006415789571076164e-03 2.590441736850164426e-06
6.212122455000000627e+03 2.003536602119765711e-03 2.590441736850164426e-06
6.220119425000000774e+03 1.997360533714740045e-03 2.590441736850164426e-06
6.228116395000000011e+03 1.993456924007644057e-03 2.590441736850164426e-06
6.236113365000000158e+03 1.994106273437178112e-03 2.590441736850164426e-06
6.244110335000000305e+03 1.982814029753834223e-03 2.590441736850164426e-06
6.252107305000000451e+03 1.977953469419036370e-03 2.590441736850164426e-06
6.260104275000000598e+03 1.977045449523757818e-03 2.590441736850164426e-06
6.268101244999999835e+03 1.967772880643231959e-03 2.590441736850164426e-06
6.276098214999999982e+03 1.965131107656195326e-03 2.590441736850164426e-06
6.284095185000000129e+03 1.959443616812021980e-03 2.590441736850164426e-06
6.292092155000000275e+03 1.953018003978424086e-03 2.590441736850164426e-06
6.300089125000000422e+03 1.949234605984915452e-03 2.590441736850164426e-06
6.308086095000000569e+03 1.944022272201108769e-03 2.590441736850164426e-06
6.316083065000000715e+03 1.941840023522882876e-03 2.590441736850164426e-06
6.324080034999999953e+03 1.933834987827308611e-03 2.590441736850164426e-06
6.332077005000000099e+03 1.930560507708745490e-03 2.590441736850164426e-06
6.340073975000000246e+03 1.925699003216103065e-03 2.590441736850164426e-06
6.348070945000000393e+03 1.918322264679136547e-03 2.590441736850164426e-06
6.356067915000000539e+03 1.918229803816873117e-03 2.590441736850164426e-06
6.364064884999999776e+03 1.909223710275563882e-03 2.590441736850164426e-06
6.372061854999999923e+03 1.901575528577097206e-03 2.590441736850164426e-06
6.380058825000000070e+03 1.907815687235841573e-03 2.590441736850164426e-06
6.388055795000000217e+03 1.893233238843153830e-03 2.590441736850164426e-06
6.396052765000000363e+03 1.892179993750657411e-03 2.590441736850164426e-06
6.404049735000000510e+03 1.887007929236590026e-03 2.590441736850164426e-06
6.412046705000000657e+03 1.887288331387039757e-03 2.590441736850164426e-06
6.420043674999999894e+03 1.881951912992468065e-03 2.590441736850164426e-06
6.428040645000000040e+03 1.889673383194924927e-03 2.590441736850164426e-06
6.436037615000000187e+03 1.885518867048351825e-03 2.590441736850164426e-06
6.444034585000000334e+03 1.885755689371208148e-03 2.590441736850164426e-06
6.452031555000000481e+03 1.888327179176707300e-03 2.590441736850164426e-06
6.460028524999999718e+03 1.891994748320268089e-03 2.590441736850164426e-06
6.468025494999999864e+03 1.902298493318541365e-03 2.590441736850164426e-06
6.476022465000000011e+03 1.918191866423506154e-03 2.590441736850164426e-06
6.484019435000000158e+03 1.924534073800971074e-03 2.590441736850164426e-06
6.492016405000000304e+03 1.943291146602350904e-03 2.590441736850164426e-06
6.500013375000000451e+03 1.960825150985290050e-03 2.590441736850164426e-06
6.508010345000000598e+03 1.959301448048618270e-03 2.590441736850164426e-06
6.516007314999999835e+03 1.959933948551049847e-03 2.590441736850164426e-06
6.524004284999999982e+03 1.955010963960726860e-03 2.590441736850164426e-06
6.532001255000000128e+03 1.939167503208202642e-03 2.590441736850164426e-06
6.539998225000000275e+03 1.923446504784281745e-03 2.590441736850164426e-06
6.547995194999999512e+03 1.915139202584603337e-03 2.590441736850164426e-06
6.555992164999999659e+03 1.911501553236125009e-03 2.590441736850164426e-06
6.563989134999999806e+03 1.910517288295813035e-03 2.590441736850164426e-06
6.571986104999999952e+03 1.908090159694913633e-03 2.590441736850164426e-06
6.579983075000000099e+03 1.904923175361092824e-03 2.590441736850164426e-06
6.587980045000000246e+03 1.911758157892470529e-03 2.590441736850164426e-06
6.595977015000000392e+03 1.924359207035847502e-03 2.590441736850164426e-06
6.603973985000000539e+03 1.937893469324655955e-03 2.590441736850164426e-06
6.611970954999999776e+03 1.932283940467349748e-03 2.590441736850164426e-06
6.619967924999999923e+03 1.925157892519485008e-03 2.590441736850164426e-06
6.627964895000000070e+03 1.908597972024747525e-03 2.590441736850164426e-06
6.635961865000000216e+03 1.882382055068919629e-03 2.590441736850164426e-06
6.643958834999999453e+03 1.858065033891344048e-03 2.590441736850164426e-06
6.651955804999999600e+03 1.830933909143508389e-03 2.590441736850164426e-06
6.659952774999999747e+03 1.808813191992924641e-03 2.590441736850164426e-06
6.667949744999999893e+03 1.783912862357404146e-03 2.590441736850164426e-06
6.675946715000000040e+03 1.773060283616992652e-03 2.590441736850164426e-06
6.683943685000000187e+03 1.759866534391082721e-03 2.590441736850164426e-06
6.691940655000000334e+03 1.743189456864427389e-03 2.590441736850164426e-06
6.699937624999999571e+03 1.730393202999781473e-03 2.590441736850164426e-06
6.707934594999999717e+03 1.719036564614512654e-03 2.590441736850164426e-06
6.715931564999999864e+03 1.709964556532861260e-03 2.590441736850164426e-06
6.723928535000000011e+03 1.698578914630608080e-03 2.590441736850164426e-06
6.731925505000000157e+03 1.695066409235234739e-03 2.590441736850164426e-06
6.739922474999999395e+03 1.691716010003302233e-03 2.590441736850164426e-06
6.747919444999999541e+03 1.679704143735807941e-03 2.590441736850164426e-06
6.755916414999999688e+03 1.681214877399904569e-03 2.590441736850164426e-06
6.763913384999999835e+03 1.673076600071301580e-03 2.590441736850164426e-06
6.771910354999999981e+03 1.669000014327775639e-03 2.590441736850164426e-06
6.779907325000000128e+03 1.660468685880765825e-03 2.590441736850164426e-06
6.787904295000000275e+03 1.655777433078549571e-03 2.590441736850164426e-06
6.795901264999999512e+03 1.654513563505508348e-03 2.590441736850164426e-06
6.803898234999999659e+03 1.648056676571450947e-03 2.590441736850164426e-06
6.811895204999999805e+03 1.640827212390986826e-03 2.590441736850164426e-06
6.819892174999999952e+03 1.639778359391110560e-03 2.590441736850164426e-06
6.827889145000000099e+03 1.635663793710670196e-03 2.590441736850164426e-06
6.835886114999999336e+03 1.632823385026019574e-03 2.590441736850164426e-06
6.843883084999999483e+03 1.631474806655692925e-03 2.590441736850164426e-06
6.851880054999999629e+03 1.622691514227958716e-03 2.590441736850164426e-06
6.859877024999999776e+03 1.618071387556940756e-03 2.590441736850164426e-06
6.867873994999999923e+03 1.616883808973891079e-03 2.590441736850164426e-06
6.875870965000000069e+03 1.605645120636758991e-03 2.590441736850164426e-06
6.883867935000000216e+03 1.605857505307935066e-03 2.590441736850164426e-06
6.891864904999999453e+03 1.591155878197862217e-03 2.590441736850164426e-06
6.899861874999999600e+03 1.585970113453829145e-03 2.590441736850164426e-06
6.907858844999999747e+03 1.586826190624964546e-03 2.590441736850164426e-06
6.915855814999999893e+03 1.588917710295618783e-03 2.590441736850164426e-06
6.923852784999999130e+03 1.577639298460897527e-03 2.590441736850164426e-06
6.931849754999999277e+03 1.576710027367947149e-03 2.590441736850164426e-06
6.939846724999999424e+03 1.572875055112674678e-03 2.590441736850164426e-06
6.947843694999999570e+03 1.567281239386304412e-03 2.590441736850164426e-06
6.955840664999999717e+03 1.560006861550848742e-03 2.590441736850164426e-06
6.963837634999999864e+03 1.553262406359429094e-03 2.590441736850164426e-06
6.971834605000000010e+03 1.549271083822616668e-03 2.590441736850164426e-06
6.979831575000000157e+03 1.548342024406359390e-03 2.590441736850164426e-06
6.987828544999999394e+03 1.542382695191726362e-03 2.590441736850164426e-06
6.995825514999999541e+03 1.537366280812290384e-03 2.590441736850164426e-06
