6.204125485000000481e+03 1.633110383126232029e-03 2.590441736850164426e-06
6.212122455000000627e+03 1.626267340380197152e-03 2.590441736850164426e-06
6.220119425000000774e+03 1.625843939057319398e-03 2.590441736850164426e-06
6.228116395000000011e+03 1.621575254699936805e-03 2.590441736850164426e-06
6.236113365000000158e+03 1.616097610712401806e-03 2.590441736850164426e-06
6.244110335000000305e+03 1.608734961484451853e-03 2.590441736850164426e-06
6.252107305000000451e+03 1.609207095608194624e-03 2.590441736850164426e-06
6.260104275000000598e+03 1.608672712929494313e-03 2.590441736850164426e-06
6.268101244999999835e+03 1.603317838256630278e-03 2.590441736850164426e-06
6.276098214999999982e+03 1.598356702924643401e-03 2.590441736850164426e-06
6.284095185000000129e+03 1.596122740094246036e-03 2.590441736850164426e-06
6.292092155000000275e+03 1.592555189325334979e-03 2.590441736850164426e-06
6.300089125000000422e+03 1.584877303173000754e-03 2.590441736850164426e-06
6.308086095000000569e+03 1.578547439705579262e-03 2.590441736850164426e-06
6.316083065000000715e+03 1.576532323244913538e-03 2.590441736850164426e-06
6.324080034999999953e+03 1.572398977333658472e-03 2.590441736850164426e-06
6.332077005000000099e+03 1.567461464184630865e-03 2.590441736850164426e-06
6.340073975000000246e+03 1.565257717880399460e-03 2.590441736850164426e-06
6.348070945000000393e+03 1.556650279342939973e-03 2.590441736850164426e-06
6.356067915000000539e+03 1.554553776131924539e-03 2.590441736850164426e-06
6.364064884999999776e+03 1.548266463475249030e-03 2.590441736850164426e-06
6.372061854999999923e+03 1.543432717354713355e-03 2.590441736850164426e-06
6.380058825000000070e+03 1.543537510302086385e-03 2.590441736850164426e-06
6.388055795000000217e+03 1.538573593914590145e-03 2.590441736850164426e-06
6.396052765000000363e+03 1.531758780682174539e-03 2.590441736850164426e-06
6.404049735000000510e+03 1.528144512845044370e-03 2.590441736850164426e-06
6.412046705000000657e+03 1.532843491059256505e-03 2.590441736850164426e-06
6.420043674999999894e+03 1.524651510975504444e-03 2.590441736850164426e-06
6.428040645000000040e+03 1.529381559867651168e-03 2.590441736850164426e-06
6.436037615000000187e+03 1.536324730241403740e-03 2.590441736850164426e-06
6.444034585000000334e+03 1.529715634864848043e-03 2.590441736850164426e-06
6.452031555000000481e+03 1.537072167609448026e-03 2.590441736850164426e-06
6.460028524999999718e+03 1.545368852042019710e-03 2.590441736850164426e-06
6.468025494999999864e+03 1.558226037847590308e-03 2.590441736850164426e-06
6.476022465000000011e+03 1.569710362948030557e-03 2.590441736850164426e-06
6.484019435000000158e+03 1.575311034529993043e-03 2.590441736850164426e-06
6.492016405000000304e+03 1.597802861586097335e-03 2.590441736850164426e-06
6.500013375000000451e+03 1.609782044869749983e-03 2.590441736850164426e-06
6.508010345000000598e+03 1.619991648630481236e-03 2.590441736850164426e-06
6.516007314999999835e+03 1.626297059792370997e-03 2.590441736850164426e-06
6.524004284999999982e+03 1.622772619599524655e-03 2.590441736850164426e-06
6.532001255000000128e+03 1.609534058943044160e-03 2.590441736850164426e-06
6.539998225000000275e+03 1.596678367185278306e-03 2.590441736850164426e-06
6.547995194999999512e+03 1.589040365402263682e-03 2.590441736850164426e-06
6.555992164999999659e+03 1.585637155787817092e-03 2.590441736850164426e-06
6.563989134999999806e+03 1.579996594765923322e-03 2.590441736850164426e-06
6.571986104999999952e+03 1.580757014136435637e-03 2.590441736850164426e-06
6.579983075000000099e+03 1.581970202445604585e-03 2.590441736850164426e-06
6.587980045000000246e+03 1.583326506612489073e-03 2.590441736850164426e-06
6.595977015000000392e+03 1.602996070317454311e-03 2.590441736850164426e-06
6.603973985000000539e+03 1.613848873018876567e-03 2.590441736850164426e-06
6.611970954999999776e+03 1.607321147051887257e-03 2.590441736850164426e-06
6.619967924999999923e+03 1.597693769438180344e-03 2.590441736850164426e-06
6.627964895000000070e+03 1.576675377256869228e-03 2.590441736850164426e-06
6.635961865000000216e+03 1.550313921940870213e-03 2.590441736850164426e-06
6.643958834999999453e+03 1.531350827968704781e-03 2.590441736850164426e-06
6.651955804999999600e+03 1.497578263177129238e-03 2.590441736850164426e-06
6.659952774999999747e+03 1.476645720197386274e-03 2.590441736850164426e-06
6.667949744999999893e+03 1.455203976221088524e-03 2.590441736850164426e-06
6.675946715000000040e+03 1.447563542947689864e-03 2.590441736850164426e-06
6.683943685000000187e+03 1.430523057791675042e-03 2.590441736850164426e-06
6.691940655000000334e+03 1.416677107964892535e-03 2.590441736850164426e-06
6.699937624999999571e+03 1.404610215885582561e-03 2.590441736850164426e-06
6.707934594999999717e+03 1.387726224383212248e-03 2.590441736850164426e-06
6.715931564999999864e+03 1.385704925508808019e-03 2.590441736850164426e-06
6.723928535000000011e+03 1.380648462363186961e-03 2.590441736850164426e-06
6.731925505000000157e+03 1.373483164513537554e-03 2.590441736850164426e-06
6.739922474999999395e+03 1.370369954210600262e-03 2.590441736850164426e-06
6.747919444999999541e+03 1.363157884951336860e-03 2.590441736850164426e-06
6.755916414999999688e+03 1.363343041802550504e-03 2.590441736850164426e-06
6.763913384999999835e+03 1.360562662338234878e-03 2.590441736850164426e-06
6.771910354999999981e+03 1.355706872616227682e-03 2.590441736850164426e-06
6.779907325000000128e+03 1.348740831750618431e-03 2.590441736850164426e-06
6.787904295000000275e+03 1.350840834368639354e-03 2.590441736850164426e-06
6.795901264999999512e+03 1.343699586367610565e-03 2.590441736850164426e-06
6.803898234999999659e+03 1.340472600953848637e-03 2.590441736850164426e-06
6.811895204999999805e+03 1.332410288305384142e-03 2.590441736850164426e-06
6.819892174999999952e+03 1.332270127398196792e-03 2.590441736850164426e-06
6.827889145000000099e+03 1.330157736039138056e-03 2.590441736850164426e-06
6.835886114999999336e+03 1.325798291472788824e-03 2.590441736850164426e-06
6.843883084999999483e+03 1.320455566310544575e-03 2.590441736850164426e-06
6.851880054999999629e+03 1.314072794252036215e-03 2.590441736850164426e-06
6.859877024999999776e+03 1.313961908005609712e-03 2.590441736850164426e-06
6.867873994999999923e+03 1.308608135686032672e-03 2.590441736850164426e-06
6.875870965000000069e+03 1.303351661240896792e-03 2.590441736850164426e-06
6.883867935000000216e+03 1.303178961126165089e-03 2.590441736850164426e-06
6.891864904999999453e+03 1.297098106363974487e-03 2.590441736850164426e-06
6.899861874999999600e+03 1.295770310554130930e-03 2.590441736850164426e-06
6.907858844999999747e+03 1.294337600611249976e-03 2.590441736850164426e-06
6.915855814999999893e+03 1.283721545289688874e-03 2.590441736850164426e-06
6.923852784999999130e+03 1.283584269298152945e-03 2.590441736850164426e-06
6.931849754999999277e+03 1.279009434591038942e-03 2.590441736850164426e-06
6.939846724999999424e+03 1.279532456555506183e-03 2.590441736850164426e-06
6.947843694999999570e+03 1.272160108756313244e-03 2.590441736850164426e-06
6.955840664999999717e+03 1.266437296914448354e-03 2.590441736850164426e-06
6.963837634999999864e+03 1.265102166143304129e-03 2.590441736850164426e-06
6.971834605000000010e+03 1.259713247595775675e-03 2.590441736850164426e-06
6.979831575000000157e+03 1.256624270553768647e-03 2.590441736850164426e-06
6.987828544999999394e+03 1.254866767609693137e-03 2.590441736850164426e-06
6.995825514999999541e+03 1.256001974962503171e-03 2.590441736850164426e-06
