6.204125485000000481e+03 1.446208707963397150e-03 2.590441736850164426e-06
6.212122455000000627e+03 1.443078037686493665e-03 2.590441736850164426e-06
6.220119425000000774e+03 1.434465219220070484e-03 2.590441736850164426e-06
6.228116395000000011e+03 1.435105102479779324e-03 2.590441736850164426e-06
6.236113365000000158e+03 1.430691780692581756e-03 2.590441736850164426e-06
6.244110335000000305e+03 1.422882499973909592e-03 2.590441736850164426e-06
6.252107305000000451e+03 1.424951598844021285e-03 2.590441736850164426e-06
6.260104275000000598e+03 1.421907408423192000e-03 2.590441736850164426e-06
6.268101244999999835e+03 1.410573646062448150e-03 2.590441736850164426e-06
6.276098214999999982e+03 1.409198781891357827e-03 2.590441736850164426e-06
6.284095185000000129e+03 1.407495963152483693e-03 2.590441736850164426e-06
6.292092155000000275e+03 1.408825336097761652e-03 2.590441736850164426e-06
6.300089125000000422e+03 1.399193561844691179e-03 2.590441736850164426e-06
6.308086095000000569e+03 1.399859782575940074e-03 2.590441736850164426e-06
6.316083065000000715e+03 1.391194026100489286e-03 2.590441736850164426e-06
6.324080034999999953e+03 1.389402500399938584e-03 2.590441736850164426e-06
6.332077005000000099e+03 1.382861463820610161e-03 2.590441736850164426e-06
6.340073975000000246e+03 1.382488661060875821e-03 2.590441736850164426e-06
6.348070945000000393e+03 1.376954241960317562e-03 2.590441736850164426e-06
6.356067915000000539e+03 1.372978209326031511e-03 2.590441736850164426e-06
6.364064884999999776e+03 1.374599391928225554e-03 2.590441736850164426e-06
6.372061854999999923e+03 1.365773453207333238e-03 2.590441736850164426e-06
6.380058825000000070e+03 1.361529376021372671e-03 2.590441736850164426e-06
6.388055795000000217e+03 1.361287408373235489e-03 2.590441736850164426e-06
6.396052765000000363e+03 1.353084650002886209e-03 2.590441736850164426e-06
6.404049735000000510e+03 1.352099263478910617e-03 2.590441736850164426e-06
6.412046705000000657e+03 1.354352423546671550e-03 2.590441736850164426e-06
6.420043674999999894e+03 1.348288943242150189e-03 2.590441736850164426e-06
6.428040645000000040e+03 1.355026167345516194e-03 2.590441736850164426e-06
6.436037615000000187e+03 1.359847261135537638e-03 2.590441736850164426e-06
6.444034585000000334e+03 1.352917505897868874e-03 2.590441736850164426e-06
6.452031555000000481e+03 1.367928586403171056e-03 2.590441736850164426e-06
6.460028524999999718e+03 1.371937116708433222e-03 2.590441736850164426e-06
6.468025494999999864e+03 1.382716208745344124e-03 2.590441736850164426e-06
6.476022465000000011e+03 1.394801779694453299e-03 2.590441736850164426e-06
6.484019435000000158e+03 1.407639961127052320e-03 2.590441736850164426e-06
6.492016405000000304e+03 1.430276438746669061e-03 2.590441736850164426e-06
6.500013375000000451e+03 1.439355741841290672e-03 2.590441736850164426e-06
6.508010345000000598e+03 1.448945677153913982e-03 2.590441736850164426e-06
6.516007314999999835e+03 1.455217810592464430e-03 2.590441736850164426e-06
6.524004284999999982e+03 1.448533161826209880e-03 2.590441736850164426e-06
6.532001255000000128e+03 1.431261783582986986e-03 2.590441736850164426e-06
6.539998225000000275e+03 1.421546548159584875e-03 2.590441736850164426e-06
6.547995194999999512e+03 1.416058706156093005e-03 2.590441736850164426e-06
6.555992164999999659e+03 1.409593059298907582e-03 2.590441736850164426e-06
6.563989134999999806e+03 1.410670277640545039e-03 2.590441736850164426e-06
6.571986104999999952e+03 1.410553615163206986e-03 2.590441736850164426e-06
6.579983075000000099e+03 1.408015498232087839e-03 2.590441736850164426e-06
6.587980045000000246e+03 1.418226124524947290e-03 2.590441736850164426e-06
6.595977015000000392e+03 1.432650974684597511e-03 2.590441736850164426e-06
6.603973985000000539e+03 1.441783437229465390e-03 2.590441736850164426e-06
6.611970954999999776e+03 1.445376583600309090e-03 2.590441736850164426e-06
6.619967924999999923e+03 1.425924860859230110e-03 2.590441736850164426e-06
6.627964895000000070e+03 1.410665731392614407e-03 2.590441736850164426e-06
6.635961865000000216e+03 1.390930099146900616e-03 2.590441736850164426e-06
6.643958834999999453e+03 1.371985045685847077e-03 2.590441736850164426e-06
6.651955804999999600e+03 1.337044298994259596e-03 2.590441736850164426e-06
6.659952774999999747e+03 1.316205657395754566e-03 2.590441736850164426e-06
6.667949744999999893e+03 1.290661678264018323e-03 2.590441736850164426e-06
6.675946715000000040e+03 1.282776733011821825e-03 2.590441736850164426e-06
6.683943685000000187e+03 1.267944347381504870e-03 2.590441736850164426e-06
6.691940655000000334e+03 1.248167873869438730e-03 2.590441736850164426e-06
6.699937624999999571e+03 1.245196632289414032e-03 2.590441736850164426e-06
6.707934594999999717e+03 1.232432189917370127e-03 2.590441736850164426e-06
6.715931564999999864e+03 1.229520912679992785e-03 2.590441736850164426e-06
6.723928535000000011e+03 1.221074969862189202e-03 2.590441736850164426e-06
6.731925505000000157e+03 1.215606826943807853e-03 2.590441736850164426e-06
6.739922474999999395e+03 1.213580004815782232e-03 2.590441736850164426e-06
6.747919444999999541e+03 1.209660992644799680e-03 2.590441736850164426e-06
6.755916414999999688e+03 1.209630456884608655e-03 2.590441736850164426e-06
6.763913384999999835e+03 1.200045083209932278e-03 2.590441736850164426e-06
6.771910354999999981e+03 1.205900753104225667e-03 2.590441736850164426e-06
6.779907325000000128e+03 1.196600159894036083e-03 2.590441736850164426e-06
6.787904295000000275e+03 1.194862232505395673e-03 2.590441736850164426e-06
6.795901264999999512e+03 1.183464643016597390e-03 2.590441736850164426e-06
6.803898234999999659e+03 1.185844542571427591e-03 2.590441736850164426e-06
6.811895204999999805e+03 1.177942346824028879e-03 2.590441736850164426e-06
6.819892174999999952e+03 1.180670720125094088e-03 2.590441736850164426e-06
6.827889145000000099e+03 1.174239156607082219e-03 2.590441736850164426e-06
6.835886114999999336e+03 1.177826965253884941e-03 2.590441736850164426e-06
6.843883084999999483e+03 1.167890473817240204e-03 2.590441736850164426e-06
6.851880054999999629e+03 1.167229440395178537e-03 2.590441736850164426e-06
6.859877024999999776e+03 1.158591190222587946e-03 2.590441736850164426e-06
6.867873994999999923e+03 1.163356001886573518e-03 2.590441736850164426e-06
6.875870965000000069e+03 1.156978753532913063e-03 2.590441736850164426e-06
6.883867935000000216e+03 1.153590889894853680e-03 2.590441736850164426e-06
6.891864904999999453e+03 1.152315317644348001e-03 2.590441736850164426e-06
6.899861874999999600e+03 1.150027327685124992e-03 2.590441736850164426e-06
6.907858844999999747e+03 1.139136736949777039e-03 2.590441736850164426e-06
6.915855814999999893e+03 1.139393133346943993e-03 2.590441736850164426e-06
6.923852784999999130e+03 1.140140702218863994e-03 2.590441736850164426e-06
6.931849754999999277e+03 1.134036737761220980e-03 2.590441736850164426e-06
6.939846724999999424e+03 1.129996794613992526e-03 2.590441736850164426e-06
6.947843694999999570e+03 1.129713686791888189e-03 2.590441736850164426e-06
6.955840664999999717e+03 1.123734861335583517e-03 2.590441736850164426e-06
6.963837634999999864e+03 1.117887960555544093e-03 2.590441736850164426e-06
6.971834605000000010e+03 1.121330407324535022e-03 2.590441736850164426e-06
6.979831575000000157e+03 1.111027635601318430e-03 2.590441736850164426e-06
6.987828544999999394e+03 1.103550494612265441e-03 2.590441736850164426e-06
6.995825514999999541e+03 1.105246659733964557e-03 2.590441736850164426e-06
