6.204125485000000481e+03 1.328421414420587676e-03 2.590441736850164426e-06
6.212122455000000627e+03 1.332095400920645144e-03 2.590441736850164426e-06
6.220119425000000774e+03 1.329401896776728634e-03 2.590441736850164426e-06
6.228116395000000011e+03 1.324511854504973512e-03 2.590441736850164426e-06
6.236113365000000158e+03 1.325049628459225651e-03 2.590441736850164426e-06
6.244110335000000305e+03 1.315205237242153720e-03 2.590441736850164426e-06
6.252107305000000451e+03 1.317857292848993939e-03 2.590441736850164426e-06
6.260104275000000598e+03 1.309590983165341256e-03 2.590441736850164426e-06
6.268101244999999835e+03 1.311480943375027469e-03 2.590441736850164426e-06
6.276098214999999982e+03 1.306662968183971898e-03 2.590441736850164426e-06
6.284095185000000129e+03 1.304240626028569609e-03 2.590441736850164426e-06
6.292092155000000275e+03 1.301932520056552729e-03 2.590441736850164426e-06
6.300089125000000422e+03 1.293361325461448623e-03 2.590441736850164426e-06
6.308086095000000569e+03 1.292002543130744583e-03 2.590441736850164426e-06
6.316083065000000715e+03 1.290602174498436385e-03 2.590441736850164426e-06
6.324080034999999953e+03 1.282171545534087007e-03 2.590441736850164426e-06
6.332077005000000099e+03 1.283768401047716105e-03 2.590441736850164426e-06
6.340073975000000246e+03 1.279154212902648430e-03 2.590441736850164426e-06
6.348070945000000393e+03 1.269799807221448813e-03 2.590441736850164426e-06
6.356067915000000539e+03 1.272595912507137623e-03 2.590441736850164426e-06
6.364064884999999776e+03 1.269472190903998560e-03 2.590441736850164426e-06
6.372061854999999923e+03 1.260167240936825583e-03 2.590441736850164426e-06
6.380058825000000070e+03 1.253326409496164978e-03 2.590441736850164426e-06
6.388055795000000217e+03 1.257503120910310719e-03 2.590441736850164426e-06
6.396052765000000363e+03 1.249546211318397059e-03 2.590441736850164426e-06
6.404049735000000510e+03 1.245815876578067237e-03 2.590441736850164426e-06
6.412046705000000657e+03 1.244601169287047181e-03 2.590441736850164426e-06
6.420043674999999894e+03 1.240296111833257605e-03 2.590441736850164426e-06
6.428040645000000040e+03 1.247350203622647107e-03 2.590441736850164426e-06
6.436037615000000187e+03 1.252874442937469213e-03 2.590441736850164426e-06
6.444034585000000334e+03 1.250459504401118084e-03 2.590441736850164426e-06
6.452031555000000481e+03 1.259570685370955522e-03 2.590441736850164426e-06
6.460028524999999718e+03 1.270968955254496956e-03 2.590441736850164426e-06
6.468025494999999864e+03 1.279056697541469450e-03 2.590441736850164426e-06
6.476022465000000011e+03 1.288024637365516728e-03 2.590441736850164426e-06
6.484019435000000158e+03 1.303695006214498648e-03 2.590441736850164426e-06
6.492016405000000304e+03 1.321116202312296473e-03 2.590441736850164426e-06
6.500013375000000451e+03 1.335808046851354788e-03 2.590441736850164426e-06
6.508010345000000598e+03 1.362128439728749934e-03 2.590441736850164426e-06
6.516007314999999835e+03 1.361391146484450861e-03 2.590441736850164426e-06
6.524004284999999982e+03 1.358048792099798667e-03 2.590441736850164426e-06
6.532001255000000128e+03 1.335352712528463685e-03 2.590441736850164426e-06
6.539998225000000275e+03 1.326649092565212280e-03 2.590441736850164426e-06
6.547995194999999512e+03 1.326712481716768545e-03 2.590441736850164426e-06
6.555992164999999659e+03 1.327344640198468940e-03 2.590441736850164426e-06
6.563989134999999806e+03 1.325074530875174203e-03 2.590441736850164426e-06
6.571986104999999952e+03 1.320439086726095780e-03 2.590441736850164426e-06
6.579983075000000099e+03 1.328759165656958523e-03 2.590441736850164426e-06
6.587980045000000246e+03 1.327152331963849050e-03 2.590441736850164426e-06
6.595977015000000392e+03 1.348151638734704358e-03 2.590441736850164426e-06
6.603973985000000539e+03 1.348075330610027213e-03 2.590441736850164426e-06
6.611970954999999776e+03 1.351469751381547367e-03 2.590441736850164426e-06
6.619967924999999923e+03 1.348925240601380566e-03 2.590441736850164426e-06
6.627964895000000070e+03 1.324816381518257886e-03 2.590441736850164426e-06
6.635961865000000216e+03 1.293727164172650242e-03 2.590441736850164426e-06
6.643958834999999453e+03 1.265453809193820391e-03 2.590441736850164426e-06
6.651955804999999600e+03 1.242897034348736931e-03 2.590441736850164426e-06
6.659952774999999747e+03 1.214005976421427425e-03 2.590441736850164426e-06
6.667949744999999893e+03 1.191917274824092973e-03 2.590441736850164426e-06
6.675946715000000040e+03 1.179141900383681111e-03 2.590441736850164426e-06
6.683943685000000187e+03 1.169734238700359790e-03 2.590441736850164426e-06
6.691940655000000334e+03 1.152635262235691656e-03 2.590441736850164426e-06
6.699937624999999571e+03 1.139903213084006006e-03 2.590441736850164426e-06
6.707934594999999717e+03 1.137854190452329247e-03 2.590441736850164426e-06
6.715931564999999864e+03 1.126003927940172388e-03 2.590441736850164426e-06
6.723928535000000011e+03 1.124125134016299918e-03 2.590441736850164426e-06
6.731925505000000157e+03 1.116142597171092396e-03 2.590441736850164426e-06
6.739922474999999395e+03 1.114123885413800938e-03 2.590441736850164426e-06
6.747919444999999541e+03 1.109348093225506326e-03 2.590441736850164426e-06
6.755916414999999688e+03 1.110937861872068715e-03 2.590441736850164426e-06
6.763913384999999835e+03 1.107179200985636790e-03 2.590441736850164426e-06
6.771910354999999981e+03 1.102827896812512290e-03 2.590441736850164426e-06
6.779907325000000128e+03 1.100561270099307187e-03 2.590441736850164426e-06
6.787904295000000275e+03 1.102332251473060395e-03 2.590441736850164426e-06
6.795901264999999512e+03 1.102013783132966673e-03 2.590441736850164426e-06
6.803898234999999659e+03 1.095719648307525275e-03 2.590441736850164426e-06
6.811895204999999805e+03 1.089422341301368290e-03 2.590441736850164426e-06
6.819892174999999952e+03 1.092692007773607855e-03 2.590441736850164426e-06
6.827889145000000099e+03 1.085963992486925446e-03 2.590441736850164426e-06
6.835886114999999336e+03 1.082468811038361095e-03 2.590441736850164426e-06
6.843883084999999483e+03 1.082808916334004109e-03 2.590441736850164426e-06
6.851880054999999629e+03 1.074863240001381736e-03 2.590441736850164426e-06
6.859877024999999776e+03 1.075119716886843973e-03 2.590441736850164426e-06
6.867873994999999923e+03 1.073662099791631956e-03 2.590441736850164426e-06
6.875870965000000069e+03 1.068313760323868307e-03 2.590441736850164426e-06
6.883867935000000216e+03 1.062728988961954626e-03 2.590441736850164426e-06
6.891864904999999453e+03 1.062894848169588591e-03 2.590441736850164426e-06
6.899861874999999600e+03 1.061344629894630468e-03 2.590441736850164426e-06
6.907858844999999747e+03 1.054514108698739565e-03 2.590441736850164426e-06
6.915855814999999893e+03 1.055468775516441157e-03 2.590441736850164426e-06
6.923852784999999130e+03 1.052219717540955760e-03 2.590441736850164426e-06
6.931849754999999277e+03 1.050573486949729412e-03 2.590441736850164426e-06
6.939846724999999424e+03 1.045760869332972758e-03 2.590441736850164426e-06
6.947843694999999570e+03 1.039081856064417563e-03 2.590441736850164426e-06
6.955840664999999717e+03 1.036316832456394632e-03 2.590441736850164426e-06
6.963837634999999864e+03 1.038980239578022680e-03 2.590441736850164426e-06
6.971834605000000010e+03 1.028384201817232222e-03 2.590441736850164426e-06
6.979831575000000157e+03 1.024242799983477543e-03 2.590441736850164426e-06
6.987828544999999394e+03 1.021616079054266319e-03 2.590441736850164426e-06
6.995825514999999541e+03 1.022150404551380124e-03 2.590441736850164426e-06
