6.204125485000000481e+03 1.234487896315329507e-03 2.590441736850164426e-06
6.212122455000000627e+03 1.234412200076690945e-03 2.590441736850164426e-06
6.220119425000000774e+03 1.226951261767616477e-03 2.590441736850164426e-06
6.228116395000000011e+03 1.232412120767421675e-03 2.590441736850164426e-06
6.236113365000000158e+03 1.224263761013047024e-03 2.590441736850164426e-06
6.244110335000000305e+03 1.219232942932898861e-03 2.590441736850164426e-06
6.252107305000000451e+03 1.220398689046108291e-03 2.590441736850164426e-06
6.260104275000000598e+03 1.218536723627571374e-03 2.590441736850164426e-06
6.268101244999999835e+03 1.212438104232923435e-03 2.590441736850164426e-06
6.276098214999999982e+03 1.207945480120819386e-03 2.590441736850164426e-06
6.284095185000000129e+03 1.204384620294051984e-03 2.590441736850164426e-06
6.292092155000000275e+03 1.206278857566090486e-03 2.590441736850164426e-06
6.300089125000000422e+03 1.200015846885177677e-03 2.590441736850164426e-06
6.308086095000000569e+03 1.194353958323342985e-03 2.590441736850164426e-06
6.316083065000000715e+03 1.197925794410939666e-03 2.590441736850164426e-06
6.324080034999999953e+03 1.192715936301310797e-03 2.590441736850164426e-06
6.332077005000000099e+03 1.184720459856754889e-03 2.590441736850164426e-06
6.340073975000000246e+03 1.182853563149843150e-03 2.590441736850164426e-06
6.348070945000000393e+03 1.176733705956897009e-03 2.590441736850164426e-06
6.356067915000000539e+03 1.173991032594589668e-03 2.590441736850164426e-06
6.364064884999999776e+03 1.173670194853028165e-03 2.590441736850164426e-06
6.372061854999999923e+03 1.167998086055761645e-03 2.590441736850164426e-06
6.380058825000000070e+03 1.168077407733361835e-03 2.590441736850164426e-06
6.388055795000000217e+03 1.162643332193589790e-03 2.590441736850164426e-06
6.396052765000000363e+03 1.159972448850851018e-03 2.590441736850164426e-06
6.404049735000000510e+03 1.153000144556007084e-03 2.590441736850164426e-06
6.412046705000000657e+03 1.161251270201480411e-03 2.590441736850164426e-06
6.420043674999999894e+03 1.161870027293280443e-03 2.590441736850164426e-06
6.428040645000000040e+03 1.159131238734841668e-03 2.590441736850164426e-06
6.436037615000000187e+03 1.168838630016997074e-03 2.590441736850164426e-06
6.444034585000000334e+03 1.166882438761125251e-03 2.590441736850164426e-06
6.452031555000000481e+03 1.166309242010215175e-03 2.590441736850164426e-06
6.460028524999999718e+03 1.179466428874508281e-03 2.590441736850164426e-06
6.468025494999999864e+03 1.194646566876070119e-03 2.590441736850164426e-06
6.476022465000000011e+03 1.202491487700929965e-03 2.590441736850164426e-06
6.484019435000000158e+03 1.222273895596119250e-03 2.590441736850164426e-06
6.492016405000000304e+03 1.238788971639398712e-03 2.590441736850164426e-06
6.500013375000000451e+03 1.247486014106132836e-03 2.590441736850164426e-06
6.508010345000000598e+03 1.245500095951252665e-03 2.590441736850164426e-06
6.516007314999999835e+03 1.258121825777016494e-03 2.590441736850164426e-06
6.524004284999999982e+03 1.252141945007241965e-03 2.590441736850164426e-06
6.532001255000000128e+03 1.242328002493466813e-03 2.590441736850164426e-06
6.539998225000000275e+03 1.224032529612128573e-03 2.590441736850164426e-06
6.547995194999999512e+03 1.220485580757726951e-03 2.590441736850164426e-06
6.555992164999999659e+03 1.220937079561322438e-03 2.590441736850164426e-06
6.563989134999999806e+03 1.217632569426823795e-03 2.590441736850164426e-06
6.571986104999999952e+03 1.213399794160579300e-03 2.590441736850164426e-06
6.579983075000000099e+03 1.216112726749014362e-03 2.590441736850164426e-06
6.587980045000000246e+03 1.229536537731164758e-03 2.590441736850164426e-06
6.595977015000000392e+03 1.234586620536247794e-03 2.590441736850164426e-06
6.603973985000000539e+03 1.248399806882399300e-03 2.590441736850164426e-06
6.611970954999999776e+03 1.245790536606110766e-03 2.590441736850164426e-06
6.619967924999999923e+03 1.233836346372462704e-03 2.590441736850164426e-06
6.627964895000000070e+03 1.226984226806477002e-03 2.590441736850164426e-06
6.635961865000000216e+03 1.203389926661184439e-03 2.590441736850164426e-06
6.643958834999999453e+03 1.192582000392650513e-03 2.590441736850164426e-06
6.651955804999999600e+03 1.155111375556058155e-03 2.590441736850164426e-06
6.659952774999999747e+03 1.140568526798056356e-03 2.590441736850164426e-06
6.667949744999999893e+03 1.122431281951933495e-03 2.590441736850164426e-06
6.675946715000000040e+03 1.104818321416310267e-03 2.590441736850164426e-06
6.683943685000000187e+03 1.095170443120479890e-03 2.590441736850164426e-06
6.691940655000000334e+03 1.084233794113732005e-03 2.590441736850164426e-06
6.699937624999999571e+03 1.065999491494840469e-03 2.590441736850164426e-06
6.707934594999999717e+03 1.065780696466044671e-03 2.590441736850164426e-06
6.715931564999999864e+03 1.053522254872811753e-03 2.590441736850164426e-06
6.723928535000000011e+03 1.043429281175657858e-03 2.590441736850164426e-06
6.731925505000000157e+03 1.038329529952098859e-03 2.590441736850164426e-06
6.739922474999999395e+03 1.037977542616463087e-03 2.590441736850164426e-06
6.747919444999999541e+03 1.035094112395111088e-03 2.590441736850164426e-06
6.755916414999999688e+03 1.030749363926241865e-03 2.590441736850164426e-06
6.763913384999999835e+03 1.030742106547418097e-03 2.590441736850164426e-06
6.771910354999999981e+03 1.027677641455961109e-03 2.590441736850164426e-06
6.779907325000000128e+03 1.022059916025147520e-03 2.590441736850164426e-06
6.787904295000000275e+03 1.020108450637766074e-03 2.590441736850164426e-06
6.795901264999999512e+03 1.021924574187915756e-03 2.590441736850164426e-06
6.803898234999999659e+03 1.017940931153930384e-03 2.590441736850164426e-06
6.811895204999999805e+03 1.014134207985125302e-03 2.590441736850164426e-06
6.819892174999999952e+03 1.012734549551860559e-03 2.590441736850164426e-06
6.827889145000000099e+03 1.006050857381452380e-03 2.590441736850164426e-06
6.835886114999999336e+03 1.003064314691499981e-03 2.590441736850164426e-06
6.843883084999999483e+03 1.002794676611373911e-03 2.590441736850164426e-06
6.851880054999999629e+03 9.952268841181147532e-04 2.590441736850164426e-06
6.859877024999999776e+03 9.963360947109723646e-04 2.590441736850164426e-06
6.867873994999999923e+03 9.921466644913677028e-04 2.590441736850164426e-06
6.875870965000000069e+03 9.909560808833712663e-04 2.590441736850164426e-06
6.883867935000000216e+03 9.860535649086922799e-04 2.590441736850164426e-06
6.891864904999999453e+03 9.866719879486720354e-04 2.590441736850164426e-06
6.899861874999999600e+03 9.844070984693974267e-04 2.590441736850164426e-06
6.907858844999999747e+03 9.767917156383594101e-04 2.590441736850164426e-06
6.915855814999999893e+03 9.753123335944648663e-04 2.590441736850164426e-06
6.923852784999999130e+03 9.749458267304362364e-04 2.590441736850164426e-06
6.931849754999999277e+03 9.716582084097667932e-04 2.590441736850164426e-06
6.939846724999999424e+03 9.705505262059069011e-04 2.590441736850164426e-06
6.947843694999999570e+03 9.682642048235046584e-04 2.590441736850164426e-06
6.955840664999999717e+03 9.599069107449484861e-04 2.590441736850164426e-06
6.963837634999999864e+03 9.593893304826626653e-04 2.590441736850164426e-06
6.971834605000000010e+03 9.563078619086054586e-04 2.590441736850164426e-06
6.979831575000000157e+03 9.533407524115836704e-04 2.590441736850164426e-06
6.987828544999999394e+03 9.552709266348755274e-04 2.590441736850164426e-06
6.995825514999999541e+03 9.451315307639278048e-04 2.590441736850164426e-06
