6.204125485000000481e+03 1.523112259333552973e-03 2.590441736850164426e-06
6.212122455000000627e+03 1.523147826896987383e-03 2.590441736850164426e-06
6.220119425000000774e+03 1.510079845743670518e-03 2.590441736850164426e-06
6.228116395000000011e+03 1.512450211463725038e-03 2.590441736850164426e-06
6.236113365000000158e+03 1.510179814356188118e-03 2.590441736850164426e-06
6.244110335000000305e+03 1.505181320316780012e-03 2.590441736850164426e-06
6.252107305000000451e+03 1.503742839177397679e-03 2.590441736850164426e-06
6.260104275000000598e+03 1.494634091360944744e-03 2.590441736850164426e-06
6.268101244999999835e+03 1.496231135134089242e-03 2.590441736850164426e-06
6.276098214999999982e+03 1.491003321230049364e-03 2.590441736850164426e-06
6.284095185000000129e+03 1.483616326862129695e-03 2.590441736850164426e-06
6.292092155000000275e+03 1.486310489004251823e-03 2.590441736850164426e-06
6.300089125000000422e+03 1.475736261248062958e-03 2.590441736850164426e-06
6.308086095000000569e+03 1.473858454861478977e-03 2.590441736850164426e-06
6.316083065000000715e+03 1.467235454764045325e-03 2.590441736850164426e-06
6.324080034999999953e+03 1.460666277523846573e-03 2.590441736850164426e-06
6.332077005000000099e+03 1.461616065346544365e-03 2.590441736850164426e-06
6.340073975000000246e+03 1.455160132668585800e-03 2.590441736850164426e-06
6.348070945000000393e+03 1.451871959750636581e-03 2.590441736850164426e-06
6.356067915000000539e+03 1.450598684877159534e-03 2.590441736850164426e-06
6.364064884999999776e+03 1.448084964279547577e-03 2.590441736850164426e-06
6.372061854999999923e+03 1.436929263904632289e-03 2.590441736850164426e-06
6.380058825000000070e+03 1.429224857025871050e-03 2.590441736850164426e-06
6.388055795000000217e+03 1.429630924343862396e-03 2.590441736850164426e-06
6.396052765000000363e+03 1.426532056267798033e-03 2.590441736850164426e-06
6.404049735000000510e+03 1.429603364390324765e-03 2.590441736850164426e-06
6.412046705000000657e+03 1.421107744981037592e-03 2.590441736850164426e-06
6.420043674999999894e+03 1.418541564906463564e-03 2.590441736850164426e-06
6.428040645000000040e+03 1.419528483708126050e-03 2.590441736850164426e-06
6.436037615000000187e+03 1.425426132497340176e-03 2.590441736850164426e-06
6.444034585000000334e+03 1.429546181886213845e-03 2.590441736850164426e-06
6.452031555000000481e+03 1.431869217445257223e-03 2.590441736850164426e-06
6.460028524999999718e+03 1.441787556720700502e-03 2.590441736850164426e-06
6.468025494999999864e+03 1.449162816312317371e-03 2.590441736850164426e-06
6.476022465000000011e+03 1.460641486100670502e-03 2.590441736850164426e-06
6.484019435000000158e+03 1.480846430548535481e-03 2.590441736850164426e-06
6.492016405000000304e+03 1.494902613982321141e-03 2.590441736850164426e-06
6.500013375000000451e+03 1.511372621885190672e-03 2.590441736850164426e-06
6.508010345000000598e+03 1.532027444437099144e-03 2.590441736850164426e-06
6.516007314999999835e+03 1.534506414265108696e-03 2.590441736850164426e-06
6.524004284999999982e+03 1.529066822432616733e-03 2.590441736850164426e-06
6.532001255000000128e+03 1.510494449422096789e-03 2.590441736850164426e-06
6.539998225000000275e+03 1.492907644986231006e-03 2.590441736850164426e-06
6.547995194999999512e+03 1.494148325561931627e-03 2.590441736850164426e-06
6.555992164999999659e+03 1.494182604564985679e-03 2.590441736850164426e-06
6.563989134999999806e+03 1.494984521453269002e-03 2.590441736850164426e-06
6.571986104999999952e+03 1.489772405605977726e-03 2.590441736850164426e-06
6.579983075000000099e+03 1.490319073533159745e-03 2.590441736850164426e-06
6.587980045000000246e+03 1.496415951020483356e-03 2.590441736850164426e-06
6.595977015000000392e+03 1.513633931555754967e-03 2.590441736850164426e-06
6.603973985000000539e+03 1.520613898922971736e-03 2.590441736850164426e-06
6.611970954999999776e+03 1.527690160080499371e-03 2.590441736850164426e-06
6.619967924999999923e+03 1.512259212806511518e-03 2.590441736850164426e-06
6.627964895000000070e+03 1.485479897139902351e-03 2.590441736850164426e-06
6.635961865000000216e+03 1.458141504691756090e-03 2.590441736850164426e-06
6.643958834999999453e+03 1.427787047485087500e-03 2.590441736850164426e-06
6.651955804999999600e+03 1.409976090639830561e-03 2.590441736850164426e-06
6.659952774999999747e+03 1.380175851856440834e-03 2.590441736850164426e-06
6.667949744999999893e+03 1.358919207086070396e-03 2.590441736850164426e-06
6.675946715000000040e+03 1.343688393579134778e-03 2.590441736850164426e-06
6.683943685000000187e+03 1.326318569477221180e-03 2.590441736850164426e-06
6.691940655000000334e+03 1.313015201423749483e-03 2.590441736850164426e-06
6.699937624999999571e+03 1.305614265068903755e-03 2.590441736850164426e-06
6.707934594999999717e+03 1.290385342199465608e-03 2.590441736850164426e-06
6.715931564999999864e+03 1.290359892983137993e-03 2.590441736850164426e-06
6.723928535000000011e+03 1.280663214825264158e-03 2.590441736850164426e-06
6.731925505000000157e+03 1.278623188585982983e-03 2.590441736850164426e-06
6.739922474999999395e+03 1.271131061061387714e-03 2.590441736850164426e-06
6.747919444999999541e+03 1.268433226976811929e-03 2.590441736850164426e-06
6.755916414999999688e+03 1.266216375870337155e-03 2.590441736850164426e-06
6.763913384999999835e+03 1.262122211221798802e-03 2.590441736850164426e-06
6.771910354999999981e+03 1.259388093823508381e-03 2.590441736850164426e-06
6.779907325000000128e+03 1.262567125813309019e-03 2.590441736850164426e-06
6.787904295000000275e+03 1.252415954320725087e-03 2.590441736850164426e-06
6.795901264999999512e+03 1.260220093473808601e-03 2.590441736850164426e-06
6.803898234999999659e+03 1.249153946682372059e-03 2.590441736850164426e-06
6.811895204999999805e+03 1.247520547582137195e-03 2.590441736850164426e-06
6.819892174999999952e+03 1.247265876599825936e-03 2.590441736850164426e-06
6.827889145000000099e+03 1.241477703353284631e-03 2.590441736850164426e-06
6.835886114999999336e+03 1.239785327200566530e-03 2.590441736850164426e-06
6.843883084999999483e+03 1.233528256250298119e-03 2.590441736850164426e-06
6.851880054999999629e+03 1.225898785516054768e-03 2.590441736850164426e-06
6.859877024999999776e+03 1.218768510948050644e-03 2.590441736850164426e-06
6.867873994999999923e+03 1.223211441488398880e-03 2.590441736850164426e-06
6.875870965000000069e+03 1.218718793702719579e-03 2.590441736850164426e-06
6.883867935000000216e+03 1.221300523189933901e-03 2.590441736850164426e-06
6.891864904999999453e+03 1.209426414604753081e-03 2.590441736850164426e-06
6.899861874999999600e+03 1.205982085468157482e-03 2.590441736850164426e-06
6.907858844999999747e+03 1.207439563311632187e-03 2.590441736850164426e-06
6.915855814999999893e+03 1.200228795177996164e-03 2.590441736850164426e-06
6.923852784999999130e+03 1.201521003924203076e-03 2.590441736850164426e-06
6.931849754999999277e+03 1.197626395819859991e-03 2.590441736850164426e-06
6.939846724999999424e+03 1.193272030219608062e-03 2.590441736850164426e-06
6.947843694999999570e+03 1.186629754838110229e-03 2.590441736850164426e-06
6.955840664999999717e+03 1.180825729512374701e-03 2.590441736850164426e-06
6.963837634999999864e+03 1.179289972928854917e-03 2.590441736850164426e-06
6.971834605000000010e+03 1.170785746141627792e-03 2.590441736850164426e-06
6.979831575000000157e+03 1.169648127734731124e-03 2.590441736850164426e-06
6.987828544999999394e+03 1.169412637029413043e-03 2.590441736850164426e-06
6.995825514999999541e+03 1.170170107524801236e-03 2.590441736850164426e-06
