6.204125485000000481e+03 1.201206592755684832e-03 2.590441736850164426e-06
6.212122455000000627e+03 1.198422000047755839e-03 2.590441736850164426e-06
6.220119425000000774e+03 1.190904632161531680e-03 2.590441736850164426e-06
6.228116395000000011e+03 1.193459480607242818e-03 2.590441736850164426e-06
6.236113365000000158e+03 1.187170971884536153e-03 2.590441736850164426e-06
6.244110335000000305e+03 1.181765505753386855e-03 2.590441736850164426e-06
6.252107305000000451e+03 1.181460098668021949e-03 2.590441736850164426e-06
6.260104275000000598e+03 1.179097898590474426e-03 2.590441736850164426e-06
6.268101244999999835e+03 1.174214374531291644e-03 2.590441736850164426e-06
6.276098214999999982e+03 1.174018951432401594e-03 2.590441736850164426e-06
6.284095185000000129e+03 1.168453958680731224e-03 2.590441736850164426e-06
6.292092155000000275e+03 1.164646330934216963e-03 2.590441736850164426e-06
6.300089125000000422e+03 1.161229599792792640e-03 2.590441736850164426e-06
6.308086095000000569e+03 1.158835015456548137e-03 2.590441736850164426e-06
6.316083065000000715e+03 1.154858677765243161e-03 2.590441736850164426e-06
6.324080034999999953e+03 1.157457528897426046e-03 2.590441736850164426e-06
6.332077005000000099e+03 1.150874763847036485e-03 2.590441736850164426e-06
6.340073975000000246e+03 1.151277190794917655e-03 2.590441736850164426e-06
6.348070945000000393e+03 1.141599087919984313e-03 2.590441736850164426e-06
6.356067915000000539e+03 1.140182899478172935e-03 2.590441736850164426e-06
6.364064884999999776e+03 1.135190252347075641e-03 2.590441736850164426e-06
6.372061854999999923e+03 1.127531704050638945e-03 2.590441736850164426e-06
6.380058825000000070e+03 1.125078752601449752e-03 2.590441736850164426e-06
6.388055795000000217e+03 1.125749906101987819e-03 2.590441736850164426e-06
6.396052765000000363e+03 1.118544681900667187e-03 2.590441736850164426e-06
6.404049735000000510e+03 1.123269229301547024e-03 2.590441736850164426e-06
6.412046705000000657e+03 1.121967989771613817e-03 2.590441736850164426e-06
6.420043674999999894e+03 1.119408689049000054e-03 2.590441736850164426e-06
6.428040645000000040e+03 1.117205298235274605e-03 2.590441736850164426e-06
6.436037615000000187e+03 1.121731772535023959e-03 2.590441736850164426e-06
6.444034585000000334e+03 1.130821643323878713e-03 2.590441736850164426e-06
6.452031555000000481e+03 1.131423238425540052e-03 2.590441736850164426e-06
6.460028524999999718e+03 1.141618862410254814e-03 2.590441736850164426e-06
6.468025494999999864e+03 1.157418360991398134e-03 2.590441736850164426e-06
6.476022465000000011e+03 1.170267096839171239e-03 2.590441736850164426e-06
6.484019435000000158e+03 1.183202986223731972e-03 2.590441736850164426e-06
6.492016405000000304e+03 1.199379159341735102e-03 2.590441736850164426e-06
6.500013375000000451e+03 1.211385104867797541e-03 2.590441736850164426e-06
6.508010345000000598e+03 1.224963585964548287e-03 2.590441736850164426e-06
6.516007314999999835e+03 1.228482349264137284e-03 2.590441736850164426e-06
6.524004284999999982e+03 1.223373392225374614e-03 2.590441736850164426e-06
6.532001255000000128e+03 1.205024032508976483e-03 2.590441736850164426e-06
6.539998225000000275e+03 1.193468035467575320e-03 2.590441736850164426e-06
6.547995194999999512e+03 1.188700528710727108e-03 2.590441736850164426e-06
6.555992164999999659e+03 1.185671311314434422e-03 2.590441736850164426e-06
6.563989134999999806e+03 1.187835022268714149e-03 2.590441736850164426e-06
6.571986104999999952e+03 1.188002599193362747e-03 2.590441736850164426e-06
6.579983075000000099e+03 1.180766985160560095e-03 2.590441736850164426e-06
6.587980045000000246e+03 1.187106047631474341e-03 2.590441736850164426e-06
6.595977015000000392e+03 1.207532409413529430e-03 2.590441736850164426e-06
6.603973985000000539e+03 1.215500225175309172e-03 2.590441736850164426e-06
6.611970954999999776e+03 1.225034189615369909e-03 2.590441736850164426e-06
6.619967924999999923e+03 1.214268934170845615e-03 2.590441736850164426e-06
6.627964895000000070e+03 1.195242894479383363e-03 2.590441736850164426e-06
6.635961865000000216e+03 1.180476243711668215e-03 2.590441736850164426e-06
6.643958834999999453e+03 1.150347747766723673e-03 2.590441736850164426e-06
6.651955804999999600e+03 1.127503101196481502e-03 2.590441736850164426e-06
6.659952774999999747e+03 1.099157433430967461e-03 2.590441736850164426e-06
6.667949744999999893e+03 1.081375097838880531e-03 2.590441736850164426e-06
6.675946715000000040e+03 1.065163091103141788e-03 2.590441736850164426e-06
6.683943685000000187e+03 1.052167902660962589e-03 2.590441736850164426e-06
6.691940655000000334e+03 1.041023936422109204e-03 2.590441736850164426e-06
6.699937624999999571e+03 1.031301719960022465e-03 2.590441736850164426e-06
6.707934594999999717e+03 1.023571948427892675e-03 2.590441736850164426e-06
6.715931564999999864e+03 1.017498517992853182e-03 2.590441736850164426e-06
6.723928535000000011e+03 1.009418084413815772e-03 2.590441736850164426e-06
6.731925505000000157e+03 1.002160257065967891e-03 2.590441736850164426e-06
6.739922474999999395e+03 1.004264233817787118e-03 2.590441736850164426e-06
6.747919444999999541e+03 1.000105551717131881e-03 2.590441736850164426e-06
6.755916414999999688e+03 1.001257309608793869e-03 2.590441736850164426e-06
6.763913384999999835e+03 9.959544333618421379e-04 2.590441736850164426e-06
6.771910354999999981e+03 9.959475541925799126e-04 2.590441736850164426e-06
6.779907325000000128e+03 9.943880316119254464e-04 2.590441736850164426e-06
6.787904295000000275e+03 9.894486304756291463e-04 2.590441736850164426e-06
6.795901264999999512e+03 9.863226470759253739e-04 2.590441736850164426e-06
6.803898234999999659e+03 9.837612233312754452e-04 2.590441736850164426e-06
6.811895204999999805e+03 9.774920605449544109e-04 2.590441736850164426e-06
6.819892174999999952e+03 9.772639962631027473e-04 2.590441736850164426e-06
6.827889145000000099e+03 9.694058297148998738e-04 2.590441736850164426e-06
6.835886114999999336e+03 9.758095040990146006e-04 2.590441736850164426e-06
6.843883084999999483e+03 9.681262470045933540e-04 2.590441736850164426e-06
6.851880054999999629e+03 9.683905012918347195e-04 2.590441736850164426e-06
6.859877024999999776e+03 9.674934137158068808e-04 2.590441736850164426e-06
6.867873994999999923e+03 9.575641201452949128e-04 2.590441736850164426e-06
6.875870965000000069e+03 9.601764984801539407e-04 2.590441736850164426e-06
6.883867935000000216e+03 9.581880958493652371e-04 2.590441736850164426e-06
6.891864904999999453e+03 9.581996289859209294e-04 2.590441736850164426e-06
6.899861874999999600e+03 9.495644062210565391e-04 2.590441736850164426e-06
6.907858844999999747e+03 9.438102008325997957e-04 2.590441736850164426e-06
6.915855814999999893e+03 9.518187041065389155e-04 2.590441736850164426e-06
6.923852784999999130e+03 9.406365808362255904e-04 2.590441736850164426e-06
6.931849754999999277e+03 9.441350856192350354e-04 2.590441736850164426e-06
6.939846724999999424e+03 9.352451495681331824e-04 2.590441736850164426e-06
6.947843694999999570e+03 9.375455362708977206e-04 2.590441736850164426e-06
6.955840664999999717e+03 9.321118368201319676e-04 2.590441736850164426e-06
6.963837634999999864e+03 9.307537715726453857e-04 2.590441736850164426e-06
6.971834605000000010e+03 9.270020496451191914e-04 2.590441736850164426e-06
6.979831575000000157e+03 9.224060720557281014e-04 2.590441736850164426e-06
6.987828544999999394e+03 9.237068119520476387e-04 2.590441736850164426e-06
6.995825514999999541e+03 9.217865527196848676e-04 2.590441736850164426e-06
