4.898068704000000000e+09 2.780772429175068464e+04 5.673303608721028013e+02
4.898149056000000000e+09 2.933760391657433138e+04 5.864538561823984537e+02
4.898222496000000000e+09 3.105871849450093578e+04 6.055773514926938788e+02
4.898302848000000000e+09 3.207863824438337542e+04 6.247008468029895312e+02
4.898471328000000000e+09 3.335353793173641316e+04 6.310753452397547107e+02
4.898556000000000000e+09 3.641329718138370663e+04 6.693223358603460156e+02
4.898647584000000000e+09 3.819815674367796601e+04 6.884458311706416680e+02
4.898733120000000000e+09 4.062046614964873879e+04 7.203183233544674522e+02
4.898813472000000000e+09 3.858062664988387405e+04 7.011948280441720271e+02
4.898899872000000000e+09 3.794317680620735337e+04 6.884458311706416680e+02
4.898997504000000000e+09 3.838939169678092003e+04 6.884458311706416680e+02
4.899066624000000000e+09 3.972803636850161274e+04 7.075693264809373204e+02
4.899152160000000000e+09 4.081170110275169282e+04 7.203183233544674522e+02
4.899341376000000000e+09 3.838939169678092003e+04 6.948203296074068476e+02
4.899416544000000000e+09 3.698700204069257597e+04 6.756968342971111952e+02
4.899502080000000000e+09 3.851688166551622271e+04 6.884458311706416680e+02
4.899593664000000000e+09 3.481967257219240855e+04 6.501988405500503632e+02
4.899680064000000000e+09 3.309855799426580779e+04 6.310753452397547107e+02
4.899766464000000000e+09 2.952883886967728904e+04 5.864538561823984537e+02
4.899840768000000000e+09 2.691529451060355859e+04 5.609558624353376217e+02
4.899932352000000000e+09 2.799895924485364230e+04 5.737048593088679809e+02
4.900018752000000000e+09 2.780772429175068464e+04 5.673303608721028013e+02
4.900110336000000000e+09 2.723401943244182257e+04 5.609558624353376217e+02
4.900179456000000000e+09 2.519417993267695783e+04 5.354578686882767897e+02
4.900253760000000000e+09 2.468422005773573983e+04 5.290833702515114965e+02
4.900334976000000000e+09 2.321808541727974443e+04 5.163343733779812510e+02
4.900506912000000000e+09 2.194318572992670306e+04 4.908363796309203622e+02
4.900620960000000000e+09 2.085952099567661935e+04 4.844618811941552394e+02
4.900696128000000000e+09 1.952087632395592664e+04 4.653383858838595870e+02
4.900788576000000000e+09 1.907466143338236361e+04 4.589638874470942937e+02
4.900879296000000000e+09 1.850095657407349790e+04 4.589638874470942937e+02
4.901131584000000000e+09 2.022207115200009866e+04 4.717128843206247097e+02
4.901217984000000000e+09 1.875593651154410327e+04 4.525893890103291710e+02
4.901281056000000000e+09 1.952087632395592664e+04 4.653383858838595870e+02
4.901378688000000000e+09 1.977585626142653564e+04 4.717128843206247097e+02
4.901452992000000000e+09 2.066828604257366169e+04 4.780873827573900030e+02
4.901545440000000000e+09 2.060454105820601399e+04 4.780873827573900030e+02
4.901642208000000000e+09 2.034956112073540498e+04 4.780873827573900030e+02
4.901723424000000000e+09 2.003083619889714464e+04 4.717128843206247097e+02
4.901804640000000000e+09 2.124199090188253467e+04 4.844618811941552394e+02
4.901890176000000000e+09 2.334557538601504712e+04 5.163343733779812510e+02
4.901977440000000000e+09 2.755274435428007928e+04 5.673303608721028013e+02
4.902028416000000000e+09 3.067624858829502773e+04 5.992028530559286992e+02
4.902136416000000000e+09 3.169616833817746010e+04 6.119518499294591720e+02
4.902206400000000000e+09 3.277983307242755109e+04 6.247008468029895312e+02
4.902308352000000000e+09 3.666827711885431927e+04 6.693223358603460156e+02
4.902367104000000000e+09 3.902684154045744071e+04 7.075693264809373204e+02
4.902452640000000000e+09 3.673202210322197061e+04 6.756968342971111952e+02
4.902716160000000000e+09 4.476389013354611961e+04 7.649398124118239366e+02
4.902789600000000000e+09 4.393520533676664490e+04 7.585653139750587570e+02
4.902876000000000000e+09 4.355273543056072958e+04 7.521908155382934638e+02
4.902956352000000000e+09 4.527385000848733762e+04 7.713143108485891162e+02
4.903047936000000000e+09 4.546508496159029164e+04 7.713143108485891162e+02
4.903128288000000000e+09 4.278779561814890621e+04 7.394418186647631046e+02
4.903225920000000000e+09 4.119417100895760086e+04 7.203183233544674522e+02
4.903300224000000000e+09 3.934556646229569742e+04 7.011948280441720271e+02
4.903374528000000000e+09 3.889935157172213803e+04 7.011948280441720271e+02
4.903460928000000000e+09 3.220612821311867447e+04 6.183263483662243516e+02
4.903543008000000000e+09 2.806270422922129728e+04 5.673303608721028013e+02
4.903650144000000000e+09 2.755274435428007928e+04 5.673303608721028013e+02
4.903730496000000000e+09 2.844517413542720533e+04 5.737048593088679809e+02
4.903816896000000000e+09 2.933760391657433138e+04 5.864538561823984537e+02
4.904000064000000000e+09 2.819019419795659996e+04 5.737048593088679809e+02
4.904074368000000000e+09 2.882764404163311701e+04 5.800793577456331604e+02
4.904154720000000000e+09 3.112246347886859076e+04 6.119518499294591720e+02
4.904247168000000000e+09 3.163242335380980512e+04 6.119518499294591720e+02
4.904327520000000000e+09 3.226987319748632581e+04 6.183263483662243516e+02
4.904430336000000000e+09 3.265234310369223749e+04 6.310753452397547107e+02
4.904510688000000000e+09 3.073999357266267907e+04 6.055773514926938788e+02
4.904579808000000000e+09 3.195114827564806910e+04 6.183263483662243516e+02
4.904671392000000000e+09 3.341728291610406450e+04 6.310753452397547107e+02
4.904762976000000000e+09 3.462843761908945453e+04 6.501988405500503632e+02
4.904854560000000000e+09 3.851688166551622271e+04 6.948203296074068476e+02
4.904934912000000000e+09 3.979178135286926408e+04 7.139438249177023863e+02
4.905021312000000000e+09 4.087544608711934416e+04 7.203183233544674522e+02
4.905101664000000000e+09 4.329775549309012422e+04 7.458163171015282842e+02
4.905193248000000000e+09 4.266030564941360353e+04 7.394418186647631046e+02
4.905273600000000000e+09 4.215034577447238553e+04 7.330673202279979250e+02
4.905325440000000000e+09 4.266030564941360353e+04 7.394418186647631046e+02
4.905410976000000000e+09 4.087544608711934416e+04 7.266928217912326318e+02
4.905508608000000000e+09 3.781568683747205068e+04 6.884458311706416680e+02
4.905571680000000000e+09 3.953680141539865144e+04 7.011948280441720271e+02
4.905658944000000000e+09 3.730572696253083268e+04 6.820713327338764884e+02
4.905743616000000000e+09 3.724198197816318134e+04 6.820713327338764884e+02
4.905831744000000000e+09 3.698700204069257597e+04 6.756968342971111952e+02
4.905909504000000000e+09 3.609457225954544992e+04 6.693223358603460156e+02
4.905996768000000000e+09 3.418222272851588787e+04 6.438243421132851836e+02
4.906082304000000000e+09 3.845313668114857137e+04 6.884458311706416680e+02
4.906203264000000000e+09 4.266030564941360353e+04 7.394418186647631046e+02
4.906288800000000000e+09 4.540133997722264030e+04 7.713143108485891162e+02
4.906370016000000000e+09 4.221409075884004415e+04 7.330673202279979250e+02
4.906421856000000000e+09 4.113042602458994952e+04 7.266928217912326318e+02
4.906507392000000000e+09 4.042923119654578477e+04 7.139438249177023863e+02
4.906593792000000000e+09 3.679576708758962195e+04 6.693223358603460156e+02
4.906679328000000000e+09 3.437345768161884916e+04 6.438243421132851836e+02
4.906765728000000000e+09 3.405473275978058518e+04 6.438243421132851836e+02
4.906852128000000000e+09 3.870811661861917673e+04 6.948203296074068476e+02
4.906932480000000000e+09 3.934556646229569742e+04 7.075693264809373204e+02
4.907018016000000000e+09 3.768819686873674800e+04 6.820713327338764884e+02
4.907109600000000000e+09 3.577584733770718594e+04 6.565733389868156564e+02
4.907183904000000000e+09 3.590333730644249590e+04 6.629478374235808360e+02
4.907267712000000000e+09 4.036548621217813343e+04 7.139438249177023863e+02
4.907356704000000000e+09 3.928182147792804608e+04 7.011948280441720271e+02
4.907447424000000000e+09 3.838939169678092003e+04 6.948203296074068476e+02
4.907521728000000000e+09 3.921807649356039474e+04 7.011948280441720271e+02
4.907608992000000000e+09 3.877186160298682807e+04 6.948203296074068476e+02
4.907694528000000000e+09 3.845313668114857137e+04 6.948203296074068476e+02
4.907780064000000000e+09 3.813441175931030739e+04 6.884458311706416680e+02
4.907952000000000000e+09 3.596708229081014724e+04 6.693223358603460156e+02
4.908037536000000000e+09 3.609457225954544992e+04 6.629478374235808360e+02
4.908135168000000000e+09 3.539337743150127062e+04 6.565733389868156564e+02
4.908215520000000000e+09 3.654078715011900931e+04 6.693223358603460156e+02
4.908307104000000000e+09 3.762445188436909666e+04 6.820713327338764884e+02
4.908376224000000000e+09 3.685951207195727329e+04 6.756968342971111952e+02
4.908456576000000000e+09 3.603082727517779131e+04 6.693223358603460156e+02
4.908559392000000000e+09 3.870811661861917673e+04 6.948203296074068476e+02
4.908639744000000000e+09 3.991927132160456677e+04 7.075693264809373204e+02
4.908737376000000000e+09 4.036548621217813343e+04 7.139438249177023863e+02
4.908806496000000000e+09 4.266030564941360353e+04 7.394418186647631046e+02
4.908909312000000000e+09 4.361648041492838092e+04 7.521908155382934638e+02
4.908983616000000000e+09 4.667623966457567440e+04 7.904378061588847686e+02
4.909069152000000000e+09 5.088340863284070656e+04 8.350592952162411393e+02
4.909155552000000000e+09 5.336946302317913069e+04 8.541827905265369054e+02
4.909225536000000000e+09 5.266826819513496594e+04 8.541827905265369054e+02
4.909333536000000000e+09 5.018221380479654181e+04 8.223102983427108938e+02
4.909408704000000000e+09 4.820611928939932841e+04 8.031868030324152414e+02
4.909489056000000000e+09 4.578380988342854835e+04 7.776888092853542958e+02
4.909580640000000000e+09 4.527385000848733762e+04 7.649398124118239366e+02
4.909648896000000000e+09 4.419018527423725027e+04 7.521908155382934638e+02
4.909736160000000000e+09 4.151289593079586484e+04 7.266928217912326318e+02
4.909844160000000000e+09 3.520214247839832387e+04 6.565733389868156564e+02
4.909919328000000000e+09 3.507465250966301392e+04 6.565733389868156564e+02
4.909981536000000000e+09 3.411847774414822925e+04 6.501988405500503632e+02
4.910079168000000000e+09 3.175991332254511144e+04 6.119518499294591720e+02
4.910153472000000000e+09 3.195114827564806910e+04 6.119518499294591720e+02
4.910257152000000000e+09 3.443720266598649323e+04 6.438243421132851836e+02
4.910308128000000000e+09 3.475592758782474993e+04 6.501988405500503632e+02
4.910440320000000000e+09 3.851688166551622271e+04 6.948203296074068476e+02
4.910526720000000000e+09 3.921807649356039474e+04 7.075693264809373204e+02
4.910612256000000000e+09 3.596708229081014724e+04 6.629478374235808360e+02
4.910648544000000000e+09 3.615831724391310127e+04 6.629478374235808360e+02
4.910772960000000000e+09 3.641329718138370663e+04 6.693223358603460156e+02
4.910818752000000000e+09 3.603082727517779131e+04 6.629478374235808360e+02
4.910906880000000000e+09 3.679576708758962195e+04 6.756968342971111952e+02
4.910987232000000000e+09 3.768819686873674800e+04 6.884458311706416680e+02
4.911078816000000000e+09 3.590333730644249590e+04 6.629478374235808360e+02
4.911165216000000000e+09 3.609457225954544992e+04 6.629478374235808360e+02
4.911245568000000000e+09 3.462843761908945453e+04 6.501988405500503632e+02
4.911337152000000000e+09 3.246110815058928347e+04 6.247008468029895312e+02
4.911409728000000000e+09 3.252485313495693117e+04 6.247008468029895312e+02
4.911503904000000000e+09 3.277983307242755109e+04 6.310753452397547107e+02
4.911584256000000000e+09 3.150493338507450608e+04 6.119518499294591720e+02
4.911669792000000000e+09 3.131369843197154842e+04 6.055773514926938788e+02
4.911761376000000000e+09 3.080373855703033405e+04 6.055773514926938788e+02
4.911840000000000000e+09 2.825393918232425494e+04 5.737048593088679809e+02
4.911920352000000000e+09 2.729776441680947391e+04 5.609558624353376217e+02
4.912005888000000000e+09 2.729776441680947391e+04 5.673303608721028013e+02
4.912092288000000000e+09 2.806270422922129728e+04 5.737048593088679809e+02
4.912189920000000000e+09 2.672405955750060093e+04 5.545813639985723285e+02
4.912276320000000000e+09 2.831768416669190628e+04 5.737048593088679809e+02
4.912373088000000000e+09 3.105871849450093578e+04 6.055773514926938788e+02
4.912459488000000000e+09 3.507465250966301392e+04 6.565733389868156564e+02
4.912538976000000000e+09 3.743321693126613536e+04 6.884458311706416680e+02
4.912608096000000000e+09 3.520214247839832387e+04 6.501988405500503632e+02
4.912710912000000000e+09 3.354477288483936718e+04 6.374498436765200040e+02
4.912786080000000000e+09 3.328979294736876182e+04 6.374498436765200040e+02
4.912860384000000000e+09 3.163242335380980512e+04 6.119518499294591720e+02
4.912951968000000000e+09 3.073999357266267907e+04 6.055773514926938788e+02
4.913038368000000000e+09 3.379975282230997254e+04 6.438243421132851836e+02
4.913123904000000000e+09 3.469218260345710587e+04 6.501988405500503632e+02
4.913215488000000000e+09 3.940931144666334876e+04 7.011948280441720271e+02
