4.904671392000000000e+09 0.000000000000000000e+00 0.000000000000000000e+00
4.904762976000000000e+09 0.000000000000000000e+00 0.000000000000000000e+00
4.904854560000000000e+09 0.000000000000000000e+00 0.000000000000000000e+00
4.904934912000000000e+09 0.000000000000000000e+00 0.000000000000000000e+00
4.905021312000000000e+09 0.000000000000000000e+00 0.000000000000000000e+00
4.905101664000000000e+09 0.000000000000000000e+00 0.000000000000000000e+00
4.905193248000000000e+09 0.000000000000000000e+00 0.000000000000000000e+00
4.905273600000000000e+09 0.000000000000000000e+00 0.000000000000000000e+00
4.905325440000000000e+09 0.000000000000000000e+00 0.000000000000000000e+00
4.905410976000000000e+09 0.000000000000000000e+00 0.000000000000000000e+00
4.905508608000000000e+09 0.000000000000000000e+00 0.000000000000000000e+00
4.905571680000000000e+09 0.000000000000000000e+00 0.000000000000000000e+00
4.905658944000000000e+09 0.000000000000000000e+00 0.000000000000000000e+00
4.905743616000000000e+09 0.000000000000000000e+00 0.000000000000000000e+00
4.905831744000000000e+09 0.000000000000000000e+00 0.000000000000000000e+00
4.905909504000000000e+09 0.000000000000000000e+00 0.000000000000000000e+00
4.905996768000000000e+09 0.000000000000000000e+00 0.000000000000000000e+00
4.906082304000000000e+09 0.000000000000000000e+00 0.000000000000000000e+00
4.906203264000000000e+09 0.000000000000000000e+00 0.000000000000000000e+00
4.906288800000000000e+09 0.000000000000000000e+00 0.000000000000000000e+00
4.906370016000000000e+09 0.000000000000000000e+00 0.000000000000000000e+00
4.906421856000000000e+09 0.000000000000000000e+00 0.000000000000000000e+00
4.906507392000000000e+09 0.000000000000000000e+00 0.000000000000000000e+00
4.906593792000000000e+09 0.000000000000000000e+00 0.000000000000000000e+00
4.906679328000000000e+09 0.000000000000000000e+00 0.000000000000000000e+00
4.906765728000000000e+09 0.000000000000000000e+00 0.000000000000000000e+00
4.906852128000000000e+09 0.000000000000000000e+00 0.000000000000000000e+00
4.906932480000000000e+09 0.000000000000000000e+00 0.000000000000000000e+00
4.907018016000000000e+09 0.000000000000000000e+00 0.000000000000000000e+00
4.907109600000000000e+09 0.000000000000000000e+00 0.000000000000000000e+00
4.907183904000000000e+09 0.000000000000000000e+00 0.000000000000000000e+00
4.907267712000000000e+09 0.000000000000000000e+00 0.000000000000000000e+00
4.907356704000000000e+09 0.000000000000000000e+00 0.000000000000000000e+00
4.907447424000000000e+09 0.000000000000000000e+00 0.000000000000000000e+00
4.907521728000000000e+09 0.000000000000000000e+00 0.000000000000000000e+00
4.907608992000000000e+09 0.000000000000000000e+00 0.000000000000000000e+00
4.907694528000000000e+09 0.000000000000000000e+00 0.000000000000000000e+00
4.907780064000000000e+09 0.000000000000000000e+00 0.000000000000000000e+00
4.907952000000000000e+09 0.000000000000000000e+00 0.000000000000000000e+00
4.908037536000000000e+09 0.000000000000000000e+00 0.000000000000000000e+00
4.908135168000000000e+09 0.000000000000000000e+00 0.000000000000000000e+00
4.908215520000000000e+09 0.000000000000000000e+00 0.000000000000000000e+00
4.908307104000000000e+09 0.000000000000000000e+00 0.000000000000000000e+00
4.908376224000000000e+09 0.000000000000000000e+00 0.000000000000000000e+00
4.908456576000000000e+09 0.000000000000000000e+00 0.000000000000000000e+00
4.908559392000000000e+09 0.000000000000000000e+00 0.000000000000000000e+00
4.908639744000000000e+09 0.000000000000000000e+00 0.000000000000000000e+00
4.908737376000000000e+09 0.000000000000000000e+00 0.000000000000000000e+00
4.908806496000000000e+09 0.000000000000000000e+00 0.000000000000000000e+00
4.908909312000000000e+09 0.000000000000000000e+00 0.000000000000000000e+00
4.908983616000000000e+09 0.000000000000000000e+00 0.000000000000000000e+00
4.909069152000000000e+09 0.000000000000000000e+00 0.000000000000000000e+00
4.909155552000000000e+09 0.000000000000000000e+00 0.000000000000000000e+00
4.909225536000000000e+09 0.000000000000000000e+00 0.000000000000000000e+00
4.909333536000000000e+09 0.000000000000000000e+00 0.000000000000000000e+00
4.909408704000000000e+09 0.000000000000000000e+00 0.000000000000000000e+00
4.909489056000000000e+09 0.000000000000000000e+00 0.000000000000000000e+00
4.909580640000000000e+09 0.000000000000000000e+00 0.000000000000000000e+00
4.909648896000000000e+09 0.000000000000000000e+00 0.000000000000000000e+00
4.909736160000000000e+09 0.000000000000000000e+00 0.000000000000000000e+00
4.909844160000000000e+09 0.000000000000000000e+00 0.000000000000000000e+00
4.909919328000000000e+09 0.000000000000000000e+00 0.000000000000000000e+00
4.909981536000000000e+09 0.000000000000000000e+00 0.000000000000000000e+00
4.910079168000000000e+09 0.000000000000000000e+00 0.000000000000000000e+00
4.910153472000000000e+09 0.000000000000000000e+00 0.000000000000000000e+00
4.910257152000000000e+09 0.000000000000000000e+00 0.000000000000000000e+00
4.910308128000000000e+09 0.000000000000000000e+00 0.000000000000000000e+00
4.910440320000000000e+09 0.000000000000000000e+00 0.000000000000000000e+00
4.910526720000000000e+09 0.000000000000000000e+00 0.000000000000000000e+00
4.910612256000000000e+09 0.000000000000000000e+00 0.000000000000000000e+00
4.910648544000000000e+09 0.000000000000000000e+00 0.000000000000000000e+00
4.910772960000000000e+09 0.000000000000000000e+00 0.000000000000000000e+00
4.910818752000000000e+09 0.000000000000000000e+00 0.000000000000000000e+00
4.910906880000000000e+09 0.000000000000000000e+00 0.000000000000000000e+00
4.910987232000000000e+09 0.000000000000000000e+00 0.000000000000000000e+00
4.911078816000000000e+09 0.000000000000000000e+00 0.000000000000000000e+00
4.911165216000000000e+09 0.000000000000000000e+00 0.000000000000000000e+00
4.911245568000000000e+09 0.000000000000000000e+00 0.000000000000000000e+00
4.911337152000000000e+09 0.000000000000000000e+00 0.000000000000000000e+00
4.911409728000000000e+09 0.000000000000000000e+00 0.000000000000000000e+00
4.911503904000000000e+09 0.000000000000000000e+00 0.000000000000000000e+00
4.911584256000000000e+09 0.000000000000000000e+00 0.000000000000000000e+00
4.911669792000000000e+09 0.000000000000000000e+00 0.000000000000000000e+00
4.911761376000000000e+09 0.000000000000000000e+00 0.000000000000000000e+00
4.911840000000000000e+09 0.000000000000000000e+00 0.000000000000000000e+00
4.911920352000000000e+09 0.000000000000000000e+00 0.000000000000000000e+00
4.912005888000000000e+09 0.000000000000000000e+00 0.000000000000000000e+00
4.912092288000000000e+09 0.000000000000000000e+00 0.000000000000000000e+00
4.912189920000000000e+09 0.000000000000000000e+00 0.000000000000000000e+00
4.912276320000000000e+09 0.000000000000000000e+00 0.000000000000000000e+00
4.912373088000000000e+09 0.000000000000000000e+00 0.000000000000000000e+00
4.912459488000000000e+09 0.000000000000000000e+00 0.000000000000000000e+00
4.912538976000000000e+09 0.000000000000000000e+00 0.000000000000000000e+00
4.912608096000000000e+09 0.000000000000000000e+00 0.000000000000000000e+00
4.912710912000000000e+09 0.000000000000000000e+00 0.000000000000000000e+00
4.912786080000000000e+09 0.000000000000000000e+00 0.000000000000000000e+00
4.912860384000000000e+09 0.000000000000000000e+00 0.000000000000000000e+00
4.912951968000000000e+09 0.000000000000000000e+00 0.000000000000000000e+00
4.913038368000000000e+09 0.000000000000000000e+00 0.000000000000000000e+00
4.913123904000000000e+09 0.000000000000000000e+00 0.000000000000000000e+00
4.913215488000000000e+09 0.000000000000000000e+00 0.000000000000000000e+00
