4.898068704000000000e+09 2.780772429175068510e+02 5.673303608721028013e+00
4.898149056000000000e+09 2.933760391657433502e+02 5.864538561823984253e+00
4.898222496000000000e+09 3.105871849450093691e+02 6.055773514926939605e+00
4.898302848000000000e+09 3.207863824438337588e+02 6.247008468029895845e+00
4.898471328000000000e+09 3.335353793173641179e+02 6.310753452397547925e+00
4.898556000000000000e+09 3.641329718138370595e+02 6.693223358603460404e+00
4.898647584000000000e+09 3.819815674367796419e+02 6.884458311706416644e+00
4.898733120000000000e+09 4.062046614964874607e+02 7.203183233544675268e+00
4.898813472000000000e+09 3.858062664988387382e+02 7.011948280441720804e+00
4.898899872000000000e+09 3.794317680620735587e+02 6.884458311706416644e+00
4.898997504000000000e+09 3.838939169678092185e+02 6.884458311706416644e+00
4.899066624000000000e+09 3.972803636850161411e+02 7.075693264809372884e+00
4.899152160000000000e+09 4.081170110275169804e+02 7.203183233544675268e+00
4.899341376000000000e+09 3.838939169678092185e+02 6.948203296074068724e+00
4.899416544000000000e+09 3.698700204069257325e+02 6.756968342971112484e+00
4.899502080000000000e+09 3.851688166551622885e+02 6.884458311706416644e+00
4.899593664000000000e+09 3.481967257219240537e+02 6.501988405500504165e+00
4.899680064000000000e+09 3.309855799426580916e+02 6.310753452397547925e+00
4.899766464000000000e+09 2.952883886967729268e+02 5.864538561823984253e+00
4.899840768000000000e+09 2.691529451060355882e+02 5.609558624353375933e+00
4.899932352000000000e+09 2.799895924485364276e+02 5.737048593088680093e+00
4.900018752000000000e+09 2.780772429175068510e+02 5.673303608721028013e+00
4.900110336000000000e+09 2.723401943244182348e+02 5.609558624353375933e+00
4.900179456000000000e+09 2.519417993267695692e+02 5.354578686882767613e+00
4.900253760000000000e+09 2.468422005773574028e+02 5.290833702515115533e+00
4.900334976000000000e+09 2.321808541727974387e+02 5.163343733779812261e+00
4.900506912000000000e+09 2.194318572992670511e+02 4.908363796309203941e+00
4.900620960000000000e+09 2.085952099567662117e+02 4.844618811941552750e+00
4.900696128000000000e+09 1.952087632395592607e+02 4.653383858838595621e+00
4.900788576000000000e+09 1.907466143338236293e+02 4.589638874470943541e+00
4.900879296000000000e+09 1.850095657407349847e+02 4.589638874470943541e+00
4.901131584000000000e+09 2.022207115200010037e+02 4.717128843206247701e+00
4.901217984000000000e+09 1.875593651154410395e+02 4.525893890103291461e+00
4.901281056000000000e+09 1.952087632395592607e+02 4.653383858838595621e+00
4.901378688000000000e+09 1.977585626142653723e+02 4.717128843206247701e+00
4.901452992000000000e+09 2.066828604257366351e+02 4.780873827573899781e+00
4.901545440000000000e+09 2.060454105820601285e+02 4.780873827573899781e+00
4.901642208000000000e+09 2.034956112073540737e+02 4.780873827573899781e+00
4.901723424000000000e+09 2.003083619889714555e+02 4.717128843206247701e+00
4.901804640000000000e+09 2.124199090188253365e+02 4.844618811941552750e+00
4.901890176000000000e+09 2.334557538601504803e+02 5.163343733779812261e+00
4.901977440000000000e+09 2.755274435428008246e+02 5.673303608721028013e+00
4.902028416000000000e+09 3.067624858829502728e+02 5.992028530559287525e+00
4.902136416000000000e+09 3.169616833817746056e+02 6.119518499294591685e+00
4.902206400000000000e+09 3.277983307242755018e+02 6.247008468029895845e+00
4.902308352000000000e+09 3.666827711885431995e+02 6.693223358603460404e+00
4.902367104000000000e+09 3.902684154045744549e+02 7.075693264809372884e+00
4.902452640000000000e+09 3.673202210322197061e+02 6.756968342971112484e+00
4.902716160000000000e+09 4.476389013354612416e+02 7.649398124118238940e+00
4.902789600000000000e+09 4.393520533676664854e+02 7.585653139750587748e+00
4.902876000000000000e+09 4.355273543056073322e+02 7.521908155382934780e+00
4.902956352000000000e+09 4.527385000848733512e+02 7.713143108485891908e+00
4.903047936000000000e+09 4.546508496159029846e+02 7.713143108485891908e+00
4.903128288000000000e+09 4.278779561814890826e+02 7.394418186647630620e+00
4.903225920000000000e+09 4.119417100895760768e+02 7.203183233544675268e+00
4.903300224000000000e+09 3.934556646229569878e+02 7.011948280441720804e+00
4.903374528000000000e+09 3.889935157172213849e+02 7.011948280441720804e+00
4.903460928000000000e+09 3.220612821311867719e+02 6.183263483662243765e+00
4.903543008000000000e+09 2.806270422922129910e+02 5.673303608721028013e+00
4.903650144000000000e+09 2.755274435428008246e+02 5.673303608721028013e+00
4.903730496000000000e+09 2.844517413542720874e+02 5.737048593088680093e+00
4.903816896000000000e+09 2.933760391657433502e+02 5.864538561823984253e+00
4.904000064000000000e+09 2.819019419795660042e+02 5.737048593088680093e+00
4.904074368000000000e+09 2.882764404163311838e+02 5.800793577456332173e+00
4.904154720000000000e+09 3.112246347886859326e+02 6.119518499294591685e+00
4.904247168000000000e+09 3.163242335380980990e+02 6.119518499294591685e+00
4.904327520000000000e+09 3.226987319748632785e+02 6.183263483662243765e+00
4.904430336000000000e+09 3.265234310369223749e+02 6.310753452397547925e+00
4.904510688000000000e+09 3.073999357266268362e+02 6.055773514926939605e+00
4.904579808000000000e+09 3.195114827564806887e+02 6.183263483662243765e+00
4.904671392000000000e+09 3.341728291610406245e+02 6.310753452397547925e+00
4.904762976000000000e+09 3.462843761908945339e+02 6.501988405500504165e+00
4.904854560000000000e+09 3.851688166551622885e+02 6.948203296074068724e+00
4.904934912000000000e+09 3.979178135286926477e+02 7.139438249177024964e+00
4.905021312000000000e+09 4.087544608711934870e+02 7.203183233544675268e+00
4.905101664000000000e+09 4.329775549309012490e+02 7.458163171015283588e+00
4.905193248000000000e+09 4.266030564941360694e+02 7.394418186647630620e+00
4.905273600000000000e+09 4.215034577447239030e+02 7.330673202279979428e+00
4.905325440000000000e+09 4.266030564941360694e+02 7.394418186647630620e+00
4.905410976000000000e+09 4.087544608711934870e+02 7.266928217912327348e+00
4.905508608000000000e+09 3.781568683747205455e+02 6.884458311706416644e+00
4.905571680000000000e+09 3.953680141539865645e+02 7.011948280441720804e+00
4.905658944000000000e+09 3.730572696253083222e+02 6.820713327338764564e+00
4.905743616000000000e+09 3.724198197816318725e+02 6.820713327338764564e+00
4.905831744000000000e+09 3.698700204069257325e+02 6.756968342971112484e+00
4.905909504000000000e+09 3.609457225954544697e+02 6.693223358603460404e+00
4.905996768000000000e+09 3.418222272851588741e+02 6.438243421132852085e+00
4.906082304000000000e+09 3.845313668114857251e+02 6.884458311706416644e+00
4.906203264000000000e+09 4.266030564941360694e+02 7.394418186647630620e+00
4.906288800000000000e+09 4.540133997722264212e+02 7.713143108485891908e+00
4.906370016000000000e+09 4.221409075884004096e+02 7.330673202279979428e+00
4.906421856000000000e+09 4.113042602458995134e+02 7.266928217912327348e+00
4.906507392000000000e+09 4.042923119654578272e+02 7.139438249177024964e+00
4.906593792000000000e+09 3.679576708758962127e+02 6.693223358603460404e+00
4.906679328000000000e+09 3.437345768161885076e+02 6.438243421132852085e+00
4.906765728000000000e+09 3.405473275978058609e+02 6.438243421132852085e+00
4.906852128000000000e+09 3.870811661861918083e+02 6.948203296074068724e+00
4.906932480000000000e+09 3.934556646229569878e+02 7.075693264809372884e+00
4.907018016000000000e+09 3.768819686873674755e+02 6.820713327338764564e+00
4.907109600000000000e+09 3.577584733770718799e+02 6.565733389868156245e+00
4.907183904000000000e+09 3.590333730644249499e+02 6.629478374235808324e+00
4.907267712000000000e+09 4.036548621217813206e+02 7.139438249177024964e+00
4.907356704000000000e+09 3.928182147792804813e+02 7.011948280441720804e+00
4.907447424000000000e+09 3.838939169678092185e+02 6.948203296074068724e+00
4.907521728000000000e+09 3.921807649356039747e+02 7.011948280441720804e+00
4.907608992000000000e+09 3.877186160298683149e+02 6.948203296074068724e+00
4.907694528000000000e+09 3.845313668114857251e+02 6.948203296074068724e+00
4.907780064000000000e+09 3.813441175931031353e+02 6.884458311706416644e+00
4.907952000000000000e+09 3.596708229081015133e+02 6.693223358603460404e+00
4.908037536000000000e+09 3.609457225954544697e+02 6.629478374235808324e+00
4.908135168000000000e+09 3.539337743150127267e+02 6.565733389868156245e+00
4.908215520000000000e+09 3.654078715011901295e+02 6.693223358603460404e+00
4.908307104000000000e+09 3.762445188436909689e+02 6.820713327338764564e+00
4.908376224000000000e+09 3.685951207195727761e+02 6.756968342971112484e+00
4.908456576000000000e+09 3.603082727517779631e+02 6.693223358603460404e+00
4.908559392000000000e+09 3.870811661861918083e+02 6.948203296074068724e+00
4.908639744000000000e+09 3.991927132160457177e+02 7.075693264809372884e+00
4.908737376000000000e+09 4.036548621217813206e+02 7.139438249177024964e+00
4.908806496000000000e+09 4.266030564941360694e+02 7.394418186647630620e+00
4.908909312000000000e+09 4.361648041492838388e+02 7.521908155382934780e+00
4.908983616000000000e+09 4.667623966457567803e+02 7.904378061588847260e+00
4.909069152000000000e+09 5.088340863284071247e+02 8.350592952162411819e+00
4.909155552000000000e+09 5.336946302317913933e+02 8.541827905265368059e+00
4.909225536000000000e+09 5.266826819513496503e+02 8.541827905265368059e+00
4.909333536000000000e+09 5.018221380479654385e+02 8.223102983427109436e+00
4.909408704000000000e+09 4.820611928939933364e+02 8.031868030324153196e+00
4.909489056000000000e+09 4.578380988342855176e+02 7.776888092853543100e+00
4.909580640000000000e+09 4.527385000848733512e+02 7.649398124118238940e+00
4.909648896000000000e+09 4.419018527423725118e+02 7.521908155382934780e+00
4.909736160000000000e+09 4.151289593079587235e+02 7.266928217912327348e+00
4.909844160000000000e+09 3.520214247839832069e+02 6.565733389868156245e+00
4.909919328000000000e+09 3.507465250966301937e+02 6.565733389868156245e+00
4.909981536000000000e+09 3.411847774414823107e+02 6.501988405500504165e+00
4.910079168000000000e+09 3.175991332254511121e+02 6.119518499294591685e+00
4.910153472000000000e+09 3.195114827564806887e+02 6.119518499294591685e+00
4.910257152000000000e+09 3.443720266598649573e+02 6.438243421132852085e+00
4.910308128000000000e+09 3.475592758782475471e+02 6.501988405500504165e+00
4.910440320000000000e+09 3.851688166551622885e+02 6.948203296074068724e+00
4.910526720000000000e+09 3.921807649356039747e+02 7.075693264809372884e+00
4.910612256000000000e+09 3.596708229081015133e+02 6.629478374235808324e+00
4.910648544000000000e+09 3.615831724391310331e+02 6.629478374235808324e+00
4.910772960000000000e+09 3.641329718138370595e+02 6.693223358603460404e+00
4.910818752000000000e+09 3.603082727517779631e+02 6.629478374235808324e+00
4.910906880000000000e+09 3.679576708758962127e+02 6.756968342971112484e+00
4.910987232000000000e+09 3.768819686873674755e+02 6.884458311706416644e+00
4.911078816000000000e+09 3.590333730644249499e+02 6.629478374235808324e+00
4.911165216000000000e+09 3.609457225954544697e+02 6.629478374235808324e+00
4.911245568000000000e+09 3.462843761908945339e+02 6.501988405500504165e+00
4.911337152000000000e+09 3.246110815058928551e+02 6.247008468029895845e+00
4.911409728000000000e+09 3.252485313495693617e+02 6.247008468029895845e+00
4.911503904000000000e+09 3.277983307242755018e+02 6.310753452397547925e+00
4.911584256000000000e+09 3.150493338507450858e+02 6.119518499294591685e+00
4.911669792000000000e+09 3.131369843197155092e+02 6.055773514926939605e+00
4.911761376000000000e+09 3.080373855703033428e+02 6.055773514926939605e+00
4.911840000000000000e+09 2.825393918232425676e+02 5.737048593088680093e+00
4.911920352000000000e+09 2.729776441680947414e+02 5.609558624353375933e+00
4.912005888000000000e+09 2.729776441680947414e+02 5.673303608721028013e+00
4.912092288000000000e+09 2.806270422922129910e+02 5.737048593088680093e+00
4.912189920000000000e+09 2.672405955750060116e+02 5.545813639985723853e+00
4.912276320000000000e+09 2.831768416669190742e+02 5.737048593088680093e+00
4.912373088000000000e+09 3.105871849450093691e+02 6.055773514926939605e+00
4.912459488000000000e+09 3.507465250966301937e+02 6.565733389868156245e+00
4.912538976000000000e+09 3.743321693126613923e+02 6.884458311706416644e+00
4.912608096000000000e+09 3.520214247839832069e+02 6.501988405500504165e+00
4.912710912000000000e+09 3.354477288483936945e+02 6.374498436765200005e+00
4.912786080000000000e+09 3.328979294736876113e+02 6.374498436765200005e+00
4.912860384000000000e+09 3.163242335380980990e+02 6.119518499294591685e+00
4.912951968000000000e+09 3.073999357266268362e+02 6.055773514926939605e+00
4.913038368000000000e+09 3.379975282230997777e+02 6.438243421132852085e+00
4.913123904000000000e+09 3.469218260345710974e+02 6.501988405500504165e+00
4.913215488000000000e+09 3.940931144666335513e+02 7.011948280441720804e+00
