56690.61 27807.724291750685 567.3303608721028
56691.54 29337.60391657433 586.4538561823985
56692.39 31058.718494500936 605.5773514926939
56693.32 32078.638244383375 624.7008468029895
56695.27 33353.53793173641 631.0753452397547
56696.25 36413.29718138371 669.322335860346
56697.31 38198.156743677966 688.4458311706417
56698.3 40620.46614964874 720.3183233544675
56699.23 38580.626649883874 701.194828044172
56700.23 37943.17680620735 688.4458311706417
56701.36 38389.39169678092 688.4458311706417
56702.16 39728.03636850161 707.5693264809373
56703.15 40811.70110275169 720.3183233544675
56705.34 38389.39169678092 694.8203296074068
56706.21 36987.002040692576 675.6968342971112
56707.2 38516.88166551622 688.4458311706417
56708.26 34819.67257219241 650.1988405500504
56709.26 33098.55799426581 631.0753452397547
56710.26 29528.83886967729 586.4538561823985
56711.12 26915.29451060356 560.9558624353376
56712.18 27998.959244853642 573.704859308868
56713.18 27807.724291750685 567.3303608721028
56714.24 27234.019432441823 560.9558624353376
56715.04 25194.179932676958 535.4578686882768
56715.9 24684.22005773574 529.0833702515115
56716.84 23218.085417279744 516.3343733779813
56718.83 21943.185729926703 490.83637963092036
56720.15 20859.52099567662 484.46188119415524
56721.02 19520.876323955927 465.3383858838596
56722.09 19074.661433382364 458.9638874470943
56723.14 18500.956574073498 458.9638874470943
56726.06 20222.0711520001 471.7128843206247
56727.06 18755.936511544103 452.58938901032917
56727.79 19520.876323955927 465.3383858838596
56728.92 19775.856261426536 471.7128843206247
56729.78 20668.28604257366 478.08738275739
56730.85 20604.541058206014 478.08738275739
56731.97 20349.561120735405 478.08738275739
56732.91 20030.836198897145 471.7128843206247
56733.85 21241.990901882535 484.46188119415524
56734.84 23345.575386015047 516.3343733779813
56735.85 27552.74435428008 567.3303608721028
56736.44 30676.248588295028 599.2028530559287
56737.69 31696.16833817746 611.9518499294592
56738.5 32779.83307242755 624.7008468029895
56739.68 36668.27711885432 669.322335860346
56740.36 39026.84154045744 707.5693264809373
56741.35 36732.02210322197 675.6968342971112
56744.4 44763.89013354612 764.9398124118239
56745.25 43935.205336766645 758.5653139750588
56746.25 43552.73543056073 752.1908155382935
56747.18 45273.85000848734 771.3143108485891
56748.24 45465.08496159029 771.3143108485891
56749.17 42787.795618148906 739.4418186647631
56750.3 41194.1710089576 720.3183233544675
56751.16 39345.5664622957 701.194828044172
56752.02 38899.35157172214 701.194828044172
56753.02 32206.128213118674 618.3263483662244
56753.97 28062.704229221297 567.3303608721028
56755.21 27552.74435428008 567.3303608721028
56756.14 28445.174135427205 573.704859308868
56757.14 29337.60391657433 586.4538561823985
56759.26 28190.1941979566 573.704859308868
56760.12 28827.644041633117 580.0793577456332
56761.05 31122.46347886859 611.9518499294592
56762.12 31632.423353809805 611.9518499294592
56763.05 32269.873197486326 618.3263483662244
56764.24 32652.343103692237 631.0753452397547
56765.17 30739.99357266268 605.5773514926939
56765.97 31951.14827564807 618.3263483662244
56767.03 33417.282916104064 631.0753452397547
56768.09 34628.437619089455 650.1988405500504
56769.15 38516.88166551622 694.8203296074068
56770.08 39791.781352869264 713.9438249177024
56771.08 40875.446087119344 720.3183233544675
56772.01 43297.755493090124 745.8163171015283
56773.07 42660.3056494136 739.4418186647631
56774.0 42150.345774472386 733.0673202279979
56774.6 42660.3056494136 739.4418186647631
56775.59 40875.446087119344 726.6928217912326
56776.72 37815.68683747205 688.4458311706417
56777.45 39536.80141539865 701.194828044172
56778.46 37305.72696253083 682.0713327338765
56779.44 37241.98197816318 682.0713327338765
56780.46 36987.002040692576 675.6968342971112
56781.36 36094.57225954545 669.322335860346
56782.37 34182.22272851589 643.8243421132852
56783.36 38453.13668114857 688.4458311706417
56784.76 42660.3056494136 739.4418186647631
56785.75 45401.33997722264 771.3143108485891
56786.69 42214.090758840044 733.0673202279979
56787.29 41130.42602458995 726.6928217912326
56788.28 40429.231196545785 713.9438249177024
56789.28 36795.76708758962 669.322335860346
56790.27 34373.45768161885 643.8243421132852
56791.27 34054.732759780585 643.8243421132852
56792.27 38708.11661861918 694.8203296074068
56793.2 39345.5664622957 707.5693264809373
56794.19 37688.19686873675 682.0713327338765
56795.25 35775.847337707186 656.5733389868157
56796.11 35903.337306442496 662.9478374235808
56797.08 40365.48621217813 713.9438249177024
56798.11 39281.821477928046 701.194828044172
56799.16 38389.39169678092 694.8203296074068
56800.02 39218.076493560395 701.194828044172
56801.03 38771.86160298683 694.8203296074068
56802.02 38453.13668114857 694.8203296074068
56803.01 38134.41175931031 688.4458311706417
56805.0 35967.08229081015 669.322335860346
56805.99 36094.57225954545 662.9478374235808
56807.12 35393.37743150127 656.5733389868157
56808.05 36540.78715011901 669.322335860346
56809.11 37624.4518843691 682.0713327338765
56809.91 36859.51207195727 675.6968342971112
56810.84 36030.82727517779 669.322335860346
56812.03 38708.11661861918 694.8203296074068
56812.96 39919.27132160457 707.5693264809373
56814.09 40365.48621217813 713.9438249177024
56814.89 42660.3056494136 739.4418186647631
56816.08 43616.48041492838 752.1908155382935
56816.94 46676.239664575674 790.4378061588848
56817.93 50883.40863284071 835.0592952162411
56818.93 53369.46302317913 854.1827905265369
56819.74 52668.268195134966 854.1827905265369
56820.99 50182.21380479654 822.3102983427109
56821.86 48206.11928939933 803.1868030324152
56822.79 45783.80988342855 777.6888092853543
56823.85 45273.85000848734 764.9398124118239
56824.64 44190.18527423725 752.1908155382935
56825.65 41512.895930795865 726.6928217912326
56826.9 35202.142478398324 656.5733389868157
56827.77 35074.652509663014 656.5733389868157
56828.49 34118.47774414823 650.1988405500504
56829.62 31759.91332254511 611.9518499294592
56830.48 31951.14827564807 611.9518499294592
56831.68 34437.20266598649 643.8243421132852
56832.27 34755.92758782475 650.1988405500504
56833.8 38516.88166551622 694.8203296074068
56834.8 39218.076493560395 707.5693264809373
56835.79 35967.08229081015 662.9478374235808
56836.21 36158.3172439131 662.9478374235808
56837.65 36413.29718138371 669.322335860346
56838.18 36030.82727517779 662.9478374235808
56839.2 36795.76708758962 675.6968342971112
56840.13 37688.19686873675 688.4458311706417
56841.19 35903.337306442496 662.9478374235808
56842.19 36094.57225954545 662.9478374235808
56843.12 34628.437619089455 650.1988405500504
56844.18 32461.108150589283 624.7008468029895
56845.02 32524.85313495693 624.7008468029895
56846.11 32779.83307242755 631.0753452397547
56847.04 31504.933385074506 611.9518499294592
56848.03 31313.69843197155 605.5773514926939
56849.09 30803.738557030334 605.5773514926939
56850.0 28253.939182324255 573.704859308868
56850.93 27297.764416809474 560.9558624353376
56851.92 27297.764416809474 567.3303608721028
56852.92 28062.704229221297 573.704859308868
56854.05 26724.0595575006 554.5813639985723
56855.05 28317.684166691906 573.704859308868
56856.17 31058.718494500936 605.5773514926939
56857.17 35074.652509663014 656.5733389868157
56858.09 37433.216931266135 688.4458311706417
56858.89 35202.142478398324 650.1988405500504
56860.08 33544.77288483937 637.44984367652
56860.95 33289.79294736876 637.44984367652
56861.81 31632.423353809805 611.9518499294592
56862.87 30739.99357266268 605.5773514926939
56863.87 33799.75282230997 643.8243421132852
56864.86 34692.182603457106 650.1988405500504
56865.92 39409.31144666335 701.194828044172
