6.204125485000000481e+03 6.310696565520284018e-01 3.060432190420937781e-03
6.212122455000000627e+03 6.349374365106952300e-01 3.060432190420937781e-03
6.220119425000000774e+03 6.278955392624688825e-01 3.060432190420937781e-03
6.228116395000000011e+03 6.303503260830841670e-01 3.060432190420937781e-03
6.236113365000000158e+03 6.347263507041492892e-01 3.060432190420937781e-03
6.244110335000000305e+03 6.283481443053273718e-01 3.060432190420937781e-03
6.252107305000000451e+03 6.294777491667925551e-01 3.060432190420937781e-03
6.260104275000000598e+03 6.253044038884498779e-01 3.060432190420937781e-03
6.268101244999999835e+03 6.254871313260090826e-01 3.060432190420937781e-03
6.276098214999999982e+03 6.218811102082602016e-01 3.060432190420937781e-03
6.284095185000000129e+03 6.227087445864738502e-01 3.060432190420937781e-03
6.292092155000000275e+03 6.241512090445473504e-01 3.060432190420937781e-03
6.300089125000000422e+03 6.197069335028622117e-01 3.060432190420937781e-03
6.308086095000000569e+03 6.206980552723335709e-01 3.060432190420937781e-03
6.316083065000000715e+03 6.152914122683913467e-01 3.060432190420937781e-03
6.324080034999999953e+03 6.138137398530212341e-01 3.060432190420937781e-03
6.332077005000000099e+03 6.130087019666298209e-01 3.060432190420937781e-03
6.340073975000000246e+03 6.179840708308524944e-01 3.060432190420937781e-03
6.348070945000000393e+03 6.169347316115549873e-01 3.060432190420937781e-03
6.356067915000000539e+03 6.222941711170372203e-01 3.060432190420937781e-03
6.364064884999999776e+03 6.272407582738640519e-01 3.060432190420937781e-03
6.372061854999999923e+03 6.315953885581930827e-01 3.060432190420937781e-03
6.380058825000000070e+03 6.394352985967628467e-01 3.060432190420937781e-03
6.388055795000000217e+03 6.405089190673689536e-01 3.060432190420937781e-03
6.396052765000000363e+03 6.568790686945431556e-01 3.060432190420937781e-03
6.404049735000000510e+03 6.563946774569864306e-01 3.060432190420937781e-03
6.412046705000000657e+03 6.683722522093850094e-01 3.060432190420937781e-03
6.420043674999999894e+03 6.669444368312337224e-01 3.060432190420937781e-03
6.428040645000000040e+03 6.774123564275355003e-01 3.060432190420937781e-03
6.436037615000000187e+03 6.891526800951652820e-01 3.060432190420937781e-03
6.444034585000000334e+03 6.896158477052188873e-01 3.060432190420937781e-03
6.452031555000000481e+03 7.084454020989419121e-01 3.060432190420937781e-03
6.460028524999999718e+03 7.028556013418452153e-01 3.060432190420937781e-03
6.468025494999999864e+03 7.117052365157545690e-01 3.060432190420937781e-03
6.476022465000000011e+03 7.142771024671987767e-01 3.060432190420937781e-03
6.484019435000000158e+03 7.156042332235502679e-01 3.060432190420937781e-03
6.492016405000000304e+03 7.121743347121974876e-01 3.060432190420937781e-03
6.500013375000000451e+03 7.171595798601805294e-01 3.060432190420937781e-03
6.508010345000000598e+03 7.340242480205612097e-01 3.060432190420937781e-03
6.516007314999999835e+03 7.404291204765376389e-01 3.060432190420937781e-03
6.524004284999999982e+03 7.487023692717763579e-01 3.060432190420937781e-03
6.532001255000000128e+03 7.516466593033706012e-01 3.060432190420937781e-03
6.539998225000000275e+03 7.397929417380252337e-01 3.060432190420937781e-03
6.547995194999999512e+03 7.410922656845188028e-01 3.060432190420937781e-03
6.555992164999999659e+03 7.310359357660097812e-01 3.060432190420937781e-03
6.563989134999999806e+03 7.358203085025888379e-01 3.060432190420937781e-03
6.571986104999999952e+03 7.341709649456291675e-01 3.060432190420937781e-03
6.579983075000000099e+03 7.452258188060719712e-01 3.060432190420937781e-03
6.587980045000000246e+03 7.568823106176999493e-01 3.060432190420937781e-03
6.595977015000000392e+03 7.756531753530312434e-01 3.060432190420937781e-03
6.603973985000000539e+03 7.773288950431569422e-01 3.060432190420937781e-03
6.611970954999999776e+03 7.763751534625363826e-01 3.060432190420937781e-03
6.619967924999999923e+03 7.637361618449355349e-01 3.060432190420937781e-03
6.627964895000000070e+03 7.529321790511110946e-01 3.060432190420937781e-03
6.635961865000000216e+03 7.462975174489837604e-01 3.060432190420937781e-03
6.643958834999999453e+03 7.500173820343439823e-01 3.060432190420937781e-03
6.651955804999999600e+03 7.426342209564464891e-01 3.060432190420937781e-03
6.659952774999999747e+03 7.317638711321364786e-01 3.060432190420937781e-03
6.667949744999999893e+03 7.080954108734069941e-01 3.060432190420937781e-03
6.675946715000000040e+03 6.972084804327620677e-01 3.060432190420937781e-03
6.683943685000000187e+03 6.800656511672171778e-01 3.060432190420937781e-03
6.691940655000000334e+03 6.585097981925205346e-01 3.060432190420937781e-03
6.699937624999999571e+03 6.452781629350341497e-01 3.060432190420937781e-03
6.707934594999999717e+03 6.325210634798184017e-01 3.060432190420937781e-03
6.715931564999999864e+03 6.236017398170921044e-01 3.060432190420937781e-03
6.723928535000000011e+03 6.084738783328411671e-01 3.060432190420937781e-03
6.731925505000000157e+03 5.946799820692074690e-01 3.060432190420937781e-03
6.739922474999999395e+03 5.847166275965209881e-01 3.060432190420937781e-03
6.747919444999999541e+03 5.707998331432005967e-01 3.060432190420937781e-03
6.755916414999999688e+03 5.614123278370940495e-01 3.060432190420937781e-03
6.763913384999999835e+03 5.528860513791656883e-01 3.060432190420937781e-03
6.771910354999999981e+03 5.494385040277710575e-01 3.060432190420937781e-03
6.779907325000000128e+03 5.454032560611290492e-01 3.060432190420937781e-03
6.787904295000000275e+03 5.287491875921965789e-01 3.060432190420937781e-03
6.795901264999999512e+03 5.307660688775291957e-01 3.060432190420937781e-03
6.803898234999999659e+03 5.212111876362921503e-01 3.060432190420937781e-03
6.811895204999999805e+03 5.230823623341850359e-01 3.060432190420937781e-03
6.819892174999999952e+03 5.224457028119722235e-01 3.060432190420937781e-03
6.827889145000000099e+03 5.176882442568470077e-01 3.060432190420937781e-03
6.835886114999999336e+03 5.183846239670435452e-01 3.060432190420937781e-03
6.843883084999999483e+03 5.110671883276580729e-01 3.060432190420937781e-03
6.851880054999999629e+03 5.135724675138079176e-01 3.060432190420937781e-03
6.859877024999999776e+03 5.116785898225884033e-01 3.060432190420937781e-03
6.867873994999999923e+03 5.097348776776875479e-01 3.060432190420937781e-03
6.875870965000000069e+03 5.058388981969129672e-01 3.060432190420937781e-03
6.883867935000000216e+03 5.057207687390092854e-01 3.060432190420937781e-03
6.891864904999999453e+03 4.985015328484398989e-01 3.060432190420937781e-03
6.899861874999999600e+03 4.932704139846186275e-01 3.060432190420937781e-03
6.907858844999999747e+03 4.958941869118345114e-01 3.060432190420937781e-03
6.915855814999999893e+03 4.960879262641296750e-01 3.060432190420937781e-03
6.923852784999999130e+03 4.938355379067454476e-01 3.060432190420937781e-03
6.931849754999999277e+03 4.914418261332333393e-01 3.060432190420937781e-03
6.939846724999999424e+03 4.872656552740100566e-01 3.060432190420937781e-03
6.947843694999999570e+03 4.889248803094569662e-01 3.060432190420937781e-03
6.955840664999999717e+03 4.873214854341306745e-01 3.060432190420937781e-03
6.963837634999999864e+03 4.878299172687960428e-01 3.060432190420937781e-03
6.971834605000000010e+03 4.813568014253466476e-01 3.060432190420937781e-03
6.979831575000000157e+03 4.826618704577046448e-01 3.060432190420937781e-03
6.987828544999999394e+03 4.786031208868600784e-01 3.060432190420937781e-03
6.995825514999999541e+03 4.715036828785089118e-01 3.060432190420937781e-03
