6.204125485000000481e+03 6.375147262404663451e-01 3.060432190420937781e-03
6.212122455000000627e+03 6.310057310416103959e-01 3.060432190420937781e-03
6.220119425000000774e+03 6.350595525157857191e-01 3.060432190420937781e-03
6.228116395000000011e+03 6.366562878159598426e-01 3.060432190420937781e-03
6.236113365000000158e+03 6.342227930058185192e-01 3.060432190420937781e-03
6.244110335000000305e+03 6.298916582790222707e-01 3.060432190420937781e-03
6.252107305000000451e+03 6.256996685938830405e-01 3.060432190420937781e-03
6.260104275000000598e+03 6.314277489302790869e-01 3.060432190420937781e-03
6.268101244999999835e+03 6.277389763391788557e-01 3.060432190420937781e-03
6.276098214999999982e+03 6.267819478482572482e-01 3.060432190420937781e-03
6.284095185000000129e+03 6.266397393601131904e-01 3.060432190420937781e-03
6.292092155000000275e+03 6.285221506797689095e-01 3.060432190420937781e-03
6.300089125000000422e+03 6.197744754926721722e-01 3.060432190420937781e-03
6.308086095000000569e+03 6.241268011884414380e-01 3.060432190420937781e-03
6.316083065000000715e+03 6.217518370809709261e-01 3.060432190420937781e-03
6.324080034999999953e+03 6.197505433700837285e-01 3.060432190420937781e-03
6.332077005000000099e+03 6.231485197791452046e-01 3.060432190420937781e-03
6.340073975000000246e+03 6.238287326061584537e-01 3.060432190420937781e-03
6.348070945000000393e+03 6.270871696963699060e-01 3.060432190420937781e-03
6.356067915000000539e+03 6.294607420928163277e-01 3.060432190420937781e-03
6.364064884999999776e+03 6.299031118412444785e-01 3.060432190420937781e-03
6.372061854999999923e+03 6.336685584025444351e-01 3.060432190420937781e-03
6.380058825000000070e+03 6.406215476669653297e-01 3.060432190420937781e-03
6.388055795000000217e+03 6.385427151087198494e-01 3.060432190420937781e-03
6.396052765000000363e+03 6.507189905879303682e-01 3.060432190420937781e-03
6.404049735000000510e+03 6.559512025417364445e-01 3.060432190420937781e-03
6.412046705000000657e+03 6.580638160081229149e-01 3.060432190420937781e-03
6.420043674999999894e+03 6.613925749333996462e-01 3.060432190420937781e-03
6.428040645000000040e+03 6.720669344541249091e-01 3.060432190420937781e-03
6.436037615000000187e+03 6.737414898525830864e-01 3.060432190420937781e-03
6.444034585000000334e+03 6.782376084012156081e-01 3.060432190420937781e-03
6.452031555000000481e+03 6.864196705211825789e-01 3.060432190420937781e-03
6.460028524999999718e+03 6.894347089412816709e-01 3.060432190420937781e-03
6.468025494999999864e+03 6.987628624274232481e-01 3.060432190420937781e-03
6.476022465000000011e+03 6.958171727579917087e-01 3.060432190420937781e-03
6.484019435000000158e+03 7.019741905808981608e-01 3.060432190420937781e-03
6.492016405000000304e+03 7.035643346806903509e-01 3.060432190420937781e-03
6.500013375000000451e+03 7.191018057907055949e-01 3.060432190420937781e-03
6.508010345000000598e+03 7.324419961134263080e-01 3.060432190420937781e-03
6.516007314999999835e+03 7.477295161991248662e-01 3.060432190420937781e-03
6.524004284999999982e+03 7.516553780651474836e-01 3.060432190420937781e-03
6.532001255000000128e+03 7.519388480487261273e-01 3.060432190420937781e-03
6.539998225000000275e+03 7.411092571061967949e-01 3.060432190420937781e-03
6.547995194999999512e+03 7.409034953931197265e-01 3.060432190420937781e-03
6.555992164999999659e+03 7.430169270817613691e-01 3.060432190420937781e-03
6.563989134999999806e+03 7.336860997237312221e-01 3.060432190420937781e-03
6.571986104999999952e+03 7.374208997888223038e-01 3.060432190420937781e-03
6.579983075000000099e+03 7.481986337579390467e-01 3.060432190420937781e-03
6.587980045000000246e+03 7.521612844456130320e-01 3.060432190420937781e-03
6.595977015000000392e+03 7.636008923647491509e-01 3.060432190420937781e-03
6.603973985000000539e+03 7.732451865217426779e-01 3.060432190420937781e-03
6.611970954999999776e+03 7.685881368623683763e-01 3.060432190420937781e-03
6.619967924999999923e+03 7.545364204211726378e-01 3.060432190420937781e-03
6.627964895000000070e+03 7.435548283380980505e-01 3.060432190420937781e-03
6.635961865000000216e+03 7.307664347045527142e-01 3.060432190420937781e-03
6.643958834999999453e+03 7.249730277228872977e-01 3.060432190420937781e-03
6.651955804999999600e+03 7.143166929274364918e-01 3.060432190420937781e-03
6.659952774999999747e+03 7.020979544524541538e-01 3.060432190420937781e-03
6.667949744999999893e+03 6.871908627527821833e-01 3.060432190420937781e-03
6.675946715000000040e+03 6.743944991565596903e-01 3.060432190420937781e-03
6.683943685000000187e+03 6.613842588829291769e-01 3.060432190420937781e-03
6.691940655000000334e+03 6.458841755455348999e-01 3.060432190420937781e-03
6.699937624999999571e+03 6.466341670850245249e-01 3.060432190420937781e-03
6.707934594999999717e+03 6.283743526633559506e-01 3.060432190420937781e-03
6.715931564999999864e+03 6.172219660138690278e-01 3.060432190420937781e-03
6.723928535000000011e+03 6.073607269549939902e-01 3.060432190420937781e-03
6.731925505000000157e+03 5.989705850132380771e-01 3.060432190420937781e-03
6.739922474999999395e+03 5.842552518899368774e-01 3.060432190420937781e-03
6.747919444999999541e+03 5.747019968638334975e-01 3.060432190420937781e-03
6.755916414999999688e+03 5.680156532164808425e-01 3.060432190420937781e-03
6.763913384999999835e+03 5.576883230794218438e-01 3.060432190420937781e-03
6.771910354999999981e+03 5.550514173707217225e-01 3.060432190420937781e-03
6.779907325000000128e+03 5.422731993428695496e-01 3.060432190420937781e-03
6.787904295000000275e+03 5.337795294146723268e-01 3.060432190420937781e-03
6.795901264999999512e+03 5.349365404572622440e-01 3.060432190420937781e-03
6.803898234999999659e+03 5.279758975805801668e-01 3.060432190420937781e-03
6.811895204999999805e+03 5.279257016475904507e-01 3.060432190420937781e-03
6.819892174999999952e+03 5.272134080202488526e-01 3.060432190420937781e-03
6.827889145000000099e+03 5.223141853572795812e-01 3.060432190420937781e-03
6.835886114999999336e+03 5.224724162535538952e-01 3.060432190420937781e-03
6.843883084999999483e+03 5.148430785795039544e-01 3.060432190420937781e-03
6.851880054999999629e+03 5.176631912676362690e-01 3.060432190420937781e-03
6.859877024999999776e+03 5.173417543918600314e-01 3.060432190420937781e-03
6.867873994999999923e+03 5.079343338606204794e-01 3.060432190420937781e-03
6.875870965000000069e+03 5.104958300785283898e-01 3.060432190420937781e-03
6.883867935000000216e+03 5.071513077816655057e-01 3.060432190420937781e-03
6.891864904999999453e+03 5.039728002462562362e-01 3.060432190420937781e-03
6.899861874999999600e+03 4.984455045891373337e-01 3.060432190420937781e-03
6.907858844999999747e+03 4.973487960379886497e-01 3.060432190420937781e-03
6.915855814999999893e+03 4.953377159517113881e-01 3.060432190420937781e-03
6.923852784999999130e+03 4.977806651172669294e-01 3.060432190420937781e-03
6.931849754999999277e+03 4.954371871537097127e-01 3.060432190420937781e-03
6.939846724999999424e+03 4.916058547373710064e-01 3.060432190420937781e-03
6.947843694999999570e+03 4.938532839246246864e-01 3.060432190420937781e-03
6.955840664999999717e+03 4.853454339736833489e-01 3.060432190420937781e-03
6.963837634999999864e+03 4.835156957423121793e-01 3.060432190420937781e-03
6.971834605000000010e+03 4.804284152068810654e-01 3.060432190420937781e-03
6.979831575000000157e+03 4.775625751184967571e-01 3.060432190420937781e-03
6.987828544999999394e+03 4.810000133718225768e-01 3.060432190420937781e-03
6.995825514999999541e+03 4.767817168745969170e-01 3.060432190420937781e-03
