6.204125485000000481e+03 6.660995243725161830e-01 3.060432190420937781e-03
6.212122455000000627e+03 6.612872102535901631e-01 3.060432190420937781e-03
6.220119425000000774e+03 6.634850808747921880e-01 3.060432190420937781e-03
6.228116395000000011e+03 6.592632694400064608e-01 3.060432190420937781e-03
6.236113365000000158e+03 6.587847470196892541e-01 3.060432190420937781e-03
6.244110335000000305e+03 6.626166189789577388e-01 3.060432190420937781e-03
6.252107305000000451e+03 6.582604385229199329e-01 3.060432190420937781e-03
6.260104275000000598e+03 6.592523259958231741e-01 3.060432190420937781e-03
6.268101244999999835e+03 6.579160898283423764e-01 3.060432190420937781e-03
6.276098214999999982e+03 6.521453241675280177e-01 3.060432190420937781e-03
6.284095185000000129e+03 6.592666308522240337e-01 3.060432190420937781e-03
6.292092155000000275e+03 6.561904928068169607e-01 3.060432190420937781e-03
6.300089125000000422e+03 6.486465989422479650e-01 3.060432190420937781e-03
6.308086095000000569e+03 6.444888911872663773e-01 3.060432190420937781e-03
6.316083065000000715e+03 6.434536711732161685e-01 3.060432190420937781e-03
6.324080034999999953e+03 6.480246168195034073e-01 3.060432190420937781e-03
6.332077005000000099e+03 6.447105977449593128e-01 3.060432190420937781e-03
6.340073975000000246e+03 6.459652352065536896e-01 3.060432190420937781e-03
6.348070945000000393e+03 6.494769997066131006e-01 3.060432190420937781e-03
6.356067915000000539e+03 6.531482726392366933e-01 3.060432190420937781e-03
6.364064884999999776e+03 6.624538364430843096e-01 3.060432190420937781e-03
6.372061854999999923e+03 6.649045822263591754e-01 3.060432190420937781e-03
6.380058825000000070e+03 6.691485844123549187e-01 3.060432190420937781e-03
6.388055795000000217e+03 6.730756288919845787e-01 3.060432190420937781e-03
6.396052765000000363e+03 6.859422044221725745e-01 3.060432190420937781e-03
6.404049735000000510e+03 6.957106165643659468e-01 3.060432190420937781e-03
6.412046705000000657e+03 6.950532171739364218e-01 3.060432190420937781e-03
6.420043674999999894e+03 7.003505481432941160e-01 3.060432190420937781e-03
6.428040645000000040e+03 7.142212722509587719e-01 3.060432190420937781e-03
6.436037615000000187e+03 7.133376486725646615e-01 3.060432190420937781e-03
6.444034585000000334e+03 7.203967335090217805e-01 3.060432190420937781e-03
6.452031555000000481e+03 7.312868266710077503e-01 3.060432190420937781e-03
6.460028524999999718e+03 7.398995202787617131e-01 3.060432190420937781e-03
6.468025494999999864e+03 7.379116043468584296e-01 3.060432190420937781e-03
6.476022465000000011e+03 7.389980286926106645e-01 3.060432190420937781e-03
6.484019435000000158e+03 7.440625188103635601e-01 3.060432190420937781e-03
6.492016405000000304e+03 7.413817742255520704e-01 3.060432190420937781e-03
6.500013375000000451e+03 7.454563496356563235e-01 3.060432190420937781e-03
6.508010345000000598e+03 7.593784197752395659e-01 3.060432190420937781e-03
6.516007314999999835e+03 7.703072774892667507e-01 3.060432190420937781e-03
6.524004284999999982e+03 7.823699605244117672e-01 3.060432190420937781e-03
6.532001255000000128e+03 7.822772890558216119e-01 3.060432190420937781e-03
6.539998225000000275e+03 7.708323049689966844e-01 3.060432190420937781e-03
6.547995194999999512e+03 7.623814387235653411e-01 3.060432190420937781e-03
6.555992164999999659e+03 7.697641433117105025e-01 3.060432190420937781e-03
6.563989134999999806e+03 7.671496665692186800e-01 3.060432190420937781e-03
6.571986104999999952e+03 7.723592133904898516e-01 3.060432190420937781e-03
6.579983075000000099e+03 7.741796470727307922e-01 3.060432190420937781e-03
6.587980045000000246e+03 7.835993525008471128e-01 3.060432190420937781e-03
6.595977015000000392e+03 8.090502424866038433e-01 3.060432190420937781e-03
6.603973985000000539e+03 8.148469993997680128e-01 3.060432190420937781e-03
6.611970954999999776e+03 8.007792502914344857e-01 3.060432190420937781e-03
6.619967924999999923e+03 7.927659186784087320e-01 3.060432190420937781e-03
6.627964895000000070e+03 7.771452217569507770e-01 3.060432190420937781e-03
6.635961865000000216e+03 7.741824602883980999e-01 3.060432190420937781e-03
6.643958834999999453e+03 7.796693535831199506e-01 3.060432190420937781e-03
6.651955804999999600e+03 7.738834212737729645e-01 3.060432190420937781e-03
6.659952774999999747e+03 7.554886406891996309e-01 3.060432190420937781e-03
6.667949744999999893e+03 7.406788590769508573e-01 3.060432190420937781e-03
6.675946715000000040e+03 7.368646843881151431e-01 3.060432190420937781e-03
6.683943685000000187e+03 7.129004200363593391e-01 3.060432190420937781e-03
6.691940655000000334e+03 6.906501482203575293e-01 3.060432190420937781e-03
6.699937624999999571e+03 6.742106006239804161e-01 3.060432190420937781e-03
6.707934594999999717e+03 6.636920902787609711e-01 3.060432190420937781e-03
6.715931564999999864e+03 6.578398080987095664e-01 3.060432190420937781e-03
6.723928535000000011e+03 6.381760063854413634e-01 3.060432190420937781e-03
6.731925505000000157e+03 6.246357564389128925e-01 3.060432190420937781e-03
6.739922474999999395e+03 6.176875340787453261e-01 3.060432190420937781e-03
6.747919444999999541e+03 5.936504286189232538e-01 3.060432190420937781e-03
6.755916414999999688e+03 5.941564144802605751e-01 3.060432190420937781e-03
6.763913384999999835e+03 5.853510150565144343e-01 3.060432190420937781e-03
6.771910354999999981e+03 5.742848083895418787e-01 3.060432190420937781e-03
6.779907325000000128e+03 5.730470382090635528e-01 3.060432190420937781e-03
6.787904295000000275e+03 5.586554748680174765e-01 3.060432190420937781e-03
6.795901264999999512e+03 5.528885507929782728e-01 3.060432190420937781e-03
6.803898234999999659e+03 5.562209770655474061e-01 3.060432190420937781e-03
6.811895204999999805e+03 5.416928055541772036e-01 3.060432190420937781e-03
6.819892174999999952e+03 5.440357994487242665e-01 3.060432190420937781e-03
6.827889145000000099e+03 5.493474975305210339e-01 3.060432190420937781e-03
6.835886114999999336e+03 5.373489071167655284e-01 3.060432190420937781e-03
6.843883084999999483e+03 5.387359877642147188e-01 3.060432190420937781e-03
6.851880054999999629e+03 5.336018175986372292e-01 3.060432190420937781e-03
6.859877024999999776e+03 5.346366720228157288e-01 3.060432190420937781e-03
6.867873994999999923e+03 5.328870633637093901e-01 3.060432190420937781e-03
6.875870965000000069e+03 5.292071835135366831e-01 3.060432190420937781e-03
6.883867935000000216e+03 5.283110328648322751e-01 3.060432190420937781e-03
6.891864904999999453e+03 5.262097772074286750e-01 3.060432190420937781e-03
6.899861874999999600e+03 5.236622565709327937e-01 3.060432190420937781e-03
6.907858844999999747e+03 5.192856935419722930e-01 3.060432190420937781e-03
6.915855814999999893e+03 5.203923327048617375e-01 3.060432190420937781e-03
6.923852784999999130e+03 5.179533682209538359e-01 3.060432190420937781e-03
6.931849754999999277e+03 5.188807310864084199e-01 3.060432190420937781e-03
6.939846724999999424e+03 5.175121504784520043e-01 3.060432190420937781e-03
6.947843694999999570e+03 5.117154037457998239e-01 3.060432190420937781e-03
6.955840664999999717e+03 5.129256312166053933e-01 3.060432190420937781e-03
6.963837634999999864e+03 5.089494236294976881e-01 3.060432190420937781e-03
6.971834605000000010e+03 5.050936631997180459e-01 3.060432190420937781e-03
6.979831575000000157e+03 5.094802915278892064e-01 3.060432190420937781e-03
6.987828544999999394e+03 4.994508593770708438e-01 3.060432190420937781e-03
6.995825514999999541e+03 4.945620082057512468e-01 3.060432190420937781e-03
