6.204125485000000481e+03 6.422914384113911357e-01 3.060432190420937781e-03
6.212122455000000627e+03 6.410970971834355492e-01 3.060432190420937781e-03
6.220119425000000774e+03 6.393939625908332536e-01 3.060432190420937781e-03
6.228116395000000011e+03 6.368946460981822488e-01 3.060432190420937781e-03
6.236113365000000158e+03 6.356667705457357265e-01 3.060432190420937781e-03
6.244110335000000305e+03 6.419126016645436694e-01 3.060432190420937781e-03
6.252107305000000451e+03 6.315032245009332135e-01 3.060432190420937781e-03
6.260104275000000598e+03 6.292290008871017637e-01 3.060432190420937781e-03
6.268101244999999835e+03 6.360613203471675581e-01 3.060432190420937781e-03
6.276098214999999982e+03 6.342797903853238939e-01 3.060432190420937781e-03
6.284095185000000129e+03 6.287753229373140851e-01 3.060432190420937781e-03
6.292092155000000275e+03 6.285997105751236491e-01 3.060432190420937781e-03
6.300089125000000422e+03 6.276464469168006044e-01 3.060432190420937781e-03
6.308086095000000569e+03 6.326700347265102886e-01 3.060432190420937781e-03
6.316083065000000715e+03 6.265711237548576840e-01 3.060432190420937781e-03
6.324080034999999953e+03 6.247319888574345281e-01 3.060432190420937781e-03
6.332077005000000099e+03 6.262541506124512658e-01 3.060432190420937781e-03
6.340073975000000246e+03 6.280072546724233540e-01 3.060432190420937781e-03
6.348070945000000393e+03 6.301653463498432250e-01 3.060432190420937781e-03
6.356067915000000539e+03 6.305823650988732210e-01 3.060432190420937781e-03
6.364064884999999776e+03 6.430806495397902722e-01 3.060432190420937781e-03
6.372061854999999923e+03 6.393020947073166926e-01 3.060432190420937781e-03
6.380058825000000070e+03 6.480762800070046792e-01 3.060432190420937781e-03
6.388055795000000217e+03 6.503669009595028916e-01 3.060432190420937781e-03
6.396052765000000363e+03 6.570238577448532791e-01 3.060432190420937781e-03
6.404049735000000510e+03 6.585502371468324734e-01 3.060432190420937781e-03
6.412046705000000657e+03 6.617978575416825215e-01 3.060432190420937781e-03
6.420043674999999894e+03 6.667606243940414901e-01 3.060432190420937781e-03
6.428040645000000040e+03 6.749350013787953628e-01 3.060432190420937781e-03
6.436037615000000187e+03 6.827027575186498387e-01 3.060432190420937781e-03
6.444034585000000334e+03 6.859335481973450888e-01 3.060432190420937781e-03
6.452031555000000481e+03 6.954922804665245595e-01 3.060432190420937781e-03
6.460028524999999718e+03 6.928799901479381074e-01 3.060432190420937781e-03
6.468025494999999864e+03 7.012686491953014079e-01 3.060432190420937781e-03
6.476022465000000011e+03 7.059369097861869502e-01 3.060432190420937781e-03
6.484019435000000158e+03 7.098914972847683025e-01 3.060432190420937781e-03
6.492016405000000304e+03 7.146433006973595958e-01 3.060432190420937781e-03
6.500013375000000451e+03 7.249020893234585650e-01 3.060432190420937781e-03
6.508010345000000598e+03 7.336566450343168233e-01 3.060432190420937781e-03
6.516007314999999835e+03 7.539951479507344123e-01 3.060432190420937781e-03
6.524004284999999982e+03 7.610151052511799907e-01 3.060432190420937781e-03
6.532001255000000128e+03 7.667432113594051524e-01 3.060432190420937781e-03
6.539998225000000275e+03 7.514902650284743801e-01 3.060432190420937781e-03
6.547995194999999512e+03 7.471751994373525552e-01 3.060432190420937781e-03
6.555992164999999659e+03 7.404909827723914484e-01 3.060432190420937781e-03
6.563989134999999806e+03 7.438242871606169926e-01 3.060432190420937781e-03
6.571986104999999952e+03 7.458804195956310057e-01 3.060432190420937781e-03
6.579983075000000099e+03 7.483375702307520916e-01 3.060432190420937781e-03
6.587980045000000246e+03 7.550246946955319061e-01 3.060432190420937781e-03
6.595977015000000392e+03 7.785096032601660498e-01 3.060432190420937781e-03
6.603973985000000539e+03 7.751772562811916067e-01 3.060432190420937781e-03
6.611970954999999776e+03 7.739302364661897471e-01 3.060432190420937781e-03
6.619967924999999923e+03 7.600522330145760286e-01 3.060432190420937781e-03
6.627964895000000070e+03 7.442577877669011022e-01 3.060432190420937781e-03
6.635961865000000216e+03 7.419695496215170660e-01 3.060432190420937781e-03
6.643958834999999453e+03 7.318660380146314592e-01 3.060432190420937781e-03
6.651955804999999600e+03 7.185370473896652843e-01 3.060432190420937781e-03
6.659952774999999747e+03 7.099468382358226082e-01 3.060432190420937781e-03
6.667949744999999893e+03 6.937984971368326148e-01 3.060432190420937781e-03
6.675946715000000040e+03 6.825017759421714292e-01 3.060432190420937781e-03
6.683943685000000187e+03 6.703394304060974473e-01 3.060432190420937781e-03
6.691940655000000334e+03 6.586288246375784361e-01 3.060432190420937781e-03
6.699937624999999571e+03 6.431811637846047702e-01 3.060432190420937781e-03
6.707934594999999717e+03 6.310578629290934938e-01 3.060432190420937781e-03
6.715931564999999864e+03 6.180235357999162016e-01 3.060432190420937781e-03
6.723928535000000011e+03 6.052876519375620656e-01 3.060432190420937781e-03
6.731925505000000157e+03 6.026476526820753188e-01 3.060432190420937781e-03
6.739922474999999395e+03 5.938917589545847919e-01 3.060432190420937781e-03
6.747919444999999541e+03 5.743179670815001803e-01 3.060432190420937781e-03
6.755916414999999688e+03 5.738464057459496948e-01 3.060432190420937781e-03
6.763913384999999835e+03 5.640847200588636756e-01 3.060432190420937781e-03
6.771910354999999981e+03 5.563232140407269322e-01 3.060432190420937781e-03
6.779907325000000128e+03 5.500574238435000929e-01 3.060432190420937781e-03
6.787904295000000275e+03 5.496782059866365255e-01 3.060432190420937781e-03
6.795901264999999512e+03 5.360783291909461123e-01 3.060432190420937781e-03
6.803898234999999659e+03 5.343651563991642650e-01 3.060432190420937781e-03
6.811895204999999805e+03 5.335284749131661286e-01 3.060432190420937781e-03
6.819892174999999952e+03 5.319536740272242659e-01 3.060432190420937781e-03
6.827889145000000099e+03 5.323506477856171371e-01 3.060432190420937781e-03
6.835886114999999336e+03 5.228875489137092547e-01 3.060432190420937781e-03
6.843883084999999483e+03 5.252506956517389858e-01 3.060432190420937781e-03
6.851880054999999629e+03 5.198840320694589900e-01 3.060432190420937781e-03
6.859877024999999776e+03 5.163096589274287496e-01 3.060432190420937781e-03
6.867873994999999923e+03 5.176326360878660271e-01 3.060432190420937781e-03
6.875870965000000069e+03 5.071777443627835114e-01 3.060432190420937781e-03
6.883867935000000216e+03 5.101653454589243353e-01 3.060432190420937781e-03
6.891864904999999453e+03 5.114640965348322688e-01 3.060432190420937781e-03
6.899861874999999600e+03 5.035590180454783127e-01 3.060432190420937781e-03
6.907858844999999747e+03 5.058231292453079231e-01 3.060432190420937781e-03
6.915855814999999893e+03 5.073925767218423477e-01 3.060432190420937781e-03
6.923852784999999130e+03 5.023683958225602098e-01 3.060432190420937781e-03
6.931849754999999277e+03 5.023952478942159683e-01 3.060432190420937781e-03
6.939846724999999424e+03 5.009962824901678102e-01 3.060432190420937781e-03
6.947843694999999570e+03 4.987765883552435220e-01 3.060432190420937781e-03
6.955840664999999717e+03 4.865975085302160497e-01 3.060432190420937781e-03
6.963837634999999864e+03 4.898537919865678103e-01 3.060432190420937781e-03
6.971834605000000010e+03 4.918778546349313885e-01 3.060432190420937781e-03
6.979831575000000157e+03 4.857307635745099494e-01 3.060432190420937781e-03
6.987828544999999394e+03 4.879689043530378578e-01 3.060432190420937781e-03
6.995825514999999541e+03 4.842031157070830205e-01 3.060432190420937781e-03
