6.204125485000000481e+03 7.447455643641706091e-01 3.060432190420937781e-03
6.212122455000000627e+03 7.378720459428983469e-01 3.060432190420937781e-03
6.220119425000000774e+03 7.388675506832862450e-01 3.060432190420937781e-03
6.228116395000000011e+03 7.341750808252285321e-01 3.060432190420937781e-03
6.236113365000000158e+03 7.366522470386613897e-01 3.060432190420937781e-03
6.244110335000000305e+03 7.358239252258566010e-01 3.060432190420937781e-03
6.252107305000000451e+03 7.370319951973577366e-01 3.060432190420937781e-03
6.260104275000000598e+03 7.302631471704321697e-01 3.060432190420937781e-03
6.268101244999999835e+03 7.312514483988755698e-01 3.060432190420937781e-03
6.276098214999999982e+03 7.272886571982102311e-01 3.060432190420937781e-03
6.284095185000000129e+03 7.168957284734170932e-01 3.060432190420937781e-03
6.292092155000000275e+03 7.189905127872150414e-01 3.060432190420937781e-03
6.300089125000000422e+03 7.264478871328988729e-01 3.060432190420937781e-03
6.308086095000000569e+03 7.143553382352161307e-01 3.060432190420937781e-03
6.316083065000000715e+03 7.153015816302693564e-01 3.060432190420937781e-03
6.324080034999999953e+03 7.208795593765976450e-01 3.060432190420937781e-03
6.332077005000000099e+03 7.175807239692861828e-01 3.060432190420937781e-03
6.340073975000000246e+03 7.190493751496077612e-01 3.060432190420937781e-03
6.348070945000000393e+03 7.221186652106776904e-01 3.060432190420937781e-03
6.356067915000000539e+03 7.240326210515418692e-01 3.060432190420937781e-03
6.364064884999999776e+03 7.256791691856770976e-01 3.060432190420937781e-03
6.372061854999999923e+03 7.347334946363929253e-01 3.060432190420937781e-03
6.380058825000000070e+03 7.402643577926969476e-01 3.060432190420937781e-03
6.388055795000000217e+03 7.407533610339582797e-01 3.060432190420937781e-03
6.396052765000000363e+03 7.509206660120658627e-01 3.060432190420937781e-03
6.404049735000000510e+03 7.544359727763803036e-01 3.060432190420937781e-03
6.412046705000000657e+03 7.585954829906734753e-01 3.060432190420937781e-03
6.420043674999999894e+03 7.657132122223234694e-01 3.060432190420937781e-03
6.428040645000000040e+03 7.687387088379334932e-01 3.060432190420937781e-03
6.436037615000000187e+03 7.707706264334388546e-01 3.060432190420937781e-03
6.444034585000000334e+03 7.760243272296738493e-01 3.060432190420937781e-03
6.452031555000000481e+03 7.834193909424634894e-01 3.060432190420937781e-03
6.460028524999999718e+03 7.845953026620523518e-01 3.060432190420937781e-03
6.468025494999999864e+03 7.850617547237483951e-01 3.060432190420937781e-03
6.476022465000000011e+03 7.842208675386997951e-01 3.060432190420937781e-03
6.484019435000000158e+03 7.885225579151475817e-01 3.060432190420937781e-03
6.492016405000000304e+03 7.936799751531296021e-01 3.060432190420937781e-03
6.500013375000000451e+03 7.971816971095652127e-01 3.060432190420937781e-03
6.508010345000000598e+03 8.151246878293465503e-01 3.060432190420937781e-03
6.516007314999999835e+03 8.292272931023151328e-01 3.060432190420937781e-03
6.524004284999999982e+03 8.432118568121667046e-01 3.060432190420937781e-03
6.532001255000000128e+03 8.372779264719278913e-01 3.060432190420937781e-03
6.539998225000000275e+03 8.214478166464556086e-01 3.060432190420937781e-03
6.547995194999999512e+03 8.283369982219580541e-01 3.060432190420937781e-03
6.555992164999999659e+03 8.267411082184873417e-01 3.060432190420937781e-03
6.563989134999999806e+03 8.304090164414621444e-01 3.060432190420937781e-03
6.571986104999999952e+03 8.277723386014829154e-01 3.060432190420937781e-03
6.579983075000000099e+03 8.349763206512755831e-01 3.060432190420937781e-03
6.587980045000000246e+03 8.433178352605795736e-01 3.060432190420937781e-03
6.595977015000000392e+03 8.604553166183929180e-01 3.060432190420937781e-03
6.603973985000000539e+03 8.650847738287066324e-01 3.060432190420937781e-03
6.611970954999999776e+03 8.502747003497365119e-01 3.060432190420937781e-03
6.619967924999999923e+03 8.359930336698396802e-01 3.060432190420937781e-03
6.627964895000000070e+03 8.269112359304153781e-01 3.060432190420937781e-03
6.635961865000000216e+03 8.150441411900476441e-01 3.060432190420937781e-03
6.643958834999999453e+03 8.116229676846558050e-01 3.060432190420937781e-03
6.651955804999999600e+03 8.052773567478368477e-01 3.060432190420937781e-03
6.659952774999999747e+03 7.858864667798994841e-01 3.060432190420937781e-03
6.667949744999999893e+03 7.786316575319583988e-01 3.060432190420937781e-03
6.675946715000000040e+03 7.663656672746060883e-01 3.060432190420937781e-03
6.683943685000000187e+03 7.522430635031516211e-01 3.060432190420937781e-03
6.691940655000000334e+03 7.457783973138958356e-01 3.060432190420937781e-03
6.699937624999999571e+03 7.307947168592505705e-01 3.060432190420937781e-03
6.707934594999999717e+03 7.170158847100216448e-01 3.060432190420937781e-03
6.715931564999999864e+03 7.086768431529323342e-01 3.060432190420937781e-03
6.723928535000000011e+03 6.985306356093736735e-01 3.060432190420937781e-03
6.731925505000000157e+03 6.836251203823205946e-01 3.060432190420937781e-03
6.739922474999999395e+03 6.712136250089023592e-01 3.060432190420937781e-03
6.747919444999999541e+03 6.689126631938537848e-01 3.060432190420937781e-03
6.755916414999999688e+03 6.520174293141871580e-01 3.060432190420937781e-03
6.763913384999999835e+03 6.439141130074601538e-01 3.060432190420937781e-03
6.771910354999999981e+03 6.374194945782890587e-01 3.060432190420937781e-03
6.779907325000000128e+03 6.283254824536823602e-01 3.060432190420937781e-03
6.787904295000000275e+03 6.200547342907618553e-01 3.060432190420937781e-03
6.795901264999999512e+03 6.192074419019540921e-01 3.060432190420937781e-03
6.803898234999999659e+03 6.147175845274409633e-01 3.060432190420937781e-03
6.811895204999999805e+03 6.074072503790075572e-01 3.060432190420937781e-03
6.819892174999999952e+03 6.097647316282753804e-01 3.060432190420937781e-03
6.827889145000000099e+03 6.043806013473482786e-01 3.060432190420937781e-03
6.835886114999999336e+03 6.007115389496867630e-01 3.060432190420937781e-03
6.843883084999999483e+03 5.994854130014305449e-01 3.060432190420937781e-03
6.851880054999999629e+03 5.952223751563874288e-01 3.060432190420937781e-03
6.859877024999999776e+03 5.929860530343356029e-01 3.060432190420937781e-03
6.867873994999999923e+03 5.891100204738103363e-01 3.060432190420937781e-03
6.875870965000000069e+03 5.939247772994644681e-01 3.060432190420937781e-03
6.883867935000000216e+03 5.825924512972840974e-01 3.060432190420937781e-03
6.891864904999999453e+03 5.848791894331072383e-01 3.060432190420937781e-03
6.899861874999999600e+03 5.832817426396242899e-01 3.060432190420937781e-03
6.907858844999999747e+03 5.808967529576249955e-01 3.060432190420937781e-03
6.915855814999999893e+03 5.833100870029619411e-01 3.060432190420937781e-03
6.923852784999999130e+03 5.730019442120948270e-01 3.060432190420937781e-03
6.931849754999999277e+03 5.737978914225991822e-01 3.060432190420937781e-03
6.939846724999999424e+03 5.696887692897122379e-01 3.060432190420937781e-03
6.947843694999999570e+03 5.672336075757973273e-01 3.060432190420937781e-03
6.955840664999999717e+03 5.621246555220497099e-01 3.060432190420937781e-03
6.963837634999999864e+03 5.642131055296198960e-01 3.060432190420937781e-03
6.971834605000000010e+03 5.653826548347206105e-01 3.060432190420937781e-03
6.979831575000000157e+03 5.587933929270916256e-01 3.060432190420937781e-03
6.987828544999999394e+03 5.549846151819074480e-01 3.060432190420937781e-03
6.995825514999999541e+03 5.599890831363842914e-01 3.060432190420937781e-03
