6.204125485000000481e+03 8.670124151789977418e-01 3.060432190420937781e-03
6.212122455000000627e+03 8.606322381349124084e-01 3.060432190420937781e-03
6.220119425000000774e+03 8.583516112074449644e-01 3.060432190420937781e-03
6.228116395000000011e+03 8.595531277186742036e-01 3.060432190420937781e-03
6.236113365000000158e+03 8.639367847973720149e-01 3.060432190420937781e-03
6.244110335000000305e+03 8.627693902576036855e-01 3.060432190420937781e-03
6.252107305000000451e+03 8.521511521341643691e-01 3.060432190420937781e-03
6.260104275000000598e+03 8.519166841978257354e-01 3.060432190420937781e-03
6.268101244999999835e+03 8.484446134534098238e-01 3.060432190420937781e-03
6.276098214999999982e+03 8.528016969932630253e-01 3.060432190420937781e-03
6.284095185000000129e+03 8.443309624124573087e-01 3.060432190420937781e-03
6.292092155000000275e+03 8.447575005164928985e-01 3.060432190420937781e-03
6.300089125000000422e+03 8.437284257099072482e-01 3.060432190420937781e-03
6.308086095000000569e+03 8.452278055181355887e-01 3.060432190420937781e-03
6.316083065000000715e+03 8.426023717487374221e-01 3.060432190420937781e-03
6.324080034999999953e+03 8.355963563341463063e-01 3.060432190420937781e-03
6.332077005000000099e+03 8.407769837236627186e-01 3.060432190420937781e-03
6.340073975000000246e+03 8.431518062852346729e-01 3.060432190420937781e-03
6.348070945000000393e+03 8.473574992780057435e-01 3.060432190420937781e-03
6.356067915000000539e+03 8.454450712835890336e-01 3.060432190420937781e-03
6.364064884999999776e+03 8.499810204752461518e-01 3.060432190420937781e-03
6.372061854999999923e+03 8.522741238522767437e-01 3.060432190420937781e-03
6.380058825000000070e+03 8.557611926109769396e-01 3.060432190420937781e-03
6.388055795000000217e+03 8.603123139997884694e-01 3.060432190420937781e-03
6.396052765000000363e+03 8.645642979500247627e-01 3.060432190420937781e-03
6.404049735000000510e+03 8.653378139045988515e-01 3.060432190420937781e-03
6.412046705000000657e+03 8.773549353930931716e-01 3.060432190420937781e-03
6.420043674999999894e+03 8.812557109514803644e-01 3.060432190420937781e-03
6.428040645000000040e+03 8.878352123966736231e-01 3.060432190420937781e-03
6.436037615000000187e+03 8.864478974531107003e-01 3.060432190420937781e-03
6.444034585000000334e+03 8.932695511370389863e-01 3.060432190420937781e-03
6.452031555000000481e+03 8.988554652629348052e-01 3.060432190420937781e-03
6.460028524999999718e+03 9.002795702776152931e-01 3.060432190420937781e-03
6.468025494999999864e+03 9.006347064830189098e-01 3.060432190420937781e-03
6.476022465000000011e+03 9.078105893526488002e-01 3.060432190420937781e-03
6.484019435000000158e+03 9.096997050045687594e-01 3.060432190420937781e-03
6.492016405000000304e+03 9.206475225474975987e-01 3.060432190420937781e-03
6.500013375000000451e+03 9.216896365942084390e-01 3.060432190420937781e-03
6.508010345000000598e+03 9.413370019082845097e-01 3.060432190420937781e-03
6.516007314999999835e+03 9.477968228832333031e-01 3.060432190420937781e-03
6.524004284999999982e+03 9.582381308445239165e-01 3.060432190420937781e-03
6.532001255000000128e+03 9.552243807760840699e-01 3.060432190420937781e-03
6.539998225000000275e+03 9.464337150556577649e-01 3.060432190420937781e-03
6.547995194999999512e+03 9.383189960729062529e-01 3.060432190420937781e-03
6.555992164999999659e+03 9.420519308136984238e-01 3.060432190420937781e-03
6.563989134999999806e+03 9.444050282380654915e-01 3.060432190420937781e-03
6.571986104999999952e+03 9.380604870035638143e-01 3.060432190420937781e-03
6.579983075000000099e+03 9.469679242306295874e-01 3.060432190420937781e-03
6.587980045000000246e+03 9.547416602847167422e-01 3.060432190420937781e-03
6.595977015000000392e+03 9.702960050305247108e-01 3.060432190420937781e-03
6.603973985000000539e+03 9.729917504044494070e-01 3.060432190420937781e-03
6.611970954999999776e+03 9.693702227642807534e-01 3.060432190420937781e-03
6.619967924999999923e+03 9.543181390932640173e-01 3.060432190420937781e-03
6.627964895000000070e+03 9.449717065728838739e-01 3.060432190420937781e-03
6.635961865000000216e+03 9.331999242323217869e-01 3.060432190420937781e-03
6.643958834999999453e+03 9.220549367560080256e-01 3.060432190420937781e-03
6.651955804999999600e+03 9.137666462400655387e-01 3.060432190420937781e-03
6.659952774999999747e+03 8.994111927066147372e-01 3.060432190420937781e-03
6.667949744999999893e+03 8.839992919817553085e-01 3.060432190420937781e-03
6.675946715000000040e+03 8.811618899382082093e-01 3.060432190420937781e-03
6.683943685000000187e+03 8.600387128350465149e-01 3.060432190420937781e-03
6.691940655000000334e+03 8.475235130594545030e-01 3.060432190420937781e-03
6.699937624999999571e+03 8.366181864567101556e-01 3.060432190420937781e-03
6.707934594999999717e+03 8.188582918355066242e-01 3.060432190420937781e-03
6.715931564999999864e+03 8.050766091812106007e-01 3.060432190420937781e-03
6.723928535000000011e+03 7.997218545487450037e-01 3.060432190420937781e-03
6.731925505000000157e+03 7.910300595211138264e-01 3.060432190420937781e-03
6.739922474999999395e+03 7.725711842095250859e-01 3.060432190420937781e-03
6.747919444999999541e+03 7.672630370419517565e-01 3.060432190420937781e-03
6.755916414999999688e+03 7.570982481563186539e-01 3.060432190420937781e-03
6.763913384999999835e+03 7.468341238386487779e-01 3.060432190420937781e-03
6.771910354999999981e+03 7.379280081835353222e-01 3.060432190420937781e-03
6.779907325000000128e+03 7.349090390056964850e-01 3.060432190420937781e-03
6.787904295000000275e+03 7.251126145435099479e-01 3.060432190420937781e-03
6.795901264999999512e+03 7.205981588984116115e-01 3.060432190420937781e-03
6.803898234999999659e+03 7.190245977312563763e-01 3.060432190420937781e-03
6.811895204999999805e+03 7.051041449165431629e-01 3.060432190420937781e-03
6.819892174999999952e+03 7.069170736558129109e-01 3.060432190420937781e-03
6.827889145000000099e+03 7.091946239605204649e-01 3.060432190420937781e-03
6.835886114999999336e+03 7.015761007604492949e-01 3.060432190420937781e-03
6.843883084999999483e+03 6.981748715736446620e-01 3.060432190420937781e-03
6.851880054999999629e+03 6.973801867863677062e-01 3.060432190420937781e-03
6.859877024999999776e+03 6.931572332959429206e-01 3.060432190420937781e-03
6.867873994999999923e+03 6.894041653826814553e-01 3.060432190420937781e-03
6.875870965000000069e+03 6.882963535525197241e-01 3.060432190420937781e-03
6.883867935000000216e+03 6.897124492546679031e-01 3.060432190420937781e-03
6.891864904999999453e+03 6.813809134243667964e-01 3.060432190420937781e-03
6.899861874999999600e+03 6.804638776360101282e-01 3.060432190420937781e-03
6.907858844999999747e+03 6.772966973846864525e-01 3.060432190420937781e-03
6.915855814999999893e+03 6.824919084701753791e-01 3.060432190420937781e-03
6.923852784999999130e+03 6.768460354034727677e-01 3.060432190420937781e-03
6.931849754999999277e+03 6.727556055194994222e-01 3.060432190420937781e-03
6.939846724999999424e+03 6.643305006895371401e-01 3.060432190420937781e-03
6.947843694999999570e+03 6.633826766756760751e-01 3.060432190420937781e-03
6.955840664999999717e+03 6.619652879916152477e-01 3.060432190420937781e-03
6.963837634999999864e+03 6.595710240649814704e-01 3.060432190420937781e-03
6.971834605000000010e+03 6.588388604831975082e-01 3.060432190420937781e-03
6.979831575000000157e+03 6.572359179968518816e-01 3.060432190420937781e-03
6.987828544999999394e+03 6.529060737823985106e-01 3.060432190420937781e-03
6.995825514999999541e+03 6.534762611275984900e-01 3.060432190420937781e-03
