6.204125485000000481e+03 7.537661582145442907e-01 3.060432190420937781e-03
6.212122455000000627e+03 7.546567971477392556e-01 3.060432190420937781e-03
6.220119425000000774e+03 7.554775625761847024e-01 3.060432190420937781e-03
6.228116395000000011e+03 7.534027665786713346e-01 3.060432190420937781e-03
6.236113365000000158e+03 7.462034186607010566e-01 3.060432190420937781e-03
6.244110335000000305e+03 7.472649659406706002e-01 3.060432190420937781e-03
6.252107305000000451e+03 7.476129916326468283e-01 3.060432190420937781e-03
6.260104275000000598e+03 7.447193989407595582e-01 3.060432190420937781e-03
6.268101244999999835e+03 7.432785373299976017e-01 3.060432190420937781e-03
6.276098214999999982e+03 7.411087799124854714e-01 3.060432190420937781e-03
6.284095185000000129e+03 7.438271322445615397e-01 3.060432190420937781e-03
6.292092155000000275e+03 7.385835815602418419e-01 3.060432190420937781e-03
6.300089125000000422e+03 7.404119195554264010e-01 3.060432190420937781e-03
6.308086095000000569e+03 7.307125562051819401e-01 3.060432190420937781e-03
6.316083065000000715e+03 7.370238997254642266e-01 3.060432190420937781e-03
6.324080034999999953e+03 7.367395673806262923e-01 3.060432190420937781e-03
6.332077005000000099e+03 7.317311655562070971e-01 3.060432190420937781e-03
6.340073975000000246e+03 7.365119188669300154e-01 3.060432190420937781e-03
6.348070945000000393e+03 7.351157314249887609e-01 3.060432190420937781e-03
6.356067915000000539e+03 7.344034664449483607e-01 3.060432190420937781e-03
6.364064884999999776e+03 7.470591175726526423e-01 3.060432190420937781e-03
6.372061854999999923e+03 7.419637615132443909e-01 3.060432190420937781e-03
6.380058825000000070e+03 7.502312465340701397e-01 3.060432190420937781e-03
6.388055795000000217e+03 7.595559476868432025e-01 3.060432190420937781e-03
6.396052765000000363e+03 7.540815160913513227e-01 3.060432190420937781e-03
6.404049735000000510e+03 7.578757605917446627e-01 3.060432190420937781e-03
6.412046705000000657e+03 7.712796117575465571e-01 3.060432190420937781e-03
6.420043674999999894e+03 7.695458338430325451e-01 3.060432190420937781e-03
6.428040645000000040e+03 7.804840792387389703e-01 3.060432190420937781e-03
6.436037615000000187e+03 7.847019449531138502e-01 3.060432190420937781e-03
6.444034585000000334e+03 7.964381671377923633e-01 3.060432190420937781e-03
6.452031555000000481e+03 8.013830709736552427e-01 3.060432190420937781e-03
6.460028524999999718e+03 8.132248194284664722e-01 3.060432190420937781e-03
6.468025494999999864e+03 8.164630725669109745e-01 3.060432190420937781e-03
6.476022465000000011e+03 8.171797206722191120e-01 3.060432190420937781e-03
6.484019435000000158e+03 8.225991347583682112e-01 3.060432190420937781e-03
6.492016405000000304e+03 8.327100853710613926e-01 3.060432190420937781e-03
6.500013375000000451e+03 8.334552280617509856e-01 3.060432190420937781e-03
6.508010345000000598e+03 8.451335065852645378e-01 3.060432190420937781e-03
6.516007314999999835e+03 8.534570864271974200e-01 3.060432190420937781e-03
6.524004284999999982e+03 8.561262830293990822e-01 3.060432190420937781e-03
6.532001255000000128e+03 8.712060132390606615e-01 3.060432190420937781e-03
6.539998225000000275e+03 8.446640099606772534e-01 3.060432190420937781e-03
6.547995194999999512e+03 8.422226589178427592e-01 3.060432190420937781e-03
6.555992164999999659e+03 8.465982490904736535e-01 3.060432190420937781e-03
6.563989134999999806e+03 8.438621308446928593e-01 3.060432190420937781e-03
6.571986104999999952e+03 8.395314224527933300e-01 3.060432190420937781e-03
6.579983075000000099e+03 8.473190233969714047e-01 3.060432190420937781e-03
6.587980045000000246e+03 8.525131401872048098e-01 3.060432190420937781e-03
6.595977015000000392e+03 8.758881520175221258e-01 3.060432190420937781e-03
6.603973985000000539e+03 8.749983204772254775e-01 3.060432190420937781e-03
6.611970954999999776e+03 8.753429181664904579e-01 3.060432190420937781e-03
6.619967924999999923e+03 8.612865585613759256e-01 3.060432190420937781e-03
6.627964895000000070e+03 8.579783536772558339e-01 3.060432190420937781e-03
6.635961865000000216e+03 8.455341855775653226e-01 3.060432190420937781e-03
6.643958834999999453e+03 8.423265281863447917e-01 3.060432190420937781e-03
6.651955804999999600e+03 8.358024801337382570e-01 3.060432190420937781e-03
6.659952774999999747e+03 8.128916997272768175e-01 3.060432190420937781e-03
6.667949744999999893e+03 7.971447412267894661e-01 3.060432190420937781e-03
6.675946715000000040e+03 7.822542564266475873e-01 3.060432190420937781e-03
6.683943685000000187e+03 7.670713733481564489e-01 3.060432190420937781e-03
6.691940655000000334e+03 7.458798692451206191e-01 3.060432190420937781e-03
6.699937624999999571e+03 7.385441361628222179e-01 3.060432190420937781e-03
6.707934594999999717e+03 7.235959462171136503e-01 3.060432190420937781e-03
6.715931564999999864e+03 7.113657881939612349e-01 3.060432190420937781e-03
6.723928535000000011e+03 7.057616251377242245e-01 3.060432190420937781e-03
6.731925505000000157e+03 6.896240185895511354e-01 3.060432190420937781e-03
6.739922474999999395e+03 6.830089716625211693e-01 3.060432190420937781e-03
6.747919444999999541e+03 6.732537310843160760e-01 3.060432190420937781e-03
6.755916414999999688e+03 6.645843841185345990e-01 3.060432190420937781e-03
6.763913384999999835e+03 6.611333034594184532e-01 3.060432190420937781e-03
6.771910354999999981e+03 6.466586065247839077e-01 3.060432190420937781e-03
6.779907325000000128e+03 6.387479261158683919e-01 3.060432190420937781e-03
6.787904295000000275e+03 6.356546165006480287e-01 3.060432190420937781e-03
6.795901264999999512e+03 6.339415499589341474e-01 3.060432190420937781e-03
6.803898234999999659e+03 6.261271870004817552e-01 3.060432190420937781e-03
6.811895204999999805e+03 6.250134760890804220e-01 3.060432190420937781e-03
6.819892174999999952e+03 6.200911495543071084e-01 3.060432190420937781e-03
6.827889145000000099e+03 6.203083575817843753e-01 3.060432190420937781e-03
6.835886114999999336e+03 6.143691329016313096e-01 3.060432190420937781e-03
6.843883084999999483e+03 6.162519200777515360e-01 3.060432190420937781e-03
6.851880054999999629e+03 6.121856435448761458e-01 3.060432190420937781e-03
6.859877024999999776e+03 6.074909211853364299e-01 3.060432190420937781e-03
6.867873994999999923e+03 6.090825100336586528e-01 3.060432190420937781e-03
6.875870965000000069e+03 6.013098233409301940e-01 3.060432190420937781e-03
6.883867935000000216e+03 6.026858239875865220e-01 3.060432190420937781e-03
6.891864904999999453e+03 5.947339800048722092e-01 3.060432190420937781e-03
6.899861874999999600e+03 6.001258045348254466e-01 3.060432190420937781e-03
6.907858844999999747e+03 5.915605292213130806e-01 3.060432190420937781e-03
6.915855814999999893e+03 5.868481864268580983e-01 3.060432190420937781e-03
6.923852784999999130e+03 5.897348908866837380e-01 3.060432190420937781e-03
6.931849754999999277e+03 5.857435837696947090e-01 3.060432190420937781e-03
6.939846724999999424e+03 5.834496262565578295e-01 3.060432190420937781e-03
6.947843694999999570e+03 5.820485832355450917e-01 3.060432190420937781e-03
6.955840664999999717e+03 5.775748700483143150e-01 3.060432190420937781e-03
6.963837634999999864e+03 5.799932267557010857e-01 3.060432190420937781e-03
6.971834605000000010e+03 5.741886057209780736e-01 3.060432190420937781e-03
6.979831575000000157e+03 5.701301155814478827e-01 3.060432190420937781e-03
6.987828544999999394e+03 5.692730889090175106e-01 3.060432190420937781e-03
6.995825514999999541e+03 5.655978885405832379e-01 3.060432190420937781e-03
