6.204125485000000481e+03 7.064562000990318724e-01 3.060432190420937781e-03
6.212122455000000627e+03 7.036922130380929286e-01 3.060432190420937781e-03
6.220119425000000774e+03 7.033691146818827900e-01 3.060432190420937781e-03
6.228116395000000011e+03 6.978116568423415877e-01 3.060432190420937781e-03
6.236113365000000158e+03 6.978194799683461458e-01 3.060432190420937781e-03
6.244110335000000305e+03 6.988111699498291696e-01 3.060432190420937781e-03
6.252107305000000451e+03 6.977001462188797687e-01 3.060432190420937781e-03
6.260104275000000598e+03 6.945104676051299109e-01 3.060432190420937781e-03
6.268101244999999835e+03 6.956686749532906555e-01 3.060432190420937781e-03
6.276098214999999982e+03 6.957538134102709826e-01 3.060432190420937781e-03
6.284095185000000129e+03 6.935370864822845149e-01 3.060432190420937781e-03
6.292092155000000275e+03 6.887613899682938357e-01 3.060432190420937781e-03
6.300089125000000422e+03 6.900919218861539806e-01 3.060432190420937781e-03
6.308086095000000569e+03 6.876088306674749129e-01 3.060432190420937781e-03
6.316083065000000715e+03 6.894550516391813044e-01 3.060432190420937781e-03
6.324080034999999953e+03 6.878862972752981531e-01 3.060432190420937781e-03
6.332077005000000099e+03 6.861056126631376317e-01 3.060432190420937781e-03
6.340073975000000246e+03 6.830194803881951549e-01 3.060432190420937781e-03
6.348070945000000393e+03 6.898983293691719476e-01 3.060432190420937781e-03
6.356067915000000539e+03 6.953743850538347537e-01 3.060432190420937781e-03
6.364064884999999776e+03 6.932261556650548551e-01 3.060432190420937781e-03
6.372061854999999923e+03 6.993040935170730110e-01 3.060432190420937781e-03
6.380058825000000070e+03 7.020894979229725941e-01 3.060432190420937781e-03
6.388055795000000217e+03 7.107118844600708307e-01 3.060432190420937781e-03
6.396052765000000363e+03 7.150324011843852690e-01 3.060432190420937781e-03
6.404049735000000510e+03 7.165607025753550907e-01 3.060432190420937781e-03
6.412046705000000657e+03 7.234456293056076293e-01 3.060432190420937781e-03
6.420043674999999894e+03 7.268135919594828076e-01 3.060432190420937781e-03
6.428040645000000040e+03 7.362518995330221694e-01 3.060432190420937781e-03
6.436037615000000187e+03 7.408310685845034271e-01 3.060432190420937781e-03
6.444034585000000334e+03 7.498868365861653951e-01 3.060432190420937781e-03
6.452031555000000481e+03 7.527357382855531798e-01 3.060432190420937781e-03
6.460028524999999718e+03 7.568182670962654290e-01 3.060432190420937781e-03
6.468025494999999864e+03 7.641049069654493042e-01 3.060432190420937781e-03
6.476022465000000011e+03 7.594043846001200526e-01 3.060432190420937781e-03
6.484019435000000158e+03 7.613045713093378186e-01 3.060432190420937781e-03
6.492016405000000304e+03 7.668472371477746963e-01 3.060432190420937781e-03
6.500013375000000451e+03 7.731510094509556064e-01 3.060432190420937781e-03
6.508010345000000598e+03 7.916084816717957606e-01 3.060432190420937781e-03
6.516007314999999835e+03 8.035607228400510893e-01 3.060432190420937781e-03
6.524004284999999982e+03 8.094553170037551704e-01 3.060432190420937781e-03
6.532001255000000128e+03 8.073656157700832559e-01 3.060432190420937781e-03
6.539998225000000275e+03 7.935671483642403601e-01 3.060432190420937781e-03
6.547995194999999512e+03 7.981247917195423147e-01 3.060432190420937781e-03
6.555992164999999659e+03 8.042776758029778206e-01 3.060432190420937781e-03
6.563989134999999806e+03 7.969710505992192440e-01 3.060432190420937781e-03
6.571986104999999952e+03 7.996837337233615450e-01 3.060432190420937781e-03
6.579983075000000099e+03 8.074164989329677411e-01 3.060432190420937781e-03
6.587980045000000246e+03 8.139125053268264631e-01 3.060432190420937781e-03
6.595977015000000392e+03 8.339600250185746910e-01 3.060432190420937781e-03
6.603973985000000539e+03 8.266961487904826988e-01 3.060432190420937781e-03
6.611970954999999776e+03 8.296718722349730735e-01 3.060432190420937781e-03
6.619967924999999923e+03 8.166662523308473309e-01 3.060432190420937781e-03
6.627964895000000070e+03 8.037759148371914630e-01 3.060432190420937781e-03
6.635961865000000216e+03 7.900464807234153231e-01 3.060432190420937781e-03
6.643958834999999453e+03 7.841601350095990242e-01 3.060432190420937781e-03
6.651955804999999600e+03 7.762672002083427225e-01 3.060432190420937781e-03
6.659952774999999747e+03 7.662759396397866851e-01 3.060432190420937781e-03
6.667949744999999893e+03 7.493908306845348255e-01 3.060432190420937781e-03
6.675946715000000040e+03 7.387200489296041894e-01 3.060432190420937781e-03
6.683943685000000187e+03 7.250419539527308554e-01 3.060432190420937781e-03
6.691940655000000334e+03 7.103955616451473887e-01 3.060432190420937781e-03
6.699937624999999571e+03 6.976163176303723512e-01 3.060432190420937781e-03
6.707934594999999717e+03 6.818141932662326044e-01 3.060432190420937781e-03
6.715931564999999864e+03 6.768479865700515186e-01 3.060432190420937781e-03
6.723928535000000011e+03 6.648605886898560913e-01 3.060432190420937781e-03
6.731925505000000157e+03 6.468312152722182073e-01 3.060432190420937781e-03
6.739922474999999395e+03 6.446283576778599755e-01 3.060432190420937781e-03
6.747919444999999541e+03 6.350171965061708335e-01 3.060432190420937781e-03
6.755916414999999688e+03 6.213040348075983266e-01 3.060432190420937781e-03
6.763913384999999835e+03 6.126791884629790852e-01 3.060432190420937781e-03
6.771910354999999981e+03 6.061322489849161332e-01 3.060432190420937781e-03
6.779907325000000128e+03 6.035117157280418532e-01 3.060432190420937781e-03
6.787904295000000275e+03 5.938829461487151740e-01 3.060432190420937781e-03
6.795901264999999512e+03 5.854411722348341618e-01 3.060432190420937781e-03
6.803898234999999659e+03 5.870920876783222164e-01 3.060432190420937781e-03
6.811895204999999805e+03 5.880198051115387292e-01 3.060432190420937781e-03
6.819892174999999952e+03 5.809031050605935054e-01 3.060432190420937781e-03
6.827889145000000099e+03 5.807033752520547321e-01 3.060432190420937781e-03
6.835886114999999336e+03 5.703323771126695974e-01 3.060432190420937781e-03
6.843883084999999483e+03 5.802172887581680261e-01 3.060432190420937781e-03
6.851880054999999629e+03 5.679355771658445295e-01 3.060432190420937781e-03
6.859877024999999776e+03 5.652548109507639085e-01 3.060432190420937781e-03
6.867873994999999923e+03 5.651327498353994061e-01 3.060432190420937781e-03
6.875870965000000069e+03 5.572670776645090029e-01 3.060432190420937781e-03
6.883867935000000216e+03 5.645650257618777257e-01 3.060432190420937781e-03
6.891864904999999453e+03 5.583751493989250747e-01 3.060432190420937781e-03
6.899861874999999600e+03 5.499958865239443773e-01 3.060432190420937781e-03
6.907858844999999747e+03 5.490021511341317551e-01 3.060432190420937781e-03
6.915855814999999893e+03 5.480452614499832231e-01 3.060432190420937781e-03
6.923852784999999130e+03 5.505499798372064379e-01 3.060432190420937781e-03
6.931849754999999277e+03 5.424582585574657667e-01 3.060432190420937781e-03
6.939846724999999424e+03 5.430982419917752546e-01 3.060432190420937781e-03
6.947843694999999570e+03 5.362161737656121474e-01 3.060432190420937781e-03
6.955840664999999717e+03 5.393973542346786054e-01 3.060432190420937781e-03
6.963837634999999864e+03 5.411524584028419849e-01 3.060432190420937781e-03
6.971834605000000010e+03 5.334285933396665236e-01 3.060432190420937781e-03
6.979831575000000157e+03 5.347450513561514684e-01 3.060432190420937781e-03
6.987828544999999394e+03 5.302281380957537538e-01 3.060432190420937781e-03
6.995825514999999541e+03 5.334143085354028369e-01 3.060432190420937781e-03
