6.204125485000000481e+03 1.028112481799177802e+00 3.060432190420937781e-03
6.212122455000000627e+03 1.024870449600917555e+00 3.060432190420937781e-03
6.220119425000000774e+03 1.034817394477133279e+00 3.060432190420937781e-03
6.228116395000000011e+03 1.026373675931218310e+00 3.060432190420937781e-03
6.236113365000000158e+03 1.024452352215402096e+00 3.060432190420937781e-03
6.244110335000000305e+03 1.021281831099543735e+00 3.060432190420937781e-03
6.252107305000000451e+03 1.019313948926268809e+00 3.060432190420937781e-03
6.260104275000000598e+03 1.018387494038192287e+00 3.060432190420937781e-03
6.268101244999999835e+03 1.012483119516510710e+00 3.060432190420937781e-03
6.276098214999999982e+03 1.007078158628848863e+00 3.060432190420937781e-03
6.284095185000000129e+03 1.010447967612607911e+00 3.060432190420937781e-03
6.292092155000000275e+03 1.010341922765761291e+00 3.060432190420937781e-03
6.300089125000000422e+03 1.013642228432256820e+00 3.060432190420937781e-03
6.308086095000000569e+03 9.990782645481008917e-01 3.060432190420937781e-03
6.316083065000000715e+03 9.996322365289992407e-01 3.060432190420937781e-03
6.324080034999999953e+03 1.002453042244766390e+00 3.060432190420937781e-03
6.332077005000000099e+03 9.998837153591310090e-01 3.060432190420937781e-03
6.340073975000000246e+03 9.962060646160827426e-01 3.060432190420937781e-03
6.348070945000000393e+03 9.997734274350396078e-01 3.060432190420937781e-03
6.356067915000000539e+03 1.001341537214363031e+00 3.060432190420937781e-03
6.364064884999999776e+03 1.007027438896262117e+00 3.060432190420937781e-03
6.372061854999999923e+03 1.009848396646383595e+00 3.060432190420937781e-03
6.380058825000000070e+03 1.015555096673427693e+00 3.060432190420937781e-03
6.388055795000000217e+03 1.018593285800532655e+00 3.060432190420937781e-03
6.396052765000000363e+03 1.016841517205884227e+00 3.060432190420937781e-03
6.404049735000000510e+03 1.026346152381035104e+00 3.060432190420937781e-03
6.412046705000000657e+03 1.034484340940083902e+00 3.060432190420937781e-03
6.420043674999999894e+03 1.038483817333581527e+00 3.060432190420937781e-03
6.428040645000000040e+03 1.036920839279905637e+00 3.060432190420937781e-03
6.436037615000000187e+03 1.041766954452550298e+00 3.060432190420937781e-03
6.444034585000000334e+03 1.050119206076560063e+00 3.060432190420937781e-03
6.452031555000000481e+03 1.052471714420427418e+00 3.060432190420937781e-03
6.460028524999999718e+03 1.057318458979668030e+00 3.060432190420937781e-03
6.468025494999999864e+03 1.057573197573256740e+00 3.060432190420937781e-03
6.476022465000000011e+03 1.061308248016760603e+00 3.060432190420937781e-03
6.484019435000000158e+03 1.065023369487861693e+00 3.060432190420937781e-03
6.492016405000000304e+03 1.070232379305091186e+00 3.060432190420937781e-03
6.500013375000000451e+03 1.077095468552087709e+00 3.060432190420937781e-03
6.508010345000000598e+03 1.094407361735671769e+00 3.060432190420937781e-03
6.516007314999999835e+03 1.103138807948107702e+00 3.060432190420937781e-03
6.524004284999999982e+03 1.107876487659829934e+00 3.060432190420937781e-03
6.532001255000000128e+03 1.107554923307153549e+00 3.060432190420937781e-03
6.539998225000000275e+03 1.088585702882258088e+00 3.060432190420937781e-03
6.547995194999999512e+03 1.092595421072977802e+00 3.060432190420937781e-03
6.555992164999999659e+03 1.088435504862579561e+00 3.060432190420937781e-03
6.563989134999999806e+03 1.086182338645461432e+00 3.060432190420937781e-03
6.571986104999999952e+03 1.086446647591018166e+00 3.060432190420937781e-03
6.579983075000000099e+03 1.098121266582718913e+00 3.060432190420937781e-03
6.587980045000000246e+03 1.104742849442116537e+00 3.060432190420937781e-03
6.595977015000000392e+03 1.125764572605914005e+00 3.060432190420937781e-03
6.603973985000000539e+03 1.120873921498062309e+00 3.060432190420937781e-03
6.611970954999999776e+03 1.116966273625682682e+00 3.060432190420937781e-03
6.619967924999999923e+03 1.106554973297523059e+00 3.060432190420937781e-03
6.627964895000000070e+03 1.087717579354060549e+00 3.060432190420937781e-03
6.635961865000000216e+03 1.079376167277782850e+00 3.060432190420937781e-03
6.643958834999999453e+03 1.068608809061015519e+00 3.060432190420937781e-03
6.651955804999999600e+03 1.056460380915498209e+00 3.060432190420937781e-03
6.659952774999999747e+03 1.051882007934260788e+00 3.060432190420937781e-03
6.667949744999999893e+03 1.034413369033494901e+00 3.060432190420937781e-03
6.675946715000000040e+03 1.015215642508641158e+00 3.060432190420937781e-03
6.683943685000000187e+03 1.003187409513083272e+00 3.060432190420937781e-03
6.691940655000000334e+03 9.883280165919751115e-01 3.060432190420937781e-03
6.699937624999999571e+03 9.742058841107998912e-01 3.060432190420937781e-03
6.707934594999999717e+03 9.600720214028986010e-01 3.060432190420937781e-03
6.715931564999999864e+03 9.573531181985859284e-01 3.060432190420937781e-03
6.723928535000000011e+03 9.411327869924432932e-01 3.060432190420937781e-03
6.731925505000000157e+03 9.283001558637294925e-01 3.060432190420937781e-03
6.739922474999999395e+03 9.109690411590074532e-01 3.060432190420937781e-03
6.747919444999999541e+03 9.045391340238095879e-01 3.060432190420937781e-03
6.755916414999999688e+03 8.934624909739773413e-01 3.060432190420937781e-03
6.763913384999999835e+03 8.822251533060707640e-01 3.060432190420937781e-03
6.771910354999999981e+03 8.819080852385048352e-01 3.060432190420937781e-03
6.779907325000000128e+03 8.700391933588350613e-01 3.060432190420937781e-03
6.787904295000000275e+03 8.644634214663077243e-01 3.060432190420937781e-03
6.795901264999999512e+03 8.538934038801622162e-01 3.060432190420937781e-03
6.803898234999999659e+03 8.525004327280977234e-01 3.060432190420937781e-03
6.811895204999999805e+03 8.456716459513088369e-01 3.060432190420937781e-03
6.819892174999999952e+03 8.466397218000503155e-01 3.060432190420937781e-03
6.827889145000000099e+03 8.340492465387130405e-01 3.060432190420937781e-03
6.835886114999999336e+03 8.343778681923159635e-01 3.060432190420937781e-03
6.843883084999999483e+03 8.306037504712898700e-01 3.060432190420937781e-03
6.851880054999999629e+03 8.266529453489146473e-01 3.060432190420937781e-03
6.859877024999999776e+03 8.285132401899302224e-01 3.060432190420937781e-03
6.867873994999999923e+03 8.216051514287202595e-01 3.060432190420937781e-03
6.875870965000000069e+03 8.237068881416214072e-01 3.060432190420937781e-03
6.883867935000000216e+03 8.150377443962826263e-01 3.060432190420937781e-03
6.891864904999999453e+03 8.150548227718690253e-01 3.060432190420937781e-03
6.899861874999999600e+03 8.122752892712760131e-01 3.060432190420937781e-03
6.907858844999999747e+03 8.090696375980721555e-01 3.060432190420937781e-03
6.915855814999999893e+03 8.085444484823269828e-01 3.060432190420937781e-03
6.923852784999999130e+03 8.052739157529942293e-01 3.060432190420937781e-03
6.931849754999999277e+03 7.934084029258785531e-01 3.060432190420937781e-03
6.939846724999999424e+03 8.013438959432388486e-01 3.060432190420937781e-03
6.947843694999999570e+03 7.921352807498012183e-01 3.060432190420937781e-03
6.955840664999999717e+03 7.853280394809716292e-01 3.060432190420937781e-03
6.963837634999999864e+03 7.868782161982830203e-01 3.060432190420937781e-03
6.971834605000000010e+03 7.797484795557394488e-01 3.060432190420937781e-03
6.979831575000000157e+03 7.795082234661135923e-01 3.060432190420937781e-03
6.987828544999999394e+03 7.785293264011803327e-01 3.060432190420937781e-03
6.995825514999999541e+03 7.735636945607988757e-01 3.060432190420937781e-03
