6.204125485000000481e+03 8.371658733997054957e-01 3.060432190420937781e-03
6.212122455000000627e+03 8.283688915733957714e-01 3.060432190420937781e-03
6.220119425000000774e+03 8.349542350633899490e-01 3.060432190420937781e-03
6.228116395000000011e+03 8.235374153175000211e-01 3.060432190420937781e-03
6.236113365000000158e+03 8.309286912619379128e-01 3.060432190420937781e-03
6.244110335000000305e+03 8.216734338712550212e-01 3.060432190420937781e-03
6.252107305000000451e+03 8.261637950034802502e-01 3.060432190420937781e-03
6.260104275000000598e+03 8.265355349624606829e-01 3.060432190420937781e-03
6.268101244999999835e+03 8.256695397200252140e-01 3.060432190420937781e-03
6.276098214999999982e+03 8.156129062221671999e-01 3.060432190420937781e-03
6.284095185000000129e+03 8.209106665247731804e-01 3.060432190420937781e-03
6.292092155000000275e+03 8.226909384124927449e-01 3.060432190420937781e-03
6.300089125000000422e+03 8.175665735838564263e-01 3.060432190420937781e-03
6.308086095000000569e+03 8.154773378740778345e-01 3.060432190420937781e-03
6.316083065000000715e+03 8.150706556716272866e-01 3.060432190420937781e-03
6.324080034999999953e+03 8.105893052456245584e-01 3.060432190420937781e-03
6.332077005000000099e+03 8.101199161037719865e-01 3.060432190420937781e-03
6.340073975000000246e+03 8.094335181789777955e-01 3.060432190420937781e-03
6.348070945000000393e+03 8.133452979951558692e-01 3.060432190420937781e-03
6.356067915000000539e+03 8.162011630556710307e-01 3.060432190420937781e-03
6.364064884999999776e+03 8.160250345866881805e-01 3.060432190420937781e-03
6.372061854999999923e+03 8.224554499965782695e-01 3.060432190420937781e-03
6.380058825000000070e+03 8.239644196509890994e-01 3.060432190420937781e-03
6.388055795000000217e+03 8.266098240357389049e-01 3.060432190420937781e-03
6.396052765000000363e+03 8.345589017510963714e-01 3.060432190420937781e-03
6.404049735000000510e+03 8.380351271039879757e-01 3.060432190420937781e-03
6.412046705000000657e+03 8.394273596112395985e-01 3.060432190420937781e-03
6.420043674999999894e+03 8.424095653711712872e-01 3.060432190420937781e-03
6.428040645000000040e+03 8.467244577767337743e-01 3.060432190420937781e-03
6.436037615000000187e+03 8.502928372034413984e-01 3.060432190420937781e-03
6.444034585000000334e+03 8.551176634871675564e-01 3.060432190420937781e-03
6.452031555000000481e+03 8.590927157140137993e-01 3.060432190420937781e-03
6.460028524999999718e+03 8.632699267647804264e-01 3.060432190420937781e-03
6.468025494999999864e+03 8.644486394709511856e-01 3.060432190420937781e-03
6.476022465000000011e+03 8.713385498182616429e-01 3.060432190420937781e-03
6.484019435000000158e+03 8.745775429399468281e-01 3.060432190420937781e-03
6.492016405000000304e+03 8.714974156755669332e-01 3.060432190420937781e-03
6.500013375000000451e+03 8.856439916935919809e-01 3.060432190420937781e-03
6.508010345000000598e+03 9.074250331029842798e-01 3.060432190420937781e-03
6.516007314999999835e+03 9.208765043522507687e-01 3.060432190420937781e-03
6.524004284999999982e+03 9.261480204689008788e-01 3.060432190420937781e-03
6.532001255000000128e+03 9.213206013513973724e-01 3.060432190420937781e-03
6.539998225000000275e+03 9.105950816757900634e-01 3.060432190420937781e-03
6.547995194999999512e+03 9.123476034785186206e-01 3.060432190420937781e-03
6.555992164999999659e+03 9.099837725817649936e-01 3.060432190420937781e-03
6.563989134999999806e+03 9.090297915501174275e-01 3.060432190420937781e-03
6.571986104999999952e+03 9.172569587860186502e-01 3.060432190420937781e-03
6.579983075000000099e+03 9.159735121614016595e-01 3.060432190420937781e-03
6.587980045000000246e+03 9.237656944164513995e-01 3.060432190420937781e-03
6.595977015000000392e+03 9.430572725988841665e-01 3.060432190420937781e-03
6.603973985000000539e+03 9.365582881514197267e-01 3.060432190420937781e-03
6.611970954999999776e+03 9.355397454910099331e-01 3.060432190420937781e-03
6.619967924999999923e+03 9.229170476484690466e-01 3.060432190420937781e-03
6.627964895000000070e+03 9.008686024587339025e-01 3.060432190420937781e-03
6.635961865000000216e+03 8.932467040734463071e-01 3.060432190420937781e-03
6.643958834999999453e+03 8.756741518417667791e-01 3.060432190420937781e-03
6.651955804999999600e+03 8.649228090786836853e-01 3.060432190420937781e-03
6.659952774999999747e+03 8.647978815530905639e-01 3.060432190420937781e-03
6.667949744999999893e+03 8.464484174201323263e-01 3.060432190420937781e-03
6.675946715000000040e+03 8.391338102941924282e-01 3.060432190420937781e-03
6.683943685000000187e+03 8.231099319111736534e-01 3.060432190420937781e-03
6.691940655000000334e+03 8.140729570101421508e-01 3.060432190420937781e-03
6.699937624999999571e+03 8.000789236433970553e-01 3.060432190420937781e-03
6.707934594999999717e+03 7.899050138643212149e-01 3.060432190420937781e-03
6.715931564999999864e+03 7.832146149820266023e-01 3.060432190420937781e-03
6.723928535000000011e+03 7.690676395391883302e-01 3.060432190420937781e-03
6.731925505000000157e+03 7.658701518687992538e-01 3.060432190420937781e-03
6.739922474999999395e+03 7.505301784383077157e-01 3.060432190420937781e-03
6.747919444999999541e+03 7.476619270689327523e-01 3.060432190420937781e-03
6.755916414999999688e+03 7.329291317834115693e-01 3.060432190420937781e-03
6.763913384999999835e+03 7.217830387138863824e-01 3.060432190420937781e-03
6.771910354999999981e+03 7.156451284215162856e-01 3.060432190420937781e-03
6.779907325000000128e+03 7.048274210626599423e-01 3.060432190420937781e-03
6.787904295000000275e+03 6.986554591881475318e-01 3.060432190420937781e-03
6.795901264999999512e+03 6.952413893087940888e-01 3.060432190420937781e-03
6.803898234999999659e+03 6.945227223613130718e-01 3.060432190420937781e-03
6.811895204999999805e+03 6.921238467238071124e-01 3.060432190420937781e-03
6.819892174999999952e+03 6.879083089448899679e-01 3.060432190420937781e-03
6.827889145000000099e+03 6.788455615555609723e-01 3.060432190420937781e-03
6.835886114999999336e+03 6.771245592181204254e-01 3.060432190420937781e-03
6.843883084999999483e+03 6.777468146943217420e-01 3.060432190420937781e-03
6.851880054999999629e+03 6.778981954897975726e-01 3.060432190420937781e-03
6.859877024999999776e+03 6.649245443861054872e-01 3.060432190420937781e-03
6.867873994999999923e+03 6.709964306178387572e-01 3.060432190420937781e-03
6.875870965000000069e+03 6.658137740060788845e-01 3.060432190420937781e-03
6.883867935000000216e+03 6.641324572019075001e-01 3.060432190420937781e-03
6.891864904999999453e+03 6.565182338205204360e-01 3.060432190420937781e-03
6.899861874999999600e+03 6.553756975901185999e-01 3.060432190420937781e-03
6.907858844999999747e+03 6.557280236702675014e-01 3.060432190420937781e-03
6.915855814999999893e+03 6.560852391298291897e-01 3.060432190420937781e-03
6.923852784999999130e+03 6.516307805560430655e-01 3.060432190420937781e-03
6.931849754999999277e+03 6.488533822612014834e-01 3.060432190420937781e-03
6.939846724999999424e+03 6.454963599765063398e-01 3.060432190420937781e-03
6.947843694999999570e+03 6.425538505593468841e-01 3.060432190420937781e-03
6.955840664999999717e+03 6.455624612694080833e-01 3.060432190420937781e-03
6.963837634999999864e+03 6.381379583516412213e-01 3.060432190420937781e-03
6.971834605000000010e+03 6.390066635483467872e-01 3.060432190420937781e-03
6.979831575000000157e+03 6.316765528795128537e-01 3.060432190420937781e-03
6.987828544999999394e+03 6.394205999080047054e-01 3.060432190420937781e-03
6.995825514999999541e+03 6.250920708797974568e-01 3.060432190420937781e-03
