6.204125485000000481e+03 7.542664996794853360e-01 3.060432190420937781e-03
6.212122455000000627e+03 7.519796249347782124e-01 3.060432190420937781e-03
6.220119425000000774e+03 7.468391938601390834e-01 3.060432190420937781e-03
6.228116395000000011e+03 7.395395657822280144e-01 3.060432190420937781e-03
6.236113365000000158e+03 7.443263582614803031e-01 3.060432190420937781e-03
6.244110335000000305e+03 7.431814272125404353e-01 3.060432190420937781e-03
6.252107305000000451e+03 7.429017796735623014e-01 3.060432190420937781e-03
6.260104275000000598e+03 7.401174679262646494e-01 3.060432190420937781e-03
6.268101244999999835e+03 7.398661463830731311e-01 3.060432190420937781e-03
6.276098214999999982e+03 7.425324692773916935e-01 3.060432190420937781e-03
6.284095185000000129e+03 7.394126117583560420e-01 3.060432190420937781e-03
6.292092155000000275e+03 7.377174199327176662e-01 3.060432190420937781e-03
6.300089125000000422e+03 7.336389222906063434e-01 3.060432190420937781e-03
6.308086095000000569e+03 7.333102769153855283e-01 3.060432190420937781e-03
6.316083065000000715e+03 7.304991967214448101e-01 3.060432190420937781e-03
6.324080034999999953e+03 7.337252527514879219e-01 3.060432190420937781e-03
6.332077005000000099e+03 7.275035606623408979e-01 3.060432190420937781e-03
6.340073975000000246e+03 7.330978385738241565e-01 3.060432190420937781e-03
6.348070945000000393e+03 7.318765517483339922e-01 3.060432190420937781e-03
6.356067915000000539e+03 7.350017136813592478e-01 3.060432190420937781e-03
6.364064884999999776e+03 7.356062633486382119e-01 3.060432190420937781e-03
6.372061854999999923e+03 7.424685235161564423e-01 3.060432190420937781e-03
6.380058825000000070e+03 7.415715043483503965e-01 3.060432190420937781e-03
6.388055795000000217e+03 7.490023656202866587e-01 3.060432190420937781e-03
6.396052765000000363e+03 7.525034994078924067e-01 3.060432190420937781e-03
6.404049735000000510e+03 7.557640096306779132e-01 3.060432190420937781e-03
6.412046705000000657e+03 7.645198682985936411e-01 3.060432190420937781e-03
6.420043674999999894e+03 7.686303310844927461e-01 3.060432190420937781e-03
6.428040645000000040e+03 7.720789515661277136e-01 3.060432190420937781e-03
6.436037615000000187e+03 7.873075131731134269e-01 3.060432190420937781e-03
6.444034585000000334e+03 7.860734830866306089e-01 3.060432190420937781e-03
6.452031555000000481e+03 8.038337006481869329e-01 3.060432190420937781e-03
6.460028524999999718e+03 8.037152330293041436e-01 3.060432190420937781e-03
6.468025494999999864e+03 8.100132454995000453e-01 3.060432190420937781e-03
6.476022465000000011e+03 8.168090409604320534e-01 3.060432190420937781e-03
6.484019435000000158e+03 8.161030716840665944e-01 3.060432190420937781e-03
6.492016405000000304e+03 8.184187223334905559e-01 3.060432190420937781e-03
6.500013375000000451e+03 8.284104017585377511e-01 3.060432190420937781e-03
6.508010345000000598e+03 8.360729598763264603e-01 3.060432190420937781e-03
6.516007314999999835e+03 8.550003363435487724e-01 3.060432190420937781e-03
6.524004284999999982e+03 8.515630166201908491e-01 3.060432190420937781e-03
6.532001255000000128e+03 8.569997866069490877e-01 3.060432190420937781e-03
6.539998225000000275e+03 8.405743016969556836e-01 3.060432190420937781e-03
6.547995194999999512e+03 8.417925488704629533e-01 3.060432190420937781e-03
6.555992164999999659e+03 8.389879331617580149e-01 3.060432190420937781e-03
6.563989134999999806e+03 8.357167401016336594e-01 3.060432190420937781e-03
6.571986104999999952e+03 8.361897578156408661e-01 3.060432190420937781e-03
6.579983075000000099e+03 8.436331881515624076e-01 3.060432190420937781e-03
6.587980045000000246e+03 8.612908366791096615e-01 3.060432190420937781e-03
6.595977015000000392e+03 8.706876164783237115e-01 3.060432190420937781e-03
6.603973985000000539e+03 8.756086631148417565e-01 3.060432190420937781e-03
6.611970954999999776e+03 8.737027830777240878e-01 3.060432190420937781e-03
6.619967924999999923e+03 8.572328540660331120e-01 3.060432190420937781e-03
6.627964895000000070e+03 8.486522286994671038e-01 3.060432190420937781e-03
6.635961865000000216e+03 8.414878489022997732e-01 3.060432190420937781e-03
6.643958834999999453e+03 8.410310142574628500e-01 3.060432190420937781e-03
6.651955804999999600e+03 8.251002044202015995e-01 3.060432190420937781e-03
6.659952774999999747e+03 8.149282504680056549e-01 3.060432190420937781e-03
6.667949744999999893e+03 8.056763703227145523e-01 3.060432190420937781e-03
6.675946715000000040e+03 7.909174905095027741e-01 3.060432190420937781e-03
6.683943685000000187e+03 7.681087454091313216e-01 3.060432190420937781e-03
6.691940655000000334e+03 7.513106561563694941e-01 3.060432190420937781e-03
6.699937624999999571e+03 7.330292380510036176e-01 3.060432190420937781e-03
6.707934594999999717e+03 7.230390845751430984e-01 3.060432190420937781e-03
6.715931564999999864e+03 7.147970474297892229e-01 3.060432190420937781e-03
6.723928535000000011e+03 6.967167967442899901e-01 3.060432190420937781e-03
6.731925505000000157e+03 6.838657237156833268e-01 3.060432190420937781e-03
6.739922474999999395e+03 6.716713483954618313e-01 3.060432190420937781e-03
6.747919444999999541e+03 6.755331326333829933e-01 3.060432190420937781e-03
6.755916414999999688e+03 6.650044490607884828e-01 3.060432190420937781e-03
6.763913384999999835e+03 6.528256297302922340e-01 3.060432190420937781e-03
6.771910354999999981e+03 6.499577466593678965e-01 3.060432190420937781e-03
6.779907325000000128e+03 6.386102556903789917e-01 3.060432190420937781e-03
6.787904295000000275e+03 6.312340322200961085e-01 3.060432190420937781e-03
6.795901264999999512e+03 6.328587620266590275e-01 3.060432190420937781e-03
6.803898234999999659e+03 6.226266440108644273e-01 3.060432190420937781e-03
6.811895204999999805e+03 6.185406946576624820e-01 3.060432190420937781e-03
6.819892174999999952e+03 6.157092924561364811e-01 3.060432190420937781e-03
6.827889145000000099e+03 6.141367960080619248e-01 3.060432190420937781e-03
6.835886114999999336e+03 6.079269831855510509e-01 3.060432190420937781e-03
6.843883084999999483e+03 6.049917703257270407e-01 3.060432190420937781e-03
6.851880054999999629e+03 6.117304613107342748e-01 3.060432190420937781e-03
6.859877024999999776e+03 6.084128003867562695e-01 3.060432190420937781e-03
6.867873994999999923e+03 5.985116534664045584e-01 3.060432190420937781e-03
6.875870965000000069e+03 5.971269127402328847e-01 3.060432190420937781e-03
6.883867935000000216e+03 5.980444608222279523e-01 3.060432190420937781e-03
6.891864904999999453e+03 5.912621755992624184e-01 3.060432190420937781e-03
6.899861874999999600e+03 5.879605684129847187e-01 3.060432190420937781e-03
6.907858844999999747e+03 5.949220946030283619e-01 3.060432190420937781e-03
6.915855814999999893e+03 5.892388099144877378e-01 3.060432190420937781e-03
6.923852784999999130e+03 5.809715718311518895e-01 3.060432190420937781e-03
6.931849754999999277e+03 5.786361434459666997e-01 3.060432190420937781e-03
6.939846724999999424e+03 5.781651472312125950e-01 3.060432190420937781e-03
6.947843694999999570e+03 5.829462808622536407e-01 3.060432190420937781e-03
6.955840664999999717e+03 5.703019515769969239e-01 3.060432190420937781e-03
6.963837634999999864e+03 5.736086367619325221e-01 3.060432190420937781e-03
6.971834605000000010e+03 5.747996545155784620e-01 3.060432190420937781e-03
6.979831575000000157e+03 5.657172985402624255e-01 3.060432190420937781e-03
6.987828544999999394e+03 5.630865092946648609e-01 3.060432190420937781e-03
6.995825514999999541e+03 5.612705514493470105e-01 3.060432190420937781e-03
