6.204125485000000481e+03 5.330616147466005206e-01 3.060432190420937781e-03
6.212122455000000627e+03 5.374221865176939117e-01 3.060432190420937781e-03
6.220119425000000774e+03 5.349528634673668126e-01 3.060432190420937781e-03
6.228116395000000011e+03 5.341853538727692197e-01 3.060432190420937781e-03
6.236113365000000158e+03 5.299634759041919052e-01 3.060432190420937781e-03
6.244110335000000305e+03 5.310619893613669484e-01 3.060432190420937781e-03
6.252107305000000451e+03 5.251499445775360542e-01 3.060432190420937781e-03
6.260104275000000598e+03 5.334828444077991394e-01 3.060432190420937781e-03
6.268101244999999835e+03 5.338828955089134354e-01 3.060432190420937781e-03
6.276098214999999982e+03 5.297095401875661080e-01 3.060432190420937781e-03
6.284095185000000129e+03 5.274328249662239010e-01 3.060432190420937781e-03
6.292092155000000275e+03 5.242387845452005646e-01 3.060432190420937781e-03
6.300089125000000422e+03 5.247046430812977169e-01 3.060432190420937781e-03
6.308086095000000569e+03 5.296009013225142503e-01 3.060432190420937781e-03
6.316083065000000715e+03 5.219985127326244312e-01 3.060432190420937781e-03
6.324080034999999953e+03 5.234564479183709818e-01 3.060432190420937781e-03
6.332077005000000099e+03 5.138628720960635166e-01 3.060432190420937781e-03
6.340073975000000246e+03 5.264098529285188288e-01 3.060432190420937781e-03
6.348070945000000393e+03 5.254521199011906729e-01 3.060432190420937781e-03
6.356067915000000539e+03 5.323200878720052431e-01 3.060432190420937781e-03
6.364064884999999776e+03 5.311869779587954365e-01 3.060432190420937781e-03
6.372061854999999923e+03 5.357923196907455887e-01 3.060432190420937781e-03
6.380058825000000070e+03 5.401113014693850189e-01 3.060432190420937781e-03
6.388055795000000217e+03 5.403920279082797817e-01 3.060432190420937781e-03
6.396052765000000363e+03 5.495503888794476266e-01 3.060432190420937781e-03
6.404049735000000510e+03 5.552576616599487203e-01 3.060432190420937781e-03
6.412046705000000657e+03 5.562759276341494585e-01 3.060432190420937781e-03
6.420043674999999894e+03 5.608243543545811116e-01 3.060432190420937781e-03
6.428040645000000040e+03 5.719495875989104583e-01 3.060432190420937781e-03
6.436037615000000187e+03 5.771046241877761940e-01 3.060432190420937781e-03
6.444034585000000334e+03 5.790213616802053487e-01 3.060432190420937781e-03
6.452031555000000481e+03 5.859320613186472793e-01 3.060432190420937781e-03
6.460028524999999718e+03 5.880629992434698305e-01 3.060432190420937781e-03
6.468025494999999864e+03 5.868461713533587032e-01 3.060432190420937781e-03
6.476022465000000011e+03 6.013753483267730848e-01 3.060432190420937781e-03
6.484019435000000158e+03 6.091577124606938343e-01 3.060432190420937781e-03
6.492016405000000304e+03 6.088331198093558383e-01 3.060432190420937781e-03
6.500013375000000451e+03 6.192430418573837692e-01 3.060432190420937781e-03
6.508010345000000598e+03 6.334131734499509614e-01 3.060432190420937781e-03
6.516007314999999835e+03 6.455354216512412258e-01 3.060432190420937781e-03
6.524004284999999982e+03 6.641484933987203965e-01 3.060432190420937781e-03
6.532001255000000128e+03 6.609412631268302141e-01 3.060432190420937781e-03
6.539998225000000275e+03 6.464681868614938764e-01 3.060432190420937781e-03
6.547995194999999512e+03 6.413608711340771373e-01 3.060432190420937781e-03
6.555992164999999659e+03 6.431261949673743317e-01 3.060432190420937781e-03
6.563989134999999806e+03 6.388685248661996052e-01 3.060432190420937781e-03
6.571986104999999952e+03 6.413888366024335097e-01 3.060432190420937781e-03
6.579983075000000099e+03 6.504766267873770547e-01 3.060432190420937781e-03
6.587980045000000246e+03 6.546424269823373221e-01 3.060432190420937781e-03
6.595977015000000392e+03 6.776110346437854703e-01 3.060432190420937781e-03
6.603973985000000539e+03 6.752538433045494060e-01 3.060432190420937781e-03
6.611970954999999776e+03 6.725066339380374458e-01 3.060432190420937781e-03
6.619967924999999923e+03 6.603863996393954938e-01 3.060432190420937781e-03
6.627964895000000070e+03 6.501634221349608111e-01 3.060432190420937781e-03
6.635961865000000216e+03 6.367529707292176600e-01 3.060432190420937781e-03
6.643958834999999453e+03 6.292270934807357996e-01 3.060432190420937781e-03
6.651955804999999600e+03 6.176462442096489758e-01 3.060432190420937781e-03
6.659952774999999747e+03 6.066200877119327650e-01 3.060432190420937781e-03
6.667949744999999893e+03 5.994079487978708487e-01 3.060432190420937781e-03
6.675946715000000040e+03 5.785255225812034885e-01 3.060432190420937781e-03
6.683943685000000187e+03 5.696017934677847228e-01 3.060432190420937781e-03
6.691940655000000334e+03 5.571427387329809244e-01 3.060432190420937781e-03
6.699937624999999571e+03 5.442529239738623792e-01 3.060432190420937781e-03
6.707934594999999717e+03 5.306444831948871066e-01 3.060432190420937781e-03
6.715931564999999864e+03 5.256190212761242542e-01 3.060432190420937781e-03
6.723928535000000011e+03 5.113323025536726796e-01 3.060432190420937781e-03
6.731925505000000157e+03 5.098997264768014848e-01 3.060432190420937781e-03
6.739922474999999395e+03 4.928027978752496652e-01 3.060432190420937781e-03
6.747919444999999541e+03 4.870402734384917109e-01 3.060432190420937781e-03
6.755916414999999688e+03 4.764413710396391277e-01 3.060432190420937781e-03
6.763913384999999835e+03 4.710786123583415863e-01 3.060432190420937781e-03
6.771910354999999981e+03 4.595922401110991151e-01 3.060432190420937781e-03
6.779907325000000128e+03 4.642227488190256990e-01 3.060432190420937781e-03
6.787904295000000275e+03 4.545351641054625746e-01 3.060432190420937781e-03
6.795901264999999512e+03 4.515033665810094798e-01 3.060432190420937781e-03
6.803898234999999659e+03 4.441087992179406085e-01 3.060432190420937781e-03
6.811895204999999805e+03 4.459825944021699740e-01 3.060432190420937781e-03
6.819892174999999952e+03 4.386546604530055515e-01 3.060432190420937781e-03
6.827889145000000099e+03 4.452341002106956491e-01 3.060432190420937781e-03
6.835886114999999336e+03 4.413463174805291600e-01 3.060432190420937781e-03
6.843883084999999483e+03 4.411093296609092107e-01 3.060432190420937781e-03
6.851880054999999629e+03 4.325989821160655113e-01 3.060432190420937781e-03
6.859877024999999776e+03 4.344228470950748933e-01 3.060432190420937781e-03
6.867873994999999923e+03 4.320778235083958529e-01 3.060432190420937781e-03
6.875870965000000069e+03 4.273893858184562577e-01 3.060432190420937781e-03
6.883867935000000216e+03 4.277844863586825475e-01 3.060432190420937781e-03
6.891864904999999453e+03 4.210683525670060323e-01 3.060432190420937781e-03
6.899861874999999600e+03 4.224512136537358908e-01 3.060432190420937781e-03
6.907858844999999747e+03 4.198171592309137279e-01 3.060432190420937781e-03
6.915855814999999893e+03 4.179399169600574449e-01 3.060432190420937781e-03
6.923852784999999130e+03 4.192490032506609454e-01 3.060432190420937781e-03
6.931849754999999277e+03 4.172256020948625355e-01 3.060432190420937781e-03
6.939846724999999424e+03 4.159954319973831471e-01 3.060432190420937781e-03
6.947843694999999570e+03 4.118086992344818786e-01 3.060432190420937781e-03
6.955840664999999717e+03 4.159033500093144431e-01 3.060432190420937781e-03
6.963837634999999864e+03 4.058246958142608940e-01 3.060432190420937781e-03
6.971834605000000010e+03 4.084835848371519695e-01 3.060432190420937781e-03
6.979831575000000157e+03 4.031512554027061324e-01 3.060432190420937781e-03
6.987828544999999394e+03 3.998603751949494356e-01 3.060432190420937781e-03
6.995825514999999541e+03 3.978565317472668728e-01 3.060432190420937781e-03
