6.204125485000000481e+03 9.432431280243995797e-01 3.060432190420937781e-03
6.212122455000000627e+03 9.382110458574534073e-01 3.060432190420937781e-03
6.220119425000000774e+03 9.389558829308742860e-01 3.060432190420937781e-03
6.228116395000000011e+03 9.405200697841837876e-01 3.060432190420937781e-03
6.236113365000000158e+03 9.346617192860847689e-01 3.060432190420937781e-03
6.244110335000000305e+03 9.313770409685310225e-01 3.060432190420937781e-03
6.252107305000000451e+03 9.317636496354080311e-01 3.060432190420937781e-03
6.260104275000000598e+03 9.339994764801147209e-01 3.060432190420937781e-03
6.268101244999999835e+03 9.263252814522664469e-01 3.060432190420937781e-03
6.276098214999999982e+03 9.293898521565602255e-01 3.060432190420937781e-03
6.284095185000000129e+03 9.217120968842327233e-01 3.060432190420937781e-03
6.292092155000000275e+03 9.300858309001626134e-01 3.060432190420937781e-03
6.300089125000000422e+03 9.196037994209197430e-01 3.060432190420937781e-03
6.308086095000000569e+03 9.188148682776883236e-01 3.060432190420937781e-03
6.316083065000000715e+03 9.212428983145753980e-01 3.060432190420937781e-03
6.324080034999999953e+03 9.088358076184810397e-01 3.060432190420937781e-03
6.332077005000000099e+03 9.103265128601346623e-01 3.060432190420937781e-03
6.340073975000000246e+03 9.129775653324769813e-01 3.060432190420937781e-03
6.348070945000000393e+03 9.097836663797354007e-01 3.060432190420937781e-03
6.356067915000000539e+03 9.180415325748239042e-01 3.060432190420937781e-03
6.364064884999999776e+03 9.277416992103484361e-01 3.060432190420937781e-03
6.372061854999999923e+03 9.332969957853070042e-01 3.060432190420937781e-03
6.380058825000000070e+03 9.323213985676090942e-01 3.060432190420937781e-03
6.388055795000000217e+03 9.369030185649779296e-01 3.060432190420937781e-03
6.396052765000000363e+03 9.370381219693282304e-01 3.060432190420937781e-03
6.404049735000000510e+03 9.472303724798680769e-01 3.060432190420937781e-03
6.412046705000000657e+03 9.504216224708319505e-01 3.060432190420937781e-03
6.420043674999999894e+03 9.556179182231159253e-01 3.060432190420937781e-03
6.428040645000000040e+03 9.685886784265139715e-01 3.060432190420937781e-03
6.436037615000000187e+03 9.654215211444715505e-01 3.060432190420937781e-03
6.444034585000000334e+03 9.723397720663348176e-01 3.060432190420937781e-03
6.452031555000000481e+03 9.765385935379305993e-01 3.060432190420937781e-03
6.460028524999999718e+03 9.847448818807953419e-01 3.060432190420937781e-03
6.468025494999999864e+03 9.867848233694956894e-01 3.060432190420937781e-03
6.476022465000000011e+03 9.890293714571207762e-01 3.060432190420937781e-03
6.484019435000000158e+03 9.887421752701623934e-01 3.060432190420937781e-03
6.492016405000000304e+03 9.922414365451329710e-01 3.060432190420937781e-03
6.500013375000000451e+03 9.932634969949771797e-01 3.060432190420937781e-03
6.508010345000000598e+03 1.009901591804447163e+00 3.060432190420937781e-03
6.516007314999999835e+03 1.022042067394810738e+00 3.060432190420937781e-03
6.524004284999999982e+03 1.034182855044078364e+00 3.060432190420937781e-03
6.532001255000000128e+03 1.029360952009737096e+00 3.060432190420937781e-03
6.539998225000000275e+03 1.013269206080658513e+00 3.060432190420937781e-03
6.547995194999999512e+03 1.010431319436210451e+00 3.060432190420937781e-03
6.555992164999999659e+03 1.014140353516436610e+00 3.060432190420937781e-03
6.563989134999999806e+03 1.016920345412734905e+00 3.060432190420937781e-03
6.571986104999999952e+03 1.021896350846762669e+00 3.060432190420937781e-03
6.579983075000000099e+03 1.022428285446062013e+00 3.060432190420937781e-03
6.587980045000000246e+03 1.037518039802085568e+00 3.060432190420937781e-03
6.595977015000000392e+03 1.054105727573216189e+00 3.060432190420937781e-03
6.603973985000000539e+03 1.051648245662722081e+00 3.060432190420937781e-03
6.611970954999999776e+03 1.043336061664623449e+00 3.060432190420937781e-03
6.619967924999999923e+03 1.030717600971594816e+00 3.060432190420937781e-03
6.627964895000000070e+03 1.015502087719721391e+00 3.060432190420937781e-03
6.635961865000000216e+03 1.007062512577456381e+00 3.060432190420937781e-03
6.643958834999999453e+03 1.009706620984591519e+00 3.060432190420937781e-03
6.651955804999999600e+03 9.939566887589447175e-01 3.060432190420937781e-03
6.659952774999999747e+03 9.780683017507268984e-01 3.060432190420937781e-03
6.667949744999999893e+03 9.671693926194674384e-01 3.060432190420937781e-03
6.675946715000000040e+03 9.542739367647092852e-01 3.060432190420937781e-03
6.683943685000000187e+03 9.386417261585493499e-01 3.060432190420937781e-03
6.691940655000000334e+03 9.257710187604559771e-01 3.060432190420937781e-03
6.699937624999999571e+03 9.056447761121833029e-01 3.060432190420937781e-03
6.707934594999999717e+03 8.986697024870776707e-01 3.060432190420937781e-03
6.715931564999999864e+03 8.843469191916397687e-01 3.060432190420937781e-03
6.723928535000000011e+03 8.726513893486596007e-01 3.060432190420937781e-03
6.731925505000000157e+03 8.610669177328447166e-01 3.060432190420937781e-03
6.739922474999999395e+03 8.461349039582752862e-01 3.060432190420937781e-03
6.747919444999999541e+03 8.357397479335888502e-01 3.060432190420937781e-03
6.755916414999999688e+03 8.268238622258089476e-01 3.060432190420937781e-03
6.763913384999999835e+03 8.140173986398419048e-01 3.060432190420937781e-03
6.771910354999999981e+03 8.065641517400506944e-01 3.060432190420937781e-03
6.779907325000000128e+03 7.996355291778806107e-01 3.060432190420937781e-03
6.787904295000000275e+03 7.941850463524925408e-01 3.060432190420937781e-03
6.795901264999999512e+03 7.850229142299727236e-01 3.060432190420937781e-03
6.803898234999999659e+03 7.807351547097656219e-01 3.060432190420937781e-03
6.811895204999999805e+03 7.763740594315535759e-01 3.060432190420937781e-03
6.819892174999999952e+03 7.721570691453983892e-01 3.060432190420937781e-03
6.827889145000000099e+03 7.680081241285047211e-01 3.060432190420937781e-03
6.835886114999999336e+03 7.614500943425208668e-01 3.060432190420937781e-03
6.843883084999999483e+03 7.578694041683070592e-01 3.060432190420937781e-03
6.851880054999999629e+03 7.658933719668746809e-01 3.060432190420937781e-03
6.859877024999999776e+03 7.540998918953026875e-01 3.060432190420937781e-03
6.867873994999999923e+03 7.537661759247582527e-01 3.060432190420937781e-03
6.875870965000000069e+03 7.524968116970526255e-01 3.060432190420937781e-03
6.883867935000000216e+03 7.504219344967824057e-01 3.060432190420937781e-03
6.891864904999999453e+03 7.457532004898523859e-01 3.060432190420937781e-03
6.899861874999999600e+03 7.393196801851519284e-01 3.060432190420937781e-03
6.907858844999999747e+03 7.371364859283929816e-01 3.060432190420937781e-03
6.915855814999999893e+03 7.372957908378531267e-01 3.060432190420937781e-03
6.923852784999999130e+03 7.345775055038870072e-01 3.060432190420937781e-03
6.931849754999999277e+03 7.355194246532937852e-01 3.060432190420937781e-03
6.939846724999999424e+03 7.290056059949411305e-01 3.060432190420937781e-03
6.947843694999999570e+03 7.294693468299624506e-01 3.060432190420937781e-03
6.955840664999999717e+03 7.192620913863833065e-01 3.060432190420937781e-03
6.963837634999999864e+03 7.229132131522166826e-01 3.060432190420937781e-03
6.971834605000000010e+03 7.219229592961907693e-01 3.060432190420937781e-03
6.979831575000000157e+03 7.147015729723874555e-01 3.060432190420937781e-03
6.987828544999999394e+03 7.161073234768862150e-01 3.060432190420937781e-03
6.995825514999999541e+03 7.129647930409281908e-01 3.060432190420937781e-03
