6.204125485000000481e+03 6.952208893155309433e-01 3.060432190420937781e-03
6.212122455000000627e+03 7.021736974581448409e-01 3.060432190420937781e-03
6.220119425000000774e+03 7.012010331285309928e-01 3.060432190420937781e-03
6.228116395000000011e+03 6.969908251382666009e-01 3.060432190420937781e-03
6.236113365000000158e+03 6.917600210840230135e-01 3.060432190420937781e-03
6.244110335000000305e+03 6.900964447211633823e-01 3.060432190420937781e-03
6.252107305000000451e+03 6.928780438183801405e-01 3.060432190420937781e-03
6.260104275000000598e+03 6.917002693207430220e-01 3.060432190420937781e-03
6.268101244999999835e+03 6.844628612724557026e-01 3.060432190420937781e-03
6.276098214999999982e+03 6.884533240296198953e-01 3.060432190420937781e-03
6.284095185000000129e+03 6.799635989965846505e-01 3.060432190420937781e-03
6.292092155000000275e+03 6.880268787326532243e-01 3.060432190420937781e-03
6.300089125000000422e+03 6.830275378784878004e-01 3.060432190420937781e-03
6.308086095000000569e+03 6.865382175303385015e-01 3.060432190420937781e-03
6.316083065000000715e+03 6.811454477824006037e-01 3.060432190420937781e-03
6.324080034999999953e+03 6.822640968869020384e-01 3.060432190420937781e-03
6.332077005000000099e+03 6.786333791290881656e-01 3.060432190420937781e-03
6.340073975000000246e+03 6.833105140536430699e-01 3.060432190420937781e-03
6.348070945000000393e+03 6.848420268494651575e-01 3.060432190420937781e-03
6.356067915000000539e+03 6.861608587041406748e-01 3.060432190420937781e-03
6.364064884999999776e+03 6.906560192006526711e-01 3.060432190420937781e-03
6.372061854999999923e+03 6.915610408441772439e-01 3.060432190420937781e-03
6.380058825000000070e+03 6.910988433753365578e-01 3.060432190420937781e-03
6.388055795000000217e+03 7.056728225289783385e-01 3.060432190420937781e-03
6.396052765000000363e+03 7.076019286764461125e-01 3.060432190420937781e-03
6.404049735000000510e+03 7.132012774872924510e-01 3.060432190420937781e-03
6.412046705000000657e+03 7.208606939263758617e-01 3.060432190420937781e-03
6.420043674999999894e+03 7.188676228632091547e-01 3.060432190420937781e-03
6.428040645000000040e+03 7.340420144011001735e-01 3.060432190420937781e-03
6.436037615000000187e+03 7.377694886607707447e-01 3.060432190420937781e-03
6.444034585000000334e+03 7.405760468102580152e-01 3.060432190420937781e-03
6.452031555000000481e+03 7.487859715354200363e-01 3.060432190420937781e-03
6.460028524999999718e+03 7.574403954551337526e-01 3.060432190420937781e-03
6.468025494999999864e+03 7.567482059195578259e-01 3.060432190420937781e-03
6.476022465000000011e+03 7.629902888914212866e-01 3.060432190420937781e-03
6.484019435000000158e+03 7.668721283920282294e-01 3.060432190420937781e-03
6.492016405000000304e+03 7.684060008221764715e-01 3.060432190420937781e-03
6.500013375000000451e+03 7.722764759948244073e-01 3.060432190420937781e-03
6.508010345000000598e+03 7.895160048072991099e-01 3.060432190420937781e-03
6.516007314999999835e+03 8.056315704072766204e-01 3.060432190420937781e-03
6.524004284999999982e+03 8.065104840119812213e-01 3.060432190420937781e-03
6.532001255000000128e+03 8.083311616810194833e-01 3.060432190420937781e-03
6.539998225000000275e+03 8.000771668278302551e-01 3.060432190420937781e-03
6.547995194999999512e+03 7.909612225974272937e-01 3.060432190420937781e-03
6.555992164999999659e+03 7.987811197824983278e-01 3.060432190420937781e-03
6.563989134999999806e+03 7.959354455898814962e-01 3.060432190420937781e-03
6.571986104999999952e+03 7.948981677187823003e-01 3.060432190420937781e-03
6.579983075000000099e+03 7.982610309838529261e-01 3.060432190420937781e-03
6.587980045000000246e+03 8.052018176091843005e-01 3.060432190420937781e-03
6.595977015000000392e+03 8.263001811693754250e-01 3.060432190420937781e-03
6.603973985000000539e+03 8.256303641138685867e-01 3.060432190420937781e-03
6.611970954999999776e+03 8.280569541892205399e-01 3.060432190420937781e-03
6.619967924999999923e+03 8.148573685313477144e-01 3.060432190420937781e-03
6.627964895000000070e+03 7.939793907167574938e-01 3.060432190420937781e-03
6.635961865000000216e+03 7.947883604735613838e-01 3.060432190420937781e-03
6.643958834999999453e+03 7.832443823188161014e-01 3.060432190420937781e-03
6.651955804999999600e+03 7.679768330996666892e-01 3.060432190420937781e-03
6.659952774999999747e+03 7.629377729079983572e-01 3.060432190420937781e-03
6.667949744999999893e+03 7.518388563931428514e-01 3.060432190420937781e-03
6.675946715000000040e+03 7.328879154039866783e-01 3.060432190420937781e-03
6.683943685000000187e+03 7.204624161120140036e-01 3.060432190420937781e-03
6.691940655000000334e+03 7.071163067508539068e-01 3.060432190420937781e-03
6.699937624999999571e+03 6.998512841386195227e-01 3.060432190420937781e-03
6.707934594999999717e+03 6.802203659328109886e-01 3.060432190420937781e-03
6.715931564999999864e+03 6.691202874124861921e-01 3.060432190420937781e-03
6.723928535000000011e+03 6.597893644345153019e-01 3.060432190420937781e-03
6.731925505000000157e+03 6.486744638508047389e-01 3.060432190420937781e-03
6.739922474999999395e+03 6.395901481012609135e-01 3.060432190420937781e-03
6.747919444999999541e+03 6.301315357938631623e-01 3.060432190420937781e-03
6.755916414999999688e+03 6.205954737074697025e-01 3.060432190420937781e-03
6.763913384999999835e+03 6.116668045474354942e-01 3.060432190420937781e-03
6.771910354999999981e+03 6.045927503451137275e-01 3.060432190420937781e-03
6.779907325000000128e+03 5.976235566325791559e-01 3.060432190420937781e-03
6.787904295000000275e+03 5.892963512705989837e-01 3.060432190420937781e-03
6.795901264999999512e+03 5.884685131311199191e-01 3.060432190420937781e-03
6.803898234999999659e+03 5.809769009238739956e-01 3.060432190420937781e-03
6.811895204999999805e+03 5.787076413235218153e-01 3.060432190420937781e-03
6.819892174999999952e+03 5.796924808400540918e-01 3.060432190420937781e-03
6.827889145000000099e+03 5.726722283314491513e-01 3.060432190420937781e-03
6.835886114999999336e+03 5.648705462802972033e-01 3.060432190420937781e-03
6.843883084999999483e+03 5.671762772595614344e-01 3.060432190420937781e-03
6.851880054999999629e+03 5.682510325106404636e-01 3.060432190420937781e-03
6.859877024999999776e+03 5.617060191020722959e-01 3.060432190420937781e-03
6.867873994999999923e+03 5.613213978272600935e-01 3.060432190420937781e-03
6.875870965000000069e+03 5.571245885192015468e-01 3.060432190420937781e-03
6.883867935000000216e+03 5.598185404177198343e-01 3.060432190420937781e-03
6.891864904999999453e+03 5.522819340378056774e-01 3.060432190420937781e-03
6.899861874999999600e+03 5.491704719901849829e-01 3.060432190420937781e-03
6.907858844999999747e+03 5.494484551051523891e-01 3.060432190420937781e-03
6.915855814999999893e+03 5.462728892897803501e-01 3.060432190420937781e-03
6.923852784999999130e+03 5.493575699458642658e-01 3.060432190420937781e-03
6.931849754999999277e+03 5.471324941813501264e-01 3.060432190420937781e-03
6.939846724999999424e+03 5.401399931507560037e-01 3.060432190420937781e-03
6.947843694999999570e+03 5.380368927358849529e-01 3.060432190420937781e-03
6.955840664999999717e+03 5.349780352261531702e-01 3.060432190420937781e-03
6.963837634999999864e+03 5.347643695853139256e-01 3.060432190420937781e-03
6.971834605000000010e+03 5.390672480121043719e-01 3.060432190420937781e-03
6.979831575000000157e+03 5.195732092698900351e-01 3.060432190420937781e-03
6.987828544999999394e+03 5.271434921350881542e-01 3.060432190420937781e-03
6.995825514999999541e+03 5.291894384689074249e-01 3.060432190420937781e-03
