6.204125485000000481e+03 7.540722055121935608e-01 3.060432190420937781e-03
6.212122455000000627e+03 7.464634420803981651e-01 3.060432190420937781e-03
6.220119425000000774e+03 7.511889004353881072e-01 3.060432190420937781e-03
6.228116395000000011e+03 7.430135889344080535e-01 3.060432190420937781e-03
6.236113365000000158e+03 7.468736291341577793e-01 3.060432190420937781e-03
6.244110335000000305e+03 7.500167310716803204e-01 3.060432190420937781e-03
6.252107305000000451e+03 7.396977711269002720e-01 3.060432190420937781e-03
6.260104275000000598e+03 7.494704686669375615e-01 3.060432190420937781e-03
6.268101244999999835e+03 7.416543500176314696e-01 3.060432190420937781e-03
6.276098214999999982e+03 7.362101283818108799e-01 3.060432190420937781e-03
6.284095185000000129e+03 7.427538526412581499e-01 3.060432190420937781e-03
6.292092155000000275e+03 7.357734861778837399e-01 3.060432190420937781e-03
6.300089125000000422e+03 7.374360786091131992e-01 3.060432190420937781e-03
6.308086095000000569e+03 7.331255127330909005e-01 3.060432190420937781e-03
6.316083065000000715e+03 7.304395811339708944e-01 3.060432190420937781e-03
6.324080034999999953e+03 7.296224844553174105e-01 3.060432190420937781e-03
6.332077005000000099e+03 7.288696788860137277e-01 3.060432190420937781e-03
6.340073975000000246e+03 7.341483339629276683e-01 3.060432190420937781e-03
6.348070945000000393e+03 7.289650985662534666e-01 3.060432190420937781e-03
6.356067915000000539e+03 7.364228552776881376e-01 3.060432190420937781e-03
6.364064884999999776e+03 7.433163796695363423e-01 3.060432190420937781e-03
6.372061854999999923e+03 7.414621012603478389e-01 3.060432190420937781e-03
6.380058825000000070e+03 7.456830975562761532e-01 3.060432190420937781e-03
6.388055795000000217e+03 7.546619197155358671e-01 3.060432190420937781e-03
6.396052765000000363e+03 7.587737151018795201e-01 3.060432190420937781e-03
6.404049735000000510e+03 7.654747730304527487e-01 3.060432190420937781e-03
6.412046705000000657e+03 7.689325254621627304e-01 3.060432190420937781e-03
6.420043674999999894e+03 7.708870998907139116e-01 3.060432190420937781e-03
6.428040645000000040e+03 7.774277274389158610e-01 3.060432190420937781e-03
6.436037615000000187e+03 7.827655896592654594e-01 3.060432190420937781e-03
6.444034585000000334e+03 7.892003969255766416e-01 3.060432190420937781e-03
6.452031555000000481e+03 7.991522344601961203e-01 3.060432190420937781e-03
6.460028524999999718e+03 7.990506962152704729e-01 3.060432190420937781e-03
6.468025494999999864e+03 8.025831078573272270e-01 3.060432190420937781e-03
6.476022465000000011e+03 8.079361528919728475e-01 3.060432190420937781e-03
6.484019435000000158e+03 8.065688186436171803e-01 3.060432190420937781e-03
6.492016405000000304e+03 8.159127844625698733e-01 3.060432190420937781e-03
6.500013375000000451e+03 8.272878629162536690e-01 3.060432190420937781e-03
6.508010345000000598e+03 8.381157460374757395e-01 3.060432190420937781e-03
6.516007314999999835e+03 8.469406090399365095e-01 3.060432190420937781e-03
6.524004284999999982e+03 8.540196434272778747e-01 3.060432190420937781e-03
6.532001255000000128e+03 8.546676010066629470e-01 3.060432190420937781e-03
6.539998225000000275e+03 8.437567494081578134e-01 3.060432190420937781e-03
6.547995194999999512e+03 8.381574802840816574e-01 3.060432190420937781e-03
6.555992164999999659e+03 8.382822683823024645e-01 3.060432190420937781e-03
6.563989134999999806e+03 8.422277328659916185e-01 3.060432190420937781e-03
6.571986104999999952e+03 8.473936999102564815e-01 3.060432190420937781e-03
6.579983075000000099e+03 8.436573777420228737e-01 3.060432190420937781e-03
6.587980045000000246e+03 8.557292691223336023e-01 3.060432190420937781e-03
6.595977015000000392e+03 8.725568031351086384e-01 3.060432190420937781e-03
6.603973985000000539e+03 8.757682240291997378e-01 3.060432190420937781e-03
6.611970954999999776e+03 8.694227981249285087e-01 3.060432190420937781e-03
6.619967924999999923e+03 8.549520496019689109e-01 3.060432190420937781e-03
6.627964895000000070e+03 8.503872385772214271e-01 3.060432190420937781e-03
6.635961865000000216e+03 8.378684057333521951e-01 3.060432190420937781e-03
6.643958834999999453e+03 8.332004569849611464e-01 3.060432190420937781e-03
6.651955804999999600e+03 8.175895214634215646e-01 3.060432190420937781e-03
6.659952774999999747e+03 8.055105903418192659e-01 3.060432190420937781e-03
6.667949744999999893e+03 7.900700282282556719e-01 3.060432190420937781e-03
6.675946715000000040e+03 7.712504237855665190e-01 3.060432190420937781e-03
6.683943685000000187e+03 7.650003391370803207e-01 3.060432190420937781e-03
6.691940655000000334e+03 7.537635212887935365e-01 3.060432190420937781e-03
6.699937624999999571e+03 7.348287483947592014e-01 3.060432190420937781e-03
6.707934594999999717e+03 7.262461994290164702e-01 3.060432190420937781e-03
6.715931564999999864e+03 7.142789884162288327e-01 3.060432190420937781e-03
6.723928535000000011e+03 7.014216068777565649e-01 3.060432190420937781e-03
6.731925505000000157e+03 6.933317216639267588e-01 3.060432190420937781e-03
6.739922474999999395e+03 6.832164218201651762e-01 3.060432190420937781e-03
6.747919444999999541e+03 6.731853193471355468e-01 3.060432190420937781e-03
6.755916414999999688e+03 6.629788865210267668e-01 3.060432190420937781e-03
6.763913384999999835e+03 6.531622505053431560e-01 3.060432190420937781e-03
6.771910354999999981e+03 6.466082570395078610e-01 3.060432190420937781e-03
6.779907325000000128e+03 6.421923283590981191e-01 3.060432190420937781e-03
6.787904295000000275e+03 6.352417020826538474e-01 3.060432190420937781e-03
6.795901264999999512e+03 6.342843045337847041e-01 3.060432190420937781e-03
6.803898234999999659e+03 6.211636445698208719e-01 3.060432190420937781e-03
6.811895204999999805e+03 6.195505176475242237e-01 3.060432190420937781e-03
6.819892174999999952e+03 6.192306158113374259e-01 3.060432190420937781e-03
6.827889145000000099e+03 6.166250946359792540e-01 3.060432190420937781e-03
6.835886114999999336e+03 6.137828235840292468e-01 3.060432190420937781e-03
6.843883084999999483e+03 6.128883772481446002e-01 3.060432190420937781e-03
6.851880054999999629e+03 6.084377315330926628e-01 3.060432190420937781e-03
6.859877024999999776e+03 6.013456026109365027e-01 3.060432190420937781e-03
6.867873994999999923e+03 5.978353358603825107e-01 3.060432190420937781e-03
6.875870965000000069e+03 6.032400902198771231e-01 3.060432190420937781e-03
6.883867935000000216e+03 6.020477319205820299e-01 3.060432190420937781e-03
6.891864904999999453e+03 5.909565542847071695e-01 3.060432190420937781e-03
6.899861874999999600e+03 5.891374435058400749e-01 3.060432190420937781e-03
6.907858844999999747e+03 5.897273004564248522e-01 3.060432190420937781e-03
6.915855814999999893e+03 5.842144779743480010e-01 3.060432190420937781e-03
6.923852784999999130e+03 5.869069670946522876e-01 3.060432190420937781e-03
6.931849754999999277e+03 5.865985104673472339e-01 3.060432190420937781e-03
6.939846724999999424e+03 5.804467512493491910e-01 3.060432190420937781e-03
6.947843694999999570e+03 5.814045716978689660e-01 3.060432190420937781e-03
6.955840664999999717e+03 5.840162227349172674e-01 3.060432190420937781e-03
6.963837634999999864e+03 5.749637658064639112e-01 3.060432190420937781e-03
6.971834605000000010e+03 5.707075387194960880e-01 3.060432190420937781e-03
6.979831575000000157e+03 5.708627661286344024e-01 3.060432190420937781e-03
6.987828544999999394e+03 5.707211390659373551e-01 3.060432190420937781e-03
6.995825514999999541e+03 5.678393602496665249e-01 3.060432190420937781e-03
