6.204125485000000481e+03 6.885933946272252415e-01 3.060432190420937781e-03
6.212122455000000627e+03 6.822903749193609535e-01 3.060432190420937781e-03
6.220119425000000774e+03 6.826702333732135308e-01 3.060432190420937781e-03
6.228116395000000011e+03 6.742453601304716493e-01 3.060432190420937781e-03
6.236113365000000158e+03 6.803899521535113903e-01 3.060432190420937781e-03
6.244110335000000305e+03 6.859096247654634659e-01 3.060432190420937781e-03
6.252107305000000451e+03 6.742319633269215906e-01 3.060432190420937781e-03
6.260104275000000598e+03 6.763051945902801565e-01 3.060432190420937781e-03
6.268101244999999835e+03 6.714478974772102315e-01 3.060432190420937781e-03
6.276098214999999982e+03 6.771265047225745182e-01 3.060432190420937781e-03
6.284095185000000129e+03 6.712910135033166581e-01 3.060432190420937781e-03
6.292092155000000275e+03 6.720912263044725998e-01 3.060432190420937781e-03
6.300089125000000422e+03 6.679602135995824641e-01 3.060432190420937781e-03
6.308086095000000569e+03 6.663088056093676714e-01 3.060432190420937781e-03
6.316083065000000715e+03 6.647366981216135118e-01 3.060432190420937781e-03
6.324080034999999953e+03 6.612374069717490421e-01 3.060432190420937781e-03
6.332077005000000099e+03 6.685679046249941582e-01 3.060432190420937781e-03
6.340073975000000246e+03 6.695887052718021426e-01 3.060432190420937781e-03
6.348070945000000393e+03 6.734727913669894539e-01 3.060432190420937781e-03
6.356067915000000539e+03 6.735896725374955762e-01 3.060432190420937781e-03
6.364064884999999776e+03 6.748179322770769817e-01 3.060432190420937781e-03
6.372061854999999923e+03 6.767724698414231410e-01 3.060432190420937781e-03
6.380058825000000070e+03 6.823059269307726327e-01 3.060432190420937781e-03
6.388055795000000217e+03 6.738357821122056279e-01 3.060432190420937781e-03
6.396052765000000363e+03 6.868026226218548747e-01 3.060432190420937781e-03
6.404049735000000510e+03 6.845465985072664017e-01 3.060432190420937781e-03
6.412046705000000657e+03 6.934578343563979619e-01 3.060432190420937781e-03
6.420043674999999894e+03 6.958195204216761631e-01 3.060432190420937781e-03
6.428040645000000040e+03 7.000595116968436615e-01 3.060432190420937781e-03
6.436037615000000187e+03 7.057036720211476988e-01 3.060432190420937781e-03
6.444034585000000334e+03 7.095853375649867623e-01 3.060432190420937781e-03
6.452031555000000481e+03 7.138903501683999675e-01 3.060432190420937781e-03
6.460028524999999718e+03 7.179735701327536468e-01 3.060432190420937781e-03
6.468025494999999864e+03 7.264762182739165075e-01 3.060432190420937781e-03
6.476022465000000011e+03 7.306292854197609099e-01 3.060432190420937781e-03
6.484019435000000158e+03 7.369209483530217986e-01 3.060432190420937781e-03
6.492016405000000304e+03 7.401896458974126514e-01 3.060432190420937781e-03
6.500013375000000451e+03 7.514369138149856742e-01 3.060432190420937781e-03
6.508010345000000598e+03 7.735848536436669143e-01 3.060432190420937781e-03
6.516007314999999835e+03 7.877954328999392519e-01 3.060432190420937781e-03
6.524004284999999982e+03 7.960872141588712925e-01 3.060432190420937781e-03
6.532001255000000128e+03 7.940431177541706909e-01 3.060432190420937781e-03
6.539998225000000275e+03 7.802192665376057601e-01 3.060432190420937781e-03
6.547995194999999512e+03 7.751590603933873336e-01 3.060432190420937781e-03
6.555992164999999659e+03 7.723305238413080698e-01 3.060432190420937781e-03
6.563989134999999806e+03 7.705252104531571389e-01 3.060432190420937781e-03
6.571986104999999952e+03 7.760360733179327841e-01 3.060432190420937781e-03
6.579983075000000099e+03 7.783629630550293887e-01 3.060432190420937781e-03
6.587980045000000246e+03 7.788396695866777186e-01 3.060432190420937781e-03
6.595977015000000392e+03 8.027931708842054315e-01 3.060432190420937781e-03
6.603973985000000539e+03 8.067963195622145367e-01 3.060432190420937781e-03
6.611970954999999776e+03 7.953750605478228097e-01 3.060432190420937781e-03
6.619967924999999923e+03 7.727323104937191545e-01 3.060432190420937781e-03
6.627964895000000070e+03 7.623845674273258544e-01 3.060432190420937781e-03
6.635961865000000216e+03 7.611628781221267959e-01 3.060432190420937781e-03
6.643958834999999453e+03 7.448527620652585224e-01 3.060432190420937781e-03
6.651955804999999600e+03 7.348560642648694907e-01 3.060432190420937781e-03
6.659952774999999747e+03 7.238630822393007369e-01 3.060432190420937781e-03
6.667949744999999893e+03 7.138750183298974150e-01 3.060432190420937781e-03
6.675946715000000040e+03 7.006663960280141712e-01 3.060432190420937781e-03
6.683943685000000187e+03 6.891825306906376181e-01 3.060432190420937781e-03
6.691940655000000334e+03 6.696084608063226362e-01 3.060432190420937781e-03
6.699937624999999571e+03 6.653913651117098205e-01 3.060432190420937781e-03
6.707934594999999717e+03 6.523677131101252025e-01 3.060432190420937781e-03
6.715931564999999864e+03 6.459101099528576917e-01 3.060432190420937781e-03
6.723928535000000011e+03 6.366416630355586914e-01 3.060432190420937781e-03
6.731925505000000157e+03 6.212874870799085514e-01 3.060432190420937781e-03
6.739922474999999395e+03 6.194324207232811963e-01 3.060432190420937781e-03
6.747919444999999541e+03 6.085972237192944778e-01 3.060432190420937781e-03
6.755916414999999688e+03 6.035222010168008744e-01 3.060432190420937781e-03
6.763913384999999835e+03 5.990990302108499810e-01 3.060432190420937781e-03
6.771910354999999981e+03 5.916393880155674800e-01 3.060432190420937781e-03
6.779907325000000128e+03 5.824645181779708469e-01 3.060432190420937781e-03
6.787904295000000275e+03 5.727436991683833023e-01 3.060432190420937781e-03
6.795901264999999512e+03 5.694312510357580903e-01 3.060432190420937781e-03
6.803898234999999659e+03 5.665448556464763863e-01 3.060432190420937781e-03
6.811895204999999805e+03 5.654306230835750569e-01 3.060432190420937781e-03
6.819892174999999952e+03 5.630081899139381951e-01 3.060432190420937781e-03
6.827889145000000099e+03 5.606104996156170417e-01 3.060432190420937781e-03
6.835886114999999336e+03 5.572311041628719153e-01 3.060432190420937781e-03
6.843883084999999483e+03 5.581934152055855192e-01 3.060432190420937781e-03
6.851880054999999629e+03 5.548718456961386769e-01 3.060432190420937781e-03
6.859877024999999776e+03 5.504190514551267066e-01 3.060432190420937781e-03
6.867873994999999923e+03 5.487909462464285459e-01 3.060432190420937781e-03
6.875870965000000069e+03 5.496122869700800218e-01 3.060432190420937781e-03
6.883867935000000216e+03 5.469308814238357241e-01 3.060432190420937781e-03
6.891864904999999453e+03 5.405589652281793667e-01 3.060432190420937781e-03
6.899861874999999600e+03 5.410355073867293418e-01 3.060432190420937781e-03
6.907858844999999747e+03 5.339437624893025314e-01 3.060432190420937781e-03
6.915855814999999893e+03 5.364129828219790230e-01 3.060432190420937781e-03
6.923852784999999130e+03 5.361626489168659360e-01 3.060432190420937781e-03
6.931849754999999277e+03 5.296334869035166371e-01 3.060432190420937781e-03
6.939846724999999424e+03 5.283863762711711320e-01 3.060432190420937781e-03
6.947843694999999570e+03 5.330565322983735754e-01 3.060432190420937781e-03
6.955840664999999717e+03 5.244391160225971849e-01 3.060432190420937781e-03
6.963837634999999864e+03 5.221550337539451192e-01 3.060432190420937781e-03
6.971834605000000010e+03 5.196240669585969751e-01 3.060432190420937781e-03
6.979831575000000157e+03 5.169868117752218772e-01 3.060432190420937781e-03
6.987828544999999394e+03 5.139262654875843550e-01 3.060432190420937781e-03
6.995825514999999541e+03 5.148045367603861777e-01 3.060432190420937781e-03
