6.204125485000000481e+03 9.037524660329300241e-01 3.060432190420937781e-03
6.212122455000000627e+03 8.994589804115517007e-01 3.060432190420937781e-03
6.220119425000000774e+03 9.023756557518548549e-01 3.060432190420937781e-03
6.228116395000000011e+03 8.916819837434201146e-01 3.060432190420937781e-03
6.236113365000000158e+03 8.940851697145382193e-01 3.060432190420937781e-03
6.244110335000000305e+03 8.939996638180637278e-01 3.060432190420937781e-03
6.252107305000000451e+03 8.945490955057855409e-01 3.060432190420937781e-03
6.260104275000000598e+03 8.907621483075353064e-01 3.060432190420937781e-03
6.268101244999999835e+03 8.869300036875011894e-01 3.060432190420937781e-03
6.276098214999999982e+03 8.796637672856320034e-01 3.060432190420937781e-03
6.284095185000000129e+03 8.841817600037327196e-01 3.060432190420937781e-03
6.292092155000000275e+03 8.842274655536114247e-01 3.060432190420937781e-03
6.300089125000000422e+03 8.772583744876800704e-01 3.060432190420937781e-03
6.308086095000000569e+03 8.806340478975156483e-01 3.060432190420937781e-03
6.316083065000000715e+03 8.778859851185052410e-01 3.060432190420937781e-03
6.324080034999999953e+03 8.731347539839546812e-01 3.060432190420937781e-03
6.332077005000000099e+03 8.776437071296340209e-01 3.060432190420937781e-03
6.340073975000000246e+03 8.796007560061891439e-01 3.060432190420937781e-03
6.348070945000000393e+03 8.775936067585782263e-01 3.060432190420937781e-03
6.356067915000000539e+03 8.781360815138730125e-01 3.060432190420937781e-03
6.364064884999999776e+03 8.798502988467487018e-01 3.060432190420937781e-03
6.372061854999999923e+03 8.904181783087390389e-01 3.060432190420937781e-03
6.380058825000000070e+03 8.962179463589901030e-01 3.060432190420937781e-03
6.388055795000000217e+03 9.027363280920613908e-01 3.060432190420937781e-03
6.396052765000000363e+03 9.060294320995649908e-01 3.060432190420937781e-03
6.404049735000000510e+03 9.061752982143420621e-01 3.060432190420937781e-03
6.412046705000000657e+03 9.164735282481308865e-01 3.060432190420937781e-03
6.420043674999999894e+03 9.220168625438994736e-01 3.060432190420937781e-03
6.428040645000000040e+03 9.269561670268604558e-01 3.060432190420937781e-03
6.436037615000000187e+03 9.334280470793796525e-01 3.060432190420937781e-03
6.444034585000000334e+03 9.320458676280560795e-01 3.060432190420937781e-03
6.452031555000000481e+03 9.402235916966291684e-01 3.060432190420937781e-03
6.460028524999999718e+03 9.455046305778695981e-01 3.060432190420937781e-03
6.468025494999999864e+03 9.541766207878462636e-01 3.060432190420937781e-03
6.476022465000000011e+03 9.503122951040763322e-01 3.060432190420937781e-03
6.484019435000000158e+03 9.492348173275626522e-01 3.060432190420937781e-03
6.492016405000000304e+03 9.590368668572154531e-01 3.060432190420937781e-03
6.500013375000000451e+03 9.586046833338622841e-01 3.060432190420937781e-03
6.508010345000000598e+03 9.723403605392141325e-01 3.060432190420937781e-03
6.516007314999999835e+03 9.805917526327588840e-01 3.060432190420937781e-03
6.524004284999999982e+03 9.931517248718276791e-01 3.060432190420937781e-03
6.532001255000000128e+03 9.907836992932609332e-01 3.060432190420937781e-03
6.539998225000000275e+03 9.817410127442566248e-01 3.060432190420937781e-03
6.547995194999999512e+03 9.766093453105707534e-01 3.060432190420937781e-03
6.555992164999999659e+03 9.772833802841756068e-01 3.060432190420937781e-03
6.563989134999999806e+03 9.759787324297333200e-01 3.060432190420937781e-03
6.571986104999999952e+03 9.774006969988876525e-01 3.060432190420937781e-03
6.579983075000000099e+03 9.871731640063039492e-01 3.060432190420937781e-03
6.587980045000000246e+03 9.974157068528556325e-01 3.060432190420937781e-03
6.595977015000000392e+03 1.015237524304821282e+00 3.060432190420937781e-03
6.603973985000000539e+03 1.019718666463394818e+00 3.060432190420937781e-03
6.611970954999999776e+03 1.014303794589803465e+00 3.060432190420937781e-03
6.619967924999999923e+03 9.963658767249626846e-01 3.060432190420937781e-03
6.627964895000000070e+03 9.857320061654241128e-01 3.060432190420937781e-03
6.635961865000000216e+03 9.749679134994966301e-01 3.060432190420937781e-03
6.643958834999999453e+03 9.713209901057312523e-01 3.060432190420937781e-03
6.651955804999999600e+03 9.628145497680034026e-01 3.060432190420937781e-03
6.659952774999999747e+03 9.446671561706356801e-01 3.060432190420937781e-03
6.667949744999999893e+03 9.347463029255133060e-01 3.060432190420937781e-03
6.675946715000000040e+03 9.283219669982059052e-01 3.060432190420937781e-03
6.683943685000000187e+03 9.017525420873678810e-01 3.060432190420937781e-03
6.691940655000000334e+03 8.937368727653769440e-01 3.060432190420937781e-03
6.699937624999999571e+03 8.714317766800188103e-01 3.060432190420937781e-03
6.707934594999999717e+03 8.645681362509136658e-01 3.060432190420937781e-03
6.715931564999999864e+03 8.465925074824208751e-01 3.060432190420937781e-03
6.723928535000000011e+03 8.385424849349456533e-01 3.060432190420937781e-03
6.731925505000000157e+03 8.243009788480207822e-01 3.060432190420937781e-03
6.739922474999999395e+03 8.136009514902410311e-01 3.060432190420937781e-03
6.747919444999999541e+03 7.985829916366792292e-01 3.060432190420937781e-03
6.755916414999999688e+03 7.850984117462396217e-01 3.060432190420937781e-03
6.763913384999999835e+03 7.774484111808248610e-01 3.060432190420937781e-03
6.771910354999999981e+03 7.686642167765033173e-01 3.060432190420937781e-03
6.779907325000000128e+03 7.618934879472628596e-01 3.060432190420937781e-03
6.787904295000000275e+03 7.578069210801581246e-01 3.060432190420937781e-03
6.795901264999999512e+03 7.510431146867644348e-01 3.060432190420937781e-03
6.803898234999999659e+03 7.443363073319797518e-01 3.060432190420937781e-03
6.811895204999999805e+03 7.419371072701461678e-01 3.060432190420937781e-03
6.819892174999999952e+03 7.408613906666666749e-01 3.060432190420937781e-03
6.827889145000000099e+03 7.366031075105845538e-01 3.060432190420937781e-03
6.835886114999999336e+03 7.318481830582286296e-01 3.060432190420937781e-03
6.843883084999999483e+03 7.312313577920115382e-01 3.060432190420937781e-03
6.851880054999999629e+03 7.245742575064059166e-01 3.060432190420937781e-03
6.859877024999999776e+03 7.217414576395984049e-01 3.060432190420937781e-03
6.867873994999999923e+03 7.211739063047520881e-01 3.060432190420937781e-03
6.875870965000000069e+03 7.210574863324547001e-01 3.060432190420937781e-03
6.883867935000000216e+03 7.165727728960140652e-01 3.060432190420937781e-03
6.891864904999999453e+03 7.087614049114062675e-01 3.060432190420937781e-03
6.899861874999999600e+03 7.118105194676517256e-01 3.060432190420937781e-03
6.907858844999999747e+03 7.103426683538991426e-01 3.060432190420937781e-03
6.915855814999999893e+03 7.032638075857632343e-01 3.060432190420937781e-03
6.923852784999999130e+03 7.048940283959210795e-01 3.060432190420937781e-03
6.931849754999999277e+03 6.974187148104454836e-01 3.060432190420937781e-03
6.939846724999999424e+03 6.952758820750979396e-01 3.060432190420937781e-03
6.947843694999999570e+03 6.891653017000471948e-01 3.060432190420937781e-03
6.955840664999999717e+03 6.942598942758377856e-01 3.060432190420937781e-03
6.963837634999999864e+03 6.840835486288220357e-01 3.060432190420937781e-03
6.971834605000000010e+03 6.869987226239362421e-01 3.060432190420937781e-03
6.979831575000000157e+03 6.870983930226444159e-01 3.060432190420937781e-03
6.987828544999999394e+03 6.738047694423849876e-01 3.060432190420937781e-03
6.995825514999999541e+03 6.739737731341308713e-01 3.060432190420937781e-03
