6.204125485000000481e+03 7.192842028228229045e-01 3.060432190420937781e-03
6.212122455000000627e+03 7.195966760941260310e-01 3.060432190420937781e-03
6.220119425000000774e+03 7.104386326594285261e-01 3.060432190420937781e-03
6.228116395000000011e+03 7.157257413078360608e-01 3.060432190420937781e-03
6.236113365000000158e+03 7.108136534732328871e-01 3.060432190420937781e-03
6.244110335000000305e+03 7.145695393555674402e-01 3.060432190420937781e-03
6.252107305000000451e+03 7.072135931491490002e-01 3.060432190420937781e-03
6.260104275000000598e+03 7.070554406680651383e-01 3.060432190420937781e-03
6.268101244999999835e+03 7.163037019816673734e-01 3.060432190420937781e-03
6.276098214999999982e+03 7.117599973122022972e-01 3.060432190420937781e-03
6.284095185000000129e+03 7.033526155922722456e-01 3.060432190420937781e-03
6.292092155000000275e+03 7.037029685336116946e-01 3.060432190420937781e-03
6.300089125000000422e+03 7.021966843819684723e-01 3.060432190420937781e-03
6.308086095000000569e+03 6.988531005490511427e-01 3.060432190420937781e-03
6.316083065000000715e+03 6.980576440453607479e-01 3.060432190420937781e-03
6.324080034999999953e+03 6.966120930065098360e-01 3.060432190420937781e-03
6.332077005000000099e+03 6.999873713830216948e-01 3.060432190420937781e-03
6.340073975000000246e+03 6.991707415818226856e-01 3.060432190420937781e-03
6.348070945000000393e+03 7.022983236799230644e-01 3.060432190420937781e-03
6.356067915000000539e+03 7.053416274455228674e-01 3.060432190420937781e-03
6.364064884999999776e+03 7.110926572442911597e-01 3.060432190420937781e-03
6.372061854999999923e+03 7.123416269131854772e-01 3.060432190420937781e-03
6.380058825000000070e+03 7.133601439587529125e-01 3.060432190420937781e-03
6.388055795000000217e+03 7.265297478566626888e-01 3.060432190420937781e-03
6.396052765000000363e+03 7.292687151365971898e-01 3.060432190420937781e-03
6.404049735000000510e+03 7.398802334177935203e-01 3.060432190420937781e-03
6.412046705000000657e+03 7.387290301860761632e-01 3.060432190420937781e-03
6.420043674999999894e+03 7.390383156595736747e-01 3.060432190420937781e-03
6.428040645000000040e+03 7.455921861956894547e-01 3.060432190420937781e-03
6.436037615000000187e+03 7.498210415192144707e-01 3.060432190420937781e-03
6.444034585000000334e+03 7.582861103196918418e-01 3.060432190420937781e-03
6.452031555000000481e+03 7.629903474931368779e-01 3.060432190420937781e-03
6.460028524999999718e+03 7.631924403901463316e-01 3.060432190420937781e-03
6.468025494999999864e+03 7.715655838361215046e-01 3.060432190420937781e-03
6.476022465000000011e+03 7.819936657352023479e-01 3.060432190420937781e-03
6.484019435000000158e+03 7.831277439660119244e-01 3.060432190420937781e-03
6.492016405000000304e+03 7.923450180945375010e-01 3.060432190420937781e-03
6.500013375000000451e+03 8.037469833178260137e-01 3.060432190420937781e-03
6.508010345000000598e+03 8.183293829451077084e-01 3.060432190420937781e-03
6.516007314999999835e+03 8.260601703543484220e-01 3.060432190420937781e-03
6.524004284999999982e+03 8.327061775698727519e-01 3.060432190420937781e-03
6.532001255000000128e+03 8.328389932890298830e-01 3.060432190420937781e-03
6.539998225000000275e+03 8.195845062341946541e-01 3.060432190420937781e-03
6.547995194999999512e+03 8.112108352477972462e-01 3.060432190420937781e-03
6.555992164999999659e+03 8.118069822042424111e-01 3.060432190420937781e-03
6.563989134999999806e+03 8.068534387883098402e-01 3.060432190420937781e-03
6.571986104999999952e+03 8.168093804692265758e-01 3.060432190420937781e-03
6.579983075000000099e+03 8.179578770358882922e-01 3.060432190420937781e-03
6.587980045000000246e+03 8.220127525238418720e-01 3.060432190420937781e-03
6.595977015000000392e+03 8.421441041632332647e-01 3.060432190420937781e-03
6.603973985000000539e+03 8.462218671397143677e-01 3.060432190420937781e-03
6.611970954999999776e+03 8.423956478435820072e-01 3.060432190420937781e-03
6.619967924999999923e+03 8.355895961953690998e-01 3.060432190420937781e-03
6.627964895000000070e+03 8.186083037295852627e-01 3.060432190420937781e-03
6.635961865000000216e+03 8.122841837028903500e-01 3.060432190420937781e-03
6.643958834999999453e+03 8.037282189775153407e-01 3.060432190420937781e-03
6.651955804999999600e+03 7.940101702694426500e-01 3.060432190420937781e-03
6.659952774999999747e+03 7.761537795272759332e-01 3.060432190420937781e-03
6.667949744999999893e+03 7.575892246327555757e-01 3.060432190420937781e-03
6.675946715000000040e+03 7.494324963790515159e-01 3.060432190420937781e-03
6.683943685000000187e+03 7.341270704930465962e-01 3.060432190420937781e-03
6.691940655000000334e+03 7.208497105262925420e-01 3.060432190420937781e-03
6.699937624999999571e+03 7.081811154139399100e-01 3.060432190420937781e-03
6.707934594999999717e+03 6.934887676944673229e-01 3.060432190420937781e-03
6.715931564999999864e+03 6.819188623896927925e-01 3.060432190420937781e-03
6.723928535000000011e+03 6.717527045564837263e-01 3.060432190420937781e-03
6.731925505000000157e+03 6.637514644116470075e-01 3.060432190420937781e-03
6.739922474999999395e+03 6.578933424138949659e-01 3.060432190420937781e-03
6.747919444999999541e+03 6.412524357828855992e-01 3.060432190420937781e-03
6.755916414999999688e+03 6.386705180603481358e-01 3.060432190420937781e-03
6.763913384999999835e+03 6.265962577835161307e-01 3.060432190420937781e-03
6.771910354999999981e+03 6.212359889661352996e-01 3.060432190420937781e-03
6.779907325000000128e+03 6.120412996460217192e-01 3.060432190420937781e-03
6.787904295000000275e+03 6.041280015305311446e-01 3.060432190420937781e-03
6.795901264999999512e+03 6.079599092758785073e-01 3.060432190420937781e-03
6.803898234999999659e+03 5.971929793338570658e-01 3.060432190420937781e-03
6.811895204999999805e+03 5.979067331989635914e-01 3.060432190420937781e-03
6.819892174999999952e+03 5.918593142934944762e-01 3.060432190420937781e-03
6.827889145000000099e+03 5.898004382907786614e-01 3.060432190420937781e-03
6.835886114999999336e+03 5.853562632609119465e-01 3.060432190420937781e-03
6.843883084999999483e+03 5.797603807821417599e-01 3.060432190420937781e-03
6.851880054999999629e+03 5.830096718903212683e-01 3.060432190420937781e-03
6.859877024999999776e+03 5.746338630311108586e-01 3.060432190420937781e-03
6.867873994999999923e+03 5.730577726857430942e-01 3.060432190420937781e-03
6.875870965000000069e+03 5.786663071644627676e-01 3.060432190420937781e-03
6.883867935000000216e+03 5.691391821751199398e-01 3.060432190420937781e-03
6.891864904999999453e+03 5.694533411848861082e-01 3.060432190420937781e-03
6.899861874999999600e+03 5.712214247525917443e-01 3.060432190420937781e-03
6.907858844999999747e+03 5.664903509823143724e-01 3.060432190420937781e-03
6.915855814999999893e+03 5.662290849642545032e-01 3.060432190420937781e-03
6.923852784999999130e+03 5.622772987733986039e-01 3.060432190420937781e-03
6.931849754999999277e+03 5.579684694984977655e-01 3.060432190420937781e-03
6.939846724999999424e+03 5.561835308093058261e-01 3.060432190420937781e-03
6.947843694999999570e+03 5.504225313933697183e-01 3.060432190420937781e-03
6.955840664999999717e+03 5.512438573584592660e-01 3.060432190420937781e-03
6.963837634999999864e+03 5.498433027125928518e-01 3.060432190420937781e-03
6.971834605000000010e+03 5.450468822496613575e-01 3.060432190420937781e-03
6.979831575000000157e+03 5.441244031107638213e-01 3.060432190420937781e-03
6.987828544999999394e+03 5.413428293490355481e-01 3.060432190420937781e-03
6.995825514999999541e+03 5.411362364560940996e-01 3.060432190420937781e-03
