6.204125485000000481e+03 7.471594013245675958e-01 3.060432190420937781e-03
6.212122455000000627e+03 7.415947272698667492e-01 3.060432190420937781e-03
6.220119425000000774e+03 7.422779321672099417e-01 3.060432190420937781e-03
6.228116395000000011e+03 7.366318502681146185e-01 3.060432190420937781e-03
6.236113365000000158e+03 7.354869862702508865e-01 3.060432190420937781e-03
6.244110335000000305e+03 7.396357654396540360e-01 3.060432190420937781e-03
6.252107305000000451e+03 7.377994047792711951e-01 3.060432190420937781e-03
6.260104275000000598e+03 7.321247889384119301e-01 3.060432190420937781e-03
6.268101244999999835e+03 7.323102975573548834e-01 3.060432190420937781e-03
6.276098214999999982e+03 7.264794700363632618e-01 3.060432190420937781e-03
6.284095185000000129e+03 7.276262229167114182e-01 3.060432190420937781e-03
6.292092155000000275e+03 7.311564469665733368e-01 3.060432190420937781e-03
6.300089125000000422e+03 7.242536284856690987e-01 3.060432190420937781e-03
6.308086095000000569e+03 7.271754626834204815e-01 3.060432190420937781e-03
6.316083065000000715e+03 7.273720191214356756e-01 3.060432190420937781e-03
6.324080034999999953e+03 7.219168837172997844e-01 3.060432190420937781e-03
6.332077005000000099e+03 7.290299624323304251e-01 3.060432190420937781e-03
6.340073975000000246e+03 7.253705434549899689e-01 3.060432190420937781e-03
6.348070945000000393e+03 7.273612916824758745e-01 3.060432190420937781e-03
6.356067915000000539e+03 7.264734242705322975e-01 3.060432190420937781e-03
6.364064884999999776e+03 7.284717510128762008e-01 3.060432190420937781e-03
6.372061854999999923e+03 7.386264168005235442e-01 3.060432190420937781e-03
6.380058825000000070e+03 7.366702332174015488e-01 3.060432190420937781e-03
6.388055795000000217e+03 7.514015994752184513e-01 3.060432190420937781e-03
6.396052765000000363e+03 7.491479190124993304e-01 3.060432190420937781e-03
6.404049735000000510e+03 7.545319624649896584e-01 3.060432190420937781e-03
6.412046705000000657e+03 7.585386719135233102e-01 3.060432190420937781e-03
6.420043674999999894e+03 7.621302110291261478e-01 3.060432190420937781e-03
6.428040645000000040e+03 7.750325876263808311e-01 3.060432190420937781e-03
6.436037615000000187e+03 7.777463201502403667e-01 3.060432190420937781e-03
6.444034585000000334e+03 7.771857643168424978e-01 3.060432190420937781e-03
6.452031555000000481e+03 7.896382435528415122e-01 3.060432190420937781e-03
6.460028524999999718e+03 7.926886893653810606e-01 3.060432190420937781e-03
6.468025494999999864e+03 7.985953529746184776e-01 3.060432190420937781e-03
6.476022465000000011e+03 7.939398817362006699e-01 3.060432190420937781e-03
6.484019435000000158e+03 8.001990714292920304e-01 3.060432190420937781e-03
6.492016405000000304e+03 8.055763417609815846e-01 3.060432190420937781e-03
6.500013375000000451e+03 8.183523774124417116e-01 3.060432190420937781e-03
6.508010345000000598e+03 8.286437031852891266e-01 3.060432190420937781e-03
6.516007314999999835e+03 8.363723937655656027e-01 3.060432190420937781e-03
6.524004284999999982e+03 8.494366734518433715e-01 3.060432190420937781e-03
6.532001255000000128e+03 8.430207682888654075e-01 3.060432190420937781e-03
6.539998225000000275e+03 8.378553235399950339e-01 3.060432190420937781e-03
6.547995194999999512e+03 8.342649504179486808e-01 3.060432190420937781e-03
6.555992164999999659e+03 8.277367825433638027e-01 3.060432190420937781e-03
6.563989134999999806e+03 8.318525095387437895e-01 3.060432190420937781e-03
6.571986104999999952e+03 8.356997453856891411e-01 3.060432190420937781e-03
6.579983075000000099e+03 8.387541863250388419e-01 3.060432190420937781e-03
6.587980045000000246e+03 8.465647207878230773e-01 3.060432190420937781e-03
6.595977015000000392e+03 8.648524703044838668e-01 3.060432190420937781e-03
6.603973985000000539e+03 8.723201597559894216e-01 3.060432190420937781e-03
6.611970954999999776e+03 8.633212869249523580e-01 3.060432190420937781e-03
6.619967924999999923e+03 8.544340270915322666e-01 3.060432190420937781e-03
6.627964895000000070e+03 8.339050701208811089e-01 3.060432190420937781e-03
6.635961865000000216e+03 8.352199662971465655e-01 3.060432190420937781e-03
6.643958834999999453e+03 8.178794443395536184e-01 3.060432190420937781e-03
6.651955804999999600e+03 8.132298570385594338e-01 3.060432190420937781e-03
6.659952774999999747e+03 7.931594169019767770e-01 3.060432190420937781e-03
6.667949744999999893e+03 7.844866427733240277e-01 3.060432190420937781e-03
6.675946715000000040e+03 7.706766631944025336e-01 3.060432190420937781e-03
6.683943685000000187e+03 7.566716824492368820e-01 3.060432190420937781e-03
6.691940655000000334e+03 7.425460510714165796e-01 3.060432190420937781e-03
6.699937624999999571e+03 7.282271474152270940e-01 3.060432190420937781e-03
6.707934594999999717e+03 7.196158369137763966e-01 3.060432190420937781e-03
6.715931564999999864e+03 7.086411857586892848e-01 3.060432190420937781e-03
6.723928535000000011e+03 7.009285944157450654e-01 3.060432190420937781e-03
6.731925505000000157e+03 6.835076215309975334e-01 3.060432190420937781e-03
6.739922474999999395e+03 6.783208549829865541e-01 3.060432190420937781e-03
6.747919444999999541e+03 6.657064225234395893e-01 3.060432190420937781e-03
6.755916414999999688e+03 6.548438705223356138e-01 3.060432190420937781e-03
6.763913384999999835e+03 6.531997140503877919e-01 3.060432190420937781e-03
6.771910354999999981e+03 6.412702006341175487e-01 3.060432190420937781e-03
6.779907325000000128e+03 6.325092386856548954e-01 3.060432190420937781e-03
6.787904295000000275e+03 6.251234795841281722e-01 3.060432190420937781e-03
6.795901264999999512e+03 6.213233175632570937e-01 3.060432190420937781e-03
6.803898234999999659e+03 6.246887324040946154e-01 3.060432190420937781e-03
6.811895204999999805e+03 6.186076243932731034e-01 3.060432190420937781e-03
6.819892174999999952e+03 6.185330510387416769e-01 3.060432190420937781e-03
6.827889145000000099e+03 6.053271139304627901e-01 3.060432190420937781e-03
6.835886114999999336e+03 6.059583637262686562e-01 3.060432190420937781e-03
6.843883084999999483e+03 6.039928355071820798e-01 3.060432190420937781e-03
6.851880054999999629e+03 5.995049205153786254e-01 3.060432190420937781e-03
6.859877024999999776e+03 5.992792911740376649e-01 3.060432190420937781e-03
6.867873994999999923e+03 5.957331888990767821e-01 3.060432190420937781e-03
6.875870965000000069e+03 5.938795310447326781e-01 3.060432190420937781e-03
6.883867935000000216e+03 5.968544127533491617e-01 3.060432190420937781e-03
6.891864904999999453e+03 5.908269007126236705e-01 3.060432190420937781e-03
6.899861874999999600e+03 5.862321204412904718e-01 3.060432190420937781e-03
6.907858844999999747e+03 5.865343107219255225e-01 3.060432190420937781e-03
6.915855814999999893e+03 5.862261817556637666e-01 3.060432190420937781e-03
6.923852784999999130e+03 5.818075993694286074e-01 3.060432190420937781e-03
6.931849754999999277e+03 5.808895945504298775e-01 3.060432190420937781e-03
6.939846724999999424e+03 5.731081283134183968e-01 3.060432190420937781e-03
6.947843694999999570e+03 5.722183458743608231e-01 3.060432190420937781e-03
6.955840664999999717e+03 5.761763817828493561e-01 3.060432190420937781e-03
6.963837634999999864e+03 5.690274378611495099e-01 3.060432190420937781e-03
6.971834605000000010e+03 5.648851563901675643e-01 3.060432190420937781e-03
6.979831575000000157e+03 5.624106538242761300e-01 3.060432190420937781e-03
6.987828544999999394e+03 5.584902678832789347e-01 3.060432190420937781e-03
6.995825514999999541e+03 5.613809092459700611e-01 3.060432190420937781e-03
