6.204125485000000481e+03 7.613793864855226134e-01 3.060432190420937781e-03
6.212122455000000627e+03 7.602313519196086666e-01 3.060432190420937781e-03
6.220119425000000774e+03 7.527304752184709180e-01 3.060432190420937781e-03
6.228116395000000011e+03 7.522557170484390765e-01 3.060432190420937781e-03
6.236113365000000158e+03 7.548889092744534013e-01 3.060432190420937781e-03
6.244110335000000305e+03 7.483671754816038080e-01 3.060432190420937781e-03
6.252107305000000451e+03 7.480835817747816252e-01 3.060432190420937781e-03
6.260104275000000598e+03 7.470742163642347666e-01 3.060432190420937781e-03
6.268101244999999835e+03 7.488031086934925362e-01 3.060432190420937781e-03
6.276098214999999982e+03 7.499163134505204553e-01 3.060432190420937781e-03
6.284095185000000129e+03 7.433321701115952473e-01 3.060432190420937781e-03
6.292092155000000275e+03 7.459969292933770202e-01 3.060432190420937781e-03
6.300089125000000422e+03 7.415109676237958691e-01 3.060432190420937781e-03
6.308086095000000569e+03 7.430026454070871589e-01 3.060432190420937781e-03
6.316083065000000715e+03 7.385989363653925333e-01 3.060432190420937781e-03
6.324080034999999953e+03 7.389931469020296628e-01 3.060432190420937781e-03
6.332077005000000099e+03 7.301011915355414272e-01 3.060432190420937781e-03
6.340073975000000246e+03 7.373377901145398150e-01 3.060432190420937781e-03
6.348070945000000393e+03 7.385303050289746540e-01 3.060432190420937781e-03
6.356067915000000539e+03 7.400934397416315536e-01 3.060432190420937781e-03
6.364064884999999776e+03 7.437818069495036877e-01 3.060432190420937781e-03
6.372061854999999923e+03 7.487652423810299274e-01 3.060432190420937781e-03
6.380058825000000070e+03 7.551393263772291364e-01 3.060432190420937781e-03
6.388055795000000217e+03 7.561117573062073882e-01 3.060432190420937781e-03
6.396052765000000363e+03 7.659099407420957295e-01 3.060432190420937781e-03
6.404049735000000510e+03 7.724853804583103889e-01 3.060432190420937781e-03
6.412046705000000657e+03 7.737256753979020463e-01 3.060432190420937781e-03
6.420043674999999894e+03 7.749438879375072364e-01 3.060432190420937781e-03
6.428040645000000040e+03 7.892966045427597388e-01 3.060432190420937781e-03
6.436037615000000187e+03 7.889956678116558653e-01 3.060432190420937781e-03
6.444034585000000334e+03 7.969180801955462190e-01 3.060432190420937781e-03
6.452031555000000481e+03 8.068863588719853430e-01 3.060432190420937781e-03
6.460028524999999718e+03 8.057981697526485076e-01 3.060432190420937781e-03
6.468025494999999864e+03 8.068064705467918873e-01 3.060432190420937781e-03
6.476022465000000011e+03 8.157012502643273821e-01 3.060432190420937781e-03
6.484019435000000158e+03 8.169702546652679587e-01 3.060432190420937781e-03
6.492016405000000304e+03 8.185109783128143857e-01 3.060432190420937781e-03
6.500013375000000451e+03 8.295627690811947508e-01 3.060432190420937781e-03
6.508010345000000598e+03 8.485761618142406704e-01 3.060432190420937781e-03
6.516007314999999835e+03 8.555570566479053785e-01 3.060432190420937781e-03
6.524004284999999982e+03 8.625100997256789359e-01 3.060432190420937781e-03
6.532001255000000128e+03 8.605583890355928967e-01 3.060432190420937781e-03
6.539998225000000275e+03 8.451590011342811071e-01 3.060432190420937781e-03
6.547995194999999512e+03 8.473348123894209882e-01 3.060432190420937781e-03
6.555992164999999659e+03 8.470037510435376449e-01 3.060432190420937781e-03
6.563989134999999806e+03 8.506805927803418044e-01 3.060432190420937781e-03
6.571986104999999952e+03 8.493868644849615901e-01 3.060432190420937781e-03
6.579983075000000099e+03 8.504558033410868356e-01 3.060432190420937781e-03
6.587980045000000246e+03 8.626586183408112563e-01 3.060432190420937781e-03
6.595977015000000392e+03 8.793041213894212671e-01 3.060432190420937781e-03
6.603973985000000539e+03 8.817235254602178163e-01 3.060432190420937781e-03
6.611970954999999776e+03 8.760925156371826006e-01 3.060432190420937781e-03
6.619967924999999923e+03 8.628353981783150051e-01 3.060432190420937781e-03
6.627964895000000070e+03 8.501949298912342412e-01 3.060432190420937781e-03
6.635961865000000216e+03 8.417123188751312046e-01 3.060432190420937781e-03
6.643958834999999453e+03 8.341434655062111014e-01 3.060432190420937781e-03
6.651955804999999600e+03 8.213074466322983769e-01 3.060432190420937781e-03
6.659952774999999747e+03 8.128989626620714004e-01 3.060432190420937781e-03
6.667949744999999893e+03 7.964742498367910484e-01 3.060432190420937781e-03
6.675946715000000040e+03 7.899642206937904643e-01 3.060432190420937781e-03
6.683943685000000187e+03 7.676081356088386709e-01 3.060432190420937781e-03
6.691940655000000334e+03 7.631269119421535407e-01 3.060432190420937781e-03
6.699937624999999571e+03 7.403761741154339937e-01 3.060432190420937781e-03
6.707934594999999717e+03 7.246573782067857739e-01 3.060432190420937781e-03
6.715931564999999864e+03 7.221319297718210573e-01 3.060432190420937781e-03
6.723928535000000011e+03 7.068633678181511781e-01 3.060432190420937781e-03
6.731925505000000157e+03 6.970658342814270991e-01 3.060432190420937781e-03
6.739922474999999395e+03 6.871527929650088629e-01 3.060432190420937781e-03
6.747919444999999541e+03 6.756267144002481295e-01 3.060432190420937781e-03
6.755916414999999688e+03 6.657246013079508584e-01 3.060432190420937781e-03
6.763913384999999835e+03 6.555255078737822760e-01 3.060432190420937781e-03
6.771910354999999981e+03 6.521409983784433040e-01 3.060432190420937781e-03
6.779907325000000128e+03 6.448459213311144023e-01 3.060432190420937781e-03
6.787904295000000275e+03 6.361441970361841891e-01 3.060432190420937781e-03
6.795901264999999512e+03 6.333181819467111895e-01 3.060432190420937781e-03
6.803898234999999659e+03 6.367584303434783433e-01 3.060432190420937781e-03
6.811895204999999805e+03 6.251887521489282173e-01 3.060432190420937781e-03
6.819892174999999952e+03 6.215208114343654389e-01 3.060432190420937781e-03
6.827889145000000099e+03 6.181479842288718496e-01 3.060432190420937781e-03
6.835886114999999336e+03 6.164404344242385703e-01 3.060432190420937781e-03
6.843883084999999483e+03 6.137667462254340345e-01 3.060432190420937781e-03
6.851880054999999629e+03 6.118841217770266683e-01 3.060432190420937781e-03
6.859877024999999776e+03 6.078235742611365344e-01 3.060432190420937781e-03
6.867873994999999923e+03 6.093039516939803280e-01 3.060432190420937781e-03
6.875870965000000069e+03 6.046218728886032512e-01 3.060432190420937781e-03
6.883867935000000216e+03 5.993376757427135715e-01 3.060432190420937781e-03
6.891864904999999453e+03 5.960476070422278116e-01 3.060432190420937781e-03
6.899861874999999600e+03 5.988173933360002588e-01 3.060432190420937781e-03
6.907858844999999747e+03 5.930785074404308910e-01 3.060432190420937781e-03
6.915855814999999893e+03 5.923039678800106067e-01 3.060432190420937781e-03
6.923852784999999130e+03 5.945034056856317584e-01 3.060432190420937781e-03
6.931849754999999277e+03 5.862988641766433418e-01 3.060432190420937781e-03
6.939846724999999424e+03 5.893414389503541795e-01 3.060432190420937781e-03
6.947843694999999570e+03 5.785746826666023912e-01 3.060432190420937781e-03
6.955840664999999717e+03 5.799926392169425515e-01 3.060432190420937781e-03
6.963837634999999864e+03 5.740979084904443974e-01 3.060432190420937781e-03
6.971834605000000010e+03 5.760385798767482246e-01 3.060432190420937781e-03
6.979831575000000157e+03 5.741380180306897563e-01 3.060432190420937781e-03
6.987828544999999394e+03 5.671853226861436337e-01 3.060432190420937781e-03
6.995825514999999541e+03 5.761717020961311109e-01 3.060432190420937781e-03
