6.204125485000000481e+03 6.862157755959801264e-01 3.060432190420937781e-03
6.212122455000000627e+03 6.903563174899639554e-01 3.060432190420937781e-03
6.220119425000000774e+03 6.878154163045313574e-01 3.060432190420937781e-03
6.228116395000000011e+03 6.786157093747288149e-01 3.060432190420937781e-03
6.236113365000000158e+03 6.796073969336945408e-01 3.060432190420937781e-03
6.244110335000000305e+03 6.805887283362974660e-01 3.060432190420937781e-03
6.252107305000000451e+03 6.796383724620842504e-01 3.060432190420937781e-03
6.260104275000000598e+03 6.781280949563524008e-01 3.060432190420937781e-03
6.268101244999999835e+03 6.794284000242990507e-01 3.060432190420937781e-03
6.276098214999999982e+03 6.741952044671238875e-01 3.060432190420937781e-03
6.284095185000000129e+03 6.745565104567883274e-01 3.060432190420937781e-03
6.292092155000000275e+03 6.740069555558552139e-01 3.060432190420937781e-03
6.300089125000000422e+03 6.723946803327989219e-01 3.060432190420937781e-03
6.308086095000000569e+03 6.707501656807073331e-01 3.060432190420937781e-03
6.316083065000000715e+03 6.674227947821640416e-01 3.060432190420937781e-03
6.324080034999999953e+03 6.680781825712873712e-01 3.060432190420937781e-03
6.332077005000000099e+03 6.707897795164770027e-01 3.060432190420937781e-03
6.340073975000000246e+03 6.662272233004643551e-01 3.060432190420937781e-03
6.348070945000000393e+03 6.715493225074973260e-01 3.060432190420937781e-03
6.356067915000000539e+03 6.787033844171966868e-01 3.060432190420937781e-03
6.364064884999999776e+03 6.723219062231047261e-01 3.060432190420937781e-03
6.372061854999999923e+03 6.855443265242860962e-01 3.060432190420937781e-03
6.380058825000000070e+03 6.810513348712354809e-01 3.060432190420937781e-03
6.388055795000000217e+03 6.892261487406057263e-01 3.060432190420937781e-03
6.396052765000000363e+03 6.919119834593682183e-01 3.060432190420937781e-03
6.404049735000000510e+03 6.985535226570717127e-01 3.060432190420937781e-03
6.412046705000000657e+03 6.959509629975805245e-01 3.060432190420937781e-03
6.420043674999999894e+03 6.968372862648910537e-01 3.060432190420937781e-03
6.428040645000000040e+03 7.076441330575157229e-01 3.060432190420937781e-03
6.436037615000000187e+03 7.132126022545087762e-01 3.060432190420937781e-03
6.444034585000000334e+03 7.128951687711522212e-01 3.060432190420937781e-03
6.452031555000000481e+03 7.188554543720642176e-01 3.060432190420937781e-03
6.460028524999999718e+03 7.219047246114354000e-01 3.060432190420937781e-03
6.468025494999999864e+03 7.253136321281824506e-01 3.060432190420937781e-03
6.476022465000000011e+03 7.327851926696329343e-01 3.060432190420937781e-03
6.484019435000000158e+03 7.391696597278271108e-01 3.060432190420937781e-03
6.492016405000000304e+03 7.459587639537214043e-01 3.060432190420937781e-03
6.500013375000000451e+03 7.546919326754203405e-01 3.060432190420937781e-03
6.508010345000000598e+03 7.757950215355859935e-01 3.060432190420937781e-03
6.516007314999999835e+03 7.891960322626565549e-01 3.060432190420937781e-03
6.524004284999999982e+03 8.011874640441349893e-01 3.060432190420937781e-03
6.532001255000000128e+03 7.946473761948205095e-01 3.060432190420937781e-03
6.539998225000000275e+03 7.814842253473033296e-01 3.060432190420937781e-03
6.547995194999999512e+03 7.801240913898691565e-01 3.060432190420937781e-03
6.555992164999999659e+03 7.755994104345754758e-01 3.060432190420937781e-03
6.563989134999999806e+03 7.695816031275836133e-01 3.060432190420937781e-03
6.571986104999999952e+03 7.751930590734728010e-01 3.060432190420937781e-03
6.579983075000000099e+03 7.766358515197114842e-01 3.060432190420937781e-03
6.587980045000000246e+03 7.867936697511115351e-01 3.060432190420937781e-03
6.595977015000000392e+03 8.093934865727053785e-01 3.060432190420937781e-03
6.603973985000000539e+03 8.031154384839048754e-01 3.060432190420937781e-03
6.611970954999999776e+03 7.952410485878744772e-01 3.060432190420937781e-03
6.619967924999999923e+03 7.879292687147844143e-01 3.060432190420937781e-03
6.627964895000000070e+03 7.719082985132553754e-01 3.060432190420937781e-03
6.635961865000000216e+03 7.595887950125441712e-01 3.060432190420937781e-03
6.643958834999999453e+03 7.450619925312681469e-01 3.060432190420937781e-03
6.651955804999999600e+03 7.383698248028973676e-01 3.060432190420937781e-03
6.659952774999999747e+03 7.211071871189246307e-01 3.060432190420937781e-03
6.667949744999999893e+03 7.199797859686587476e-01 3.060432190420937781e-03
6.675946715000000040e+03 7.017838715579075570e-01 3.060432190420937781e-03
6.683943685000000187e+03 6.855207313671519698e-01 3.060432190420937781e-03
6.691940655000000334e+03 6.767480180403735446e-01 3.060432190420937781e-03
6.699937624999999571e+03 6.665058809471152701e-01 3.060432190420937781e-03
6.707934594999999717e+03 6.607750187213310422e-01 3.060432190420937781e-03
6.715931564999999864e+03 6.453322130765665188e-01 3.060432190420937781e-03
6.723928535000000011e+03 6.408426346689929387e-01 3.060432190420937781e-03
6.731925505000000157e+03 6.331653001251735802e-01 3.060432190420937781e-03
6.739922474999999395e+03 6.208127852868147167e-01 3.060432190420937781e-03
6.747919444999999541e+03 6.155284038872255170e-01 3.060432190420937781e-03
6.755916414999999688e+03 6.049375311540351463e-01 3.060432190420937781e-03
6.763913384999999835e+03 6.002319392285199173e-01 3.060432190420937781e-03
6.771910354999999981e+03 5.974958159032508487e-01 3.060432190420937781e-03
6.779907325000000128e+03 5.907867761786211869e-01 3.060432190420937781e-03
6.787904295000000275e+03 5.834351251183736986e-01 3.060432190420937781e-03
6.795901264999999512e+03 5.761810566542483469e-01 3.060432190420937781e-03
6.803898234999999659e+03 5.678438844957230947e-01 3.060432190420937781e-03
6.811895204999999805e+03 5.706740405651969938e-01 3.060432190420937781e-03
6.819892174999999952e+03 5.629209643153214593e-01 3.060432190420937781e-03
6.827889145000000099e+03 5.627126096102977870e-01 3.060432190420937781e-03
6.835886114999999336e+03 5.658166345021919952e-01 3.060432190420937781e-03
6.843883084999999483e+03 5.593844544835278043e-01 3.060432190420937781e-03
6.851880054999999629e+03 5.579974725689729187e-01 3.060432190420937781e-03
6.859877024999999776e+03 5.552746479451554640e-01 3.060432190420937781e-03
6.867873994999999923e+03 5.511586281501821283e-01 3.060432190420937781e-03
6.875870965000000069e+03 5.512931507041395340e-01 3.060432190420937781e-03
6.883867935000000216e+03 5.487793299536574132e-01 3.060432190420937781e-03
6.891864904999999453e+03 5.445152001571316180e-01 3.060432190420937781e-03
6.899861874999999600e+03 5.430190962886776163e-01 3.060432190420937781e-03
6.907858844999999747e+03 5.404510864480960297e-01 3.060432190420937781e-03
6.915855814999999893e+03 5.416304594833639685e-01 3.060432190420937781e-03
6.923852784999999130e+03 5.363859902422918324e-01 3.060432190420937781e-03
6.931849754999999277e+03 5.327156878437082632e-01 3.060432190420937781e-03
6.939846724999999424e+03 5.259955262207317572e-01 3.060432190420937781e-03
6.947843694999999570e+03 5.312133660183020467e-01 3.060432190420937781e-03
6.955840664999999717e+03 5.305292657391083022e-01 3.060432190420937781e-03
6.963837634999999864e+03 5.299944877891931139e-01 3.060432190420937781e-03
6.971834605000000010e+03 5.258444335683474247e-01 3.060432190420937781e-03
6.979831575000000157e+03 5.200553649652767119e-01 3.060432190420937781e-03
6.987828544999999394e+03 5.217072323466624972e-01 3.060432190420937781e-03
6.995825514999999541e+03 5.191502076933708354e-01 3.060432190420937781e-03
