6.204125485000000481e+03 7.177175089097344030e-01 3.060432190420937781e-03
6.212122455000000627e+03 7.235845908669361615e-01 3.060432190420937781e-03
6.220119425000000774e+03 7.160128993177198309e-01 3.060432190420937781e-03
6.228116395000000011e+03 7.130224780635242565e-01 3.060432190420937781e-03
6.236113365000000158e+03 7.177704735762068244e-01 3.060432190420937781e-03
6.244110335000000305e+03 7.163566498567919272e-01 3.060432190420937781e-03
6.252107305000000451e+03 7.111115851876423921e-01 3.060432190420937781e-03
6.260104275000000598e+03 7.159408746017452696e-01 3.060432190420937781e-03
6.268101244999999835e+03 7.125465552383504209e-01 3.060432190420937781e-03
6.276098214999999982e+03 7.039670492828946635e-01 3.060432190420937781e-03
6.284095185000000129e+03 7.080967079613114112e-01 3.060432190420937781e-03
6.292092155000000275e+03 7.061929949925147554e-01 3.060432190420937781e-03
6.300089125000000422e+03 7.034599839917299313e-01 3.060432190420937781e-03
6.308086095000000569e+03 7.006750203590297321e-01 3.060432190420937781e-03
6.316083065000000715e+03 6.996226923536473796e-01 3.060432190420937781e-03
6.324080034999999953e+03 7.000502519492547426e-01 3.060432190420937781e-03
6.332077005000000099e+03 7.006974570971562510e-01 3.060432190420937781e-03
6.340073975000000246e+03 7.056187402256488550e-01 3.060432190420937781e-03
6.348070945000000393e+03 7.010264218515402934e-01 3.060432190420937781e-03
6.356067915000000539e+03 7.048102723410345494e-01 3.060432190420937781e-03
6.364064884999999776e+03 7.099558234276384105e-01 3.060432190420937781e-03
6.372061854999999923e+03 7.185090342060965751e-01 3.060432190420937781e-03
6.380058825000000070e+03 7.225607305982543194e-01 3.060432190420937781e-03
6.388055795000000217e+03 7.268007446470523547e-01 3.060432190420937781e-03
6.396052765000000363e+03 7.364571674870286078e-01 3.060432190420937781e-03
6.404049735000000510e+03 7.336523456016548206e-01 3.060432190420937781e-03
6.412046705000000657e+03 7.380258019358297839e-01 3.060432190420937781e-03
6.420043674999999894e+03 7.484251190810411458e-01 3.060432190420937781e-03
6.428040645000000040e+03 7.616506010397410265e-01 3.060432190420937781e-03
6.436037615000000187e+03 7.607822878149481660e-01 3.060432190420937781e-03
6.444034585000000334e+03 7.616611947673674887e-01 3.060432190420937781e-03
6.452031555000000481e+03 7.706298937246829350e-01 3.060432190420937781e-03
6.460028524999999718e+03 7.729219351776747127e-01 3.060432190420937781e-03
6.468025494999999864e+03 7.778898082866655406e-01 3.060432190420937781e-03
6.476022465000000011e+03 7.740679234311751422e-01 3.060432190420937781e-03
6.484019435000000158e+03 7.775859759941819993e-01 3.060432190420937781e-03
6.492016405000000304e+03 7.813672358351098080e-01 3.060432190420937781e-03
6.500013375000000451e+03 7.854278088232747868e-01 3.060432190420937781e-03
6.508010345000000598e+03 7.966244283963068717e-01 3.060432190420937781e-03
6.516007314999999835e+03 8.154283361202614433e-01 3.060432190420937781e-03
6.524004284999999982e+03 8.264222073444206229e-01 3.060432190420937781e-03
6.532001255000000128e+03 8.196675521778663542e-01 3.060432190420937781e-03
6.539998225000000275e+03 8.088788334422594151e-01 3.060432190420937781e-03
6.547995194999999512e+03 8.027926948518755434e-01 3.060432190420937781e-03
6.555992164999999659e+03 8.111391122276926380e-01 3.060432190420937781e-03
6.563989134999999806e+03 8.113923335285946337e-01 3.060432190420937781e-03
6.571986104999999952e+03 8.111788996469381230e-01 3.060432190420937781e-03
6.579983075000000099e+03 8.193781851248638226e-01 3.060432190420937781e-03
6.587980045000000246e+03 8.295711883215360904e-01 3.060432190420937781e-03
6.595977015000000392e+03 8.481694895590236039e-01 3.060432190420937781e-03
6.603973985000000539e+03 8.517410585479546770e-01 3.060432190420937781e-03
6.611970954999999776e+03 8.426235647272263263e-01 3.060432190420937781e-03
6.619967924999999923e+03 8.277700869874851097e-01 3.060432190420937781e-03
6.627964895000000070e+03 8.125280881113068343e-01 3.060432190420937781e-03
6.635961865000000216e+03 8.037023878520198616e-01 3.060432190420937781e-03
6.643958834999999453e+03 7.966807694160885633e-01 3.060432190420937781e-03
6.651955804999999600e+03 7.973800616042958644e-01 3.060432190420937781e-03
6.659952774999999747e+03 7.805617261603974288e-01 3.060432190420937781e-03
6.667949744999999893e+03 7.716043079020770135e-01 3.060432190420937781e-03
6.675946715000000040e+03 7.565930417353620152e-01 3.060432190420937781e-03
6.683943685000000187e+03 7.461684531120272856e-01 3.060432190420937781e-03
6.691940655000000334e+03 7.287835374655401433e-01 3.060432190420937781e-03
6.699937624999999571e+03 7.191117142601888279e-01 3.060432190420937781e-03
6.707934594999999717e+03 7.039454898806546401e-01 3.060432190420937781e-03
6.715931564999999864e+03 6.938538144400753227e-01 3.060432190420937781e-03
6.723928535000000011e+03 6.786562824022021045e-01 3.060432190420937781e-03
6.731925505000000157e+03 6.726923813759302373e-01 3.060432190420937781e-03
6.739922474999999395e+03 6.584543145140684395e-01 3.060432190420937781e-03
6.747919444999999541e+03 6.446660410743118019e-01 3.060432190420937781e-03
6.755916414999999688e+03 6.351040095457107792e-01 3.060432190420937781e-03
6.763913384999999835e+03 6.286275145786219820e-01 3.060432190420937781e-03
6.771910354999999981e+03 6.265498637902340295e-01 3.060432190420937781e-03
6.779907325000000128e+03 6.130614051385402385e-01 3.060432190420937781e-03
6.787904295000000275e+03 6.068712674111148564e-01 3.060432190420937781e-03
6.795901264999999512e+03 6.053037306409466689e-01 3.060432190420937781e-03
6.803898234999999659e+03 6.006582559546110867e-01 3.060432190420937781e-03
6.811895204999999805e+03 5.985952809375733041e-01 3.060432190420937781e-03
6.819892174999999952e+03 5.928024356209783408e-01 3.060432190420937781e-03
6.827889145000000099e+03 5.895087037824681131e-01 3.060432190420937781e-03
6.835886114999999336e+03 5.885085019116758076e-01 3.060432190420937781e-03
6.843883084999999483e+03 5.859480247034516420e-01 3.060432190420937781e-03
6.851880054999999629e+03 5.864721536921236877e-01 3.060432190420937781e-03
6.859877024999999776e+03 5.835176412333324958e-01 3.060432190420937781e-03
6.867873994999999923e+03 5.745738936678012054e-01 3.060432190420937781e-03
6.875870965000000069e+03 5.804117704748613660e-01 3.060432190420937781e-03
6.883867935000000216e+03 5.742457400808235191e-01 3.060432190420937781e-03
6.891864904999999453e+03 5.697233836061728063e-01 3.060432190420937781e-03
6.899861874999999600e+03 5.656721754005609171e-01 3.060432190420937781e-03
6.907858844999999747e+03 5.625638282235152499e-01 3.060432190420937781e-03
6.915855814999999893e+03 5.657361409563118615e-01 3.060432190420937781e-03
6.923852784999999130e+03 5.568823531773690050e-01 3.060432190420937781e-03
6.931849754999999277e+03 5.628304331667117744e-01 3.060432190420937781e-03
6.939846724999999424e+03 5.597589826678774916e-01 3.060432190420937781e-03
6.947843694999999570e+03 5.531090759494652342e-01 3.060432190420937781e-03
6.955840664999999717e+03 5.533644040282110765e-01 3.060432190420937781e-03
6.963837634999999864e+03 5.502579048200714196e-01 3.060432190420937781e-03
6.971834605000000010e+03 5.486342339318286410e-01 3.060432190420937781e-03
6.979831575000000157e+03 5.436225733763766499e-01 3.060432190420937781e-03
6.987828544999999394e+03 5.409696145481202034e-01 3.060432190420937781e-03
6.995825514999999541e+03 5.482091219670183202e-01 3.060432190420937781e-03
