6.204125485000000481e+03 7.081014851176649083e-01 3.060432190420937781e-03
6.212122455000000627e+03 7.088517410920552875e-01 3.060432190420937781e-03
6.220119425000000774e+03 7.014596779540649418e-01 3.060432190420937781e-03
6.228116395000000011e+03 7.054384797708582733e-01 3.060432190420937781e-03
6.236113365000000158e+03 7.001792761749460192e-01 3.060432190420937781e-03
6.244110335000000305e+03 6.998657661671352503e-01 3.060432190420937781e-03
6.252107305000000451e+03 7.071028911663588268e-01 3.060432190420937781e-03
6.260104275000000598e+03 7.082538454654387916e-01 3.060432190420937781e-03
6.268101244999999835e+03 6.972602359011365047e-01 3.060432190420937781e-03
6.276098214999999982e+03 6.964135861685725182e-01 3.060432190420937781e-03
6.284095185000000129e+03 6.940205200828224452e-01 3.060432190420937781e-03
6.292092155000000275e+03 6.950538132227710442e-01 3.060432190420937781e-03
6.300089125000000422e+03 6.932032559577159248e-01 3.060432190420937781e-03
6.308086095000000569e+03 6.902406507611601461e-01 3.060432190420937781e-03
6.316083065000000715e+03 6.879046334750475999e-01 3.060432190420937781e-03
6.324080034999999953e+03 6.927313189261863347e-01 3.060432190420937781e-03
6.332077005000000099e+03 6.821449887705870463e-01 3.060432190420937781e-03
6.340073975000000246e+03 6.877066788737230540e-01 3.060432190420937781e-03
6.348070945000000393e+03 6.931940061190776659e-01 3.060432190420937781e-03
6.356067915000000539e+03 6.983894067211038337e-01 3.060432190420937781e-03
6.364064884999999776e+03 6.995519706481950761e-01 3.060432190420937781e-03
6.372061854999999923e+03 7.067882155426763457e-01 3.060432190420937781e-03
6.380058825000000070e+03 7.031441641342152105e-01 3.060432190420937781e-03
6.388055795000000217e+03 7.118193430567826274e-01 3.060432190420937781e-03
6.396052765000000363e+03 7.150683894344160851e-01 3.060432190420937781e-03
6.404049735000000510e+03 7.173040752830366351e-01 3.060432190420937781e-03
6.412046705000000657e+03 7.238037036403762725e-01 3.060432190420937781e-03
6.420043674999999894e+03 7.292206821490024860e-01 3.060432190420937781e-03
6.428040645000000040e+03 7.335725767139731346e-01 3.060432190420937781e-03
6.436037615000000187e+03 7.424693628436254134e-01 3.060432190420937781e-03
6.444034585000000334e+03 7.427989023701478954e-01 3.060432190420937781e-03
6.452031555000000481e+03 7.511378635142040849e-01 3.060432190420937781e-03
6.460028524999999718e+03 7.589625826089082539e-01 3.060432190420937781e-03
6.468025494999999864e+03 7.668821897036045554e-01 3.060432190420937781e-03
6.476022465000000011e+03 7.697589883484807771e-01 3.060432190420937781e-03
6.484019435000000158e+03 7.853657918243579505e-01 3.060432190420937781e-03
6.492016405000000304e+03 7.820435077355156750e-01 3.060432190420937781e-03
6.500013375000000451e+03 7.948923426221392585e-01 3.060432190420937781e-03
6.508010345000000598e+03 8.068187321227399122e-01 3.060432190420937781e-03
6.516007314999999835e+03 8.174861406677292885e-01 3.060432190420937781e-03
6.524004284999999982e+03 8.174023238519463330e-01 3.060432190420937781e-03
6.532001255000000128e+03 8.160124455509640828e-01 3.060432190420937781e-03
6.539998225000000275e+03 8.145932808185045726e-01 3.060432190420937781e-03
6.547995194999999512e+03 8.052656189986102664e-01 3.060432190420937781e-03
6.555992164999999659e+03 8.065446824784336943e-01 3.060432190420937781e-03
6.563989134999999806e+03 7.967281526272510517e-01 3.060432190420937781e-03
6.571986104999999952e+03 8.065082881961178618e-01 3.060432190420937781e-03
6.579983075000000099e+03 8.085447782607044775e-01 3.060432190420937781e-03
6.587980045000000246e+03 8.137146200111377015e-01 3.060432190420937781e-03
6.595977015000000392e+03 8.370344349106235704e-01 3.060432190420937781e-03
6.603973985000000539e+03 8.355875250460267356e-01 3.060432190420937781e-03
6.611970954999999776e+03 8.397201178584315917e-01 3.060432190420937781e-03
6.619967924999999923e+03 8.237839460271824121e-01 3.060432190420937781e-03
6.627964895000000070e+03 8.121888299655704024e-01 3.060432190420937781e-03
6.635961865000000216e+03 7.999822897268479283e-01 3.060432190420937781e-03
6.643958834999999453e+03 7.968539704156262227e-01 3.060432190420937781e-03
6.651955804999999600e+03 7.805204390613963428e-01 3.060432190420937781e-03
6.659952774999999747e+03 7.680061452934221489e-01 3.060432190420937781e-03
6.667949744999999893e+03 7.527831161749573008e-01 3.060432190420937781e-03
6.675946715000000040e+03 7.365870313649768297e-01 3.060432190420937781e-03
6.683943685000000187e+03 7.220520669089077748e-01 3.060432190420937781e-03
6.691940655000000334e+03 7.146460879172363834e-01 3.060432190420937781e-03
6.699937624999999571e+03 6.954694261378167042e-01 3.060432190420937781e-03
6.707934594999999717e+03 6.803830499173068036e-01 3.060432190420937781e-03
6.715931564999999864e+03 6.712053144605053534e-01 3.060432190420937781e-03
6.723928535000000011e+03 6.625370008950307588e-01 3.060432190420937781e-03
6.731925505000000157e+03 6.506859934395381462e-01 3.060432190420937781e-03
6.739922474999999395e+03 6.403114410582806393e-01 3.060432190420937781e-03
6.747919444999999541e+03 6.363349680615798531e-01 3.060432190420937781e-03
6.755916414999999688e+03 6.277285322924228694e-01 3.060432190420937781e-03
6.763913384999999835e+03 6.170129408595974585e-01 3.060432190420937781e-03
6.771910354999999981e+03 6.119812708523887368e-01 3.060432190420937781e-03
6.779907325000000128e+03 6.058736200198047150e-01 3.060432190420937781e-03
6.787904295000000275e+03 6.050401397020550576e-01 3.060432190420937781e-03
6.795901264999999512e+03 5.957802823569131601e-01 3.060432190420937781e-03
6.803898234999999659e+03 5.859662821555371437e-01 3.060432190420937781e-03
6.811895204999999805e+03 5.885302605938316223e-01 3.060432190420937781e-03
6.819892174999999952e+03 5.865095392622622361e-01 3.060432190420937781e-03
6.827889145000000099e+03 5.803244491811681005e-01 3.060432190420937781e-03
6.835886114999999336e+03 5.789115598086758130e-01 3.060432190420937781e-03
6.843883084999999483e+03 5.783086666289803945e-01 3.060432190420937781e-03
6.851880054999999629e+03 5.739528431149233390e-01 3.060432190420937781e-03
6.859877024999999776e+03 5.655026366391181503e-01 3.060432190420937781e-03
6.867873994999999923e+03 5.660440031669048411e-01 3.060432190420937781e-03
6.875870965000000069e+03 5.666766966278157236e-01 3.060432190420937781e-03
6.883867935000000216e+03 5.667584870196245017e-01 3.060432190420937781e-03
6.891864904999999453e+03 5.616926295248597656e-01 3.060432190420937781e-03
6.899861874999999600e+03 5.621858838790773083e-01 3.060432190420937781e-03
6.907858844999999747e+03 5.557033243502086384e-01 3.060432190420937781e-03
6.915855814999999893e+03 5.585963898472179334e-01 3.060432190420937781e-03
6.923852784999999130e+03 5.497803615587416592e-01 3.060432190420937781e-03
6.931849754999999277e+03 5.510458846208237116e-01 3.060432190420937781e-03
6.939846724999999424e+03 5.490543844714679267e-01 3.060432190420937781e-03
6.947843694999999570e+03 5.469771188901546566e-01 3.060432190420937781e-03
6.955840664999999717e+03 5.387283249714113209e-01 3.060432190420937781e-03
6.963837634999999864e+03 5.415410968344215314e-01 3.060432190420937781e-03
6.971834605000000010e+03 5.355337390260660468e-01 3.060432190420937781e-03
6.979831575000000157e+03 5.423702043440380427e-01 3.060432190420937781e-03
6.987828544999999394e+03 5.293174524718086138e-01 3.060432190420937781e-03
6.995825514999999541e+03 5.328198270116666357e-01 3.060432190420937781e-03
