6.204125485000000481e+03 6.225489095132884509e-01 3.060432190420937781e-03
6.212122455000000627e+03 6.117291116170816556e-01 3.060432190420937781e-03
6.220119425000000774e+03 6.123945842957686514e-01 3.060432190420937781e-03
6.228116395000000011e+03 6.126975058308368194e-01 3.060432190420937781e-03
6.236113365000000158e+03 6.184039816914881360e-01 3.060432190420937781e-03
6.244110335000000305e+03 6.094979292767288559e-01 3.060432190420937781e-03
6.252107305000000451e+03 6.124504766890791485e-01 3.060432190420937781e-03
6.260104275000000598e+03 6.095410615833942725e-01 3.060432190420937781e-03
6.268101244999999835e+03 6.061943852436593172e-01 3.060432190420937781e-03
6.276098214999999982e+03 6.105093897667470682e-01 3.060432190420937781e-03
6.284095185000000129e+03 6.017963762344900047e-01 3.060432190420937781e-03
6.292092155000000275e+03 6.034041440131305833e-01 3.060432190420937781e-03
6.300089125000000422e+03 6.026899630413373732e-01 3.060432190420937781e-03
6.308086095000000569e+03 6.035957264536300215e-01 3.060432190420937781e-03
6.316083065000000715e+03 6.054306991108918679e-01 3.060432190420937781e-03
6.324080034999999953e+03 5.932174936915626251e-01 3.060432190420937781e-03
6.332077005000000099e+03 6.040861761168291322e-01 3.060432190420937781e-03
6.340073975000000246e+03 6.000911938129054324e-01 3.060432190420937781e-03
6.348070945000000393e+03 6.045938592445411208e-01 3.060432190420937781e-03
6.356067915000000539e+03 6.015678890460466333e-01 3.060432190420937781e-03
6.364064884999999776e+03 6.046729599689637524e-01 3.060432190420937781e-03
6.372061854999999923e+03 6.146745120725254363e-01 3.060432190420937781e-03
6.380058825000000070e+03 6.226159308727862163e-01 3.060432190420937781e-03
6.388055795000000217e+03 6.280660055597654390e-01 3.060432190420937781e-03
6.396052765000000363e+03 6.227140895468554760e-01 3.060432190420937781e-03
6.404049735000000510e+03 6.307678038023664113e-01 3.060432190420937781e-03
6.412046705000000657e+03 6.363038001339261784e-01 3.060432190420937781e-03
6.420043674999999894e+03 6.383944597717483571e-01 3.060432190420937781e-03
6.428040645000000040e+03 6.398261376263593148e-01 3.060432190420937781e-03
6.436037615000000187e+03 6.435009277198388000e-01 3.060432190420937781e-03
6.444034585000000334e+03 6.574130280959838979e-01 3.060432190420937781e-03
6.452031555000000481e+03 6.538849012432196295e-01 3.060432190420937781e-03
6.460028524999999718e+03 6.608172098409700324e-01 3.060432190420937781e-03
6.468025494999999864e+03 6.642909672257778508e-01 3.060432190420937781e-03
6.476022465000000011e+03 6.646403560395547361e-01 3.060432190420937781e-03
6.484019435000000158e+03 6.705954027965801423e-01 3.060432190420937781e-03
6.492016405000000304e+03 6.846409709590461912e-01 3.060432190420937781e-03
6.500013375000000451e+03 6.863482569597831873e-01 3.060432190420937781e-03
6.508010345000000598e+03 7.095267659912664060e-01 3.060432190420937781e-03
6.516007314999999835e+03 7.190300403552475350e-01 3.060432190420937781e-03
6.524004284999999982e+03 7.314968239781516335e-01 3.060432190420937781e-03
6.532001255000000128e+03 7.314214414353471527e-01 3.060432190420937781e-03
6.539998225000000275e+03 7.164144818129838388e-01 3.060432190420937781e-03
6.547995194999999512e+03 7.108129281567593383e-01 3.060432190420937781e-03
6.555992164999999659e+03 7.189881842336471873e-01 3.060432190420937781e-03
6.563989134999999806e+03 7.172242294417517927e-01 3.060432190420937781e-03
6.571986104999999952e+03 7.194309594080100512e-01 3.060432190420937781e-03
6.579983075000000099e+03 7.203731466419399654e-01 3.060432190420937781e-03
6.587980045000000246e+03 7.287359221832259148e-01 3.060432190420937781e-03
6.595977015000000392e+03 7.494963404222727554e-01 3.060432190420937781e-03
6.603973985000000539e+03 7.457451740974471166e-01 3.060432190420937781e-03
6.611970954999999776e+03 7.397442581916710003e-01 3.060432190420937781e-03
6.619967924999999923e+03 7.296541528614136629e-01 3.060432190420937781e-03
6.627964895000000070e+03 7.150871408081875824e-01 3.060432190420937781e-03
6.635961865000000216e+03 7.024788840144512436e-01 3.060432190420937781e-03
6.643958834999999453e+03 6.838621099457649066e-01 3.060432190420937781e-03
6.651955804999999600e+03 6.700796967288049633e-01 3.060432190420937781e-03
6.659952774999999747e+03 6.685845812683048894e-01 3.060432190420937781e-03
6.667949744999999893e+03 6.559729185361616866e-01 3.060432190420937781e-03
6.675946715000000040e+03 6.375367576213577525e-01 3.060432190420937781e-03
6.683943685000000187e+03 6.329434742287975979e-01 3.060432190420937781e-03
6.691940655000000334e+03 6.237249701685987358e-01 3.060432190420937781e-03
6.699937624999999571e+03 6.152716681384606812e-01 3.060432190420937781e-03
6.707934594999999717e+03 6.067215129329392997e-01 3.060432190420937781e-03
6.715931564999999864e+03 5.938731787967731490e-01 3.060432190420937781e-03
6.723928535000000011e+03 5.857335007532956661e-01 3.060432190420937781e-03
6.731925505000000157e+03 5.777890786996997541e-01 3.060432190420937781e-03
6.739922474999999395e+03 5.715550166721852232e-01 3.060432190420937781e-03
6.747919444999999541e+03 5.590765718644046256e-01 3.060432190420937781e-03
6.755916414999999688e+03 5.516069634626972196e-01 3.060432190420937781e-03
6.763913384999999835e+03 5.419954257939347819e-01 3.060432190420937781e-03
6.771910354999999981e+03 5.368528398883193331e-01 3.060432190420937781e-03
6.779907325000000128e+03 5.293253355554888850e-01 3.060432190420937781e-03
6.787904295000000275e+03 5.222735738150110496e-01 3.060432190420937781e-03
6.795901264999999512e+03 5.186259527054662977e-01 3.060432190420937781e-03
6.803898234999999659e+03 5.108278327184826439e-01 3.060432190420937781e-03
6.811895204999999805e+03 5.141088080971896179e-01 3.060432190420937781e-03
6.819892174999999952e+03 5.108735935461170552e-01 3.060432190420937781e-03
6.827889145000000099e+03 5.064057406489583801e-01 3.060432190420937781e-03
6.835886114999999336e+03 5.037883436485766087e-01 3.060432190420937781e-03
6.843883084999999483e+03 5.005532767323424004e-01 3.060432190420937781e-03
6.851880054999999629e+03 4.988925298542988829e-01 3.060432190420937781e-03
6.859877024999999776e+03 4.977400195257598026e-01 3.060432190420937781e-03
6.867873994999999923e+03 4.950709821994749849e-01 3.060432190420937781e-03
6.875870965000000069e+03 4.987997811545873961e-01 3.060432190420937781e-03
6.883867935000000216e+03 4.892616301162702741e-01 3.060432190420937781e-03
6.891864904999999453e+03 4.900013185881216260e-01 3.060432190420937781e-03
6.899861874999999600e+03 4.892092498605528084e-01 3.060432190420937781e-03
6.907858844999999747e+03 4.804709791990723344e-01 3.060432190420937781e-03
6.915855814999999893e+03 4.806654372173509437e-01 3.060432190420937781e-03
6.923852784999999130e+03 4.831865724950929475e-01 3.060432190420937781e-03
6.931849754999999277e+03 4.784986043313375070e-01 3.060432190420937781e-03
6.939846724999999424e+03 4.749743246576576539e-01 3.060432190420937781e-03
6.947843694999999570e+03 4.718390450074677056e-01 3.060432190420937781e-03
6.955840664999999717e+03 4.687526272722293275e-01 3.060432190420937781e-03
6.963837634999999864e+03 4.725476352209169728e-01 3.060432190420937781e-03
6.971834605000000010e+03 4.734804154699001066e-01 3.060432190420937781e-03
6.979831575000000157e+03 4.704210819580627034e-01 3.060432190420937781e-03
6.987828544999999394e+03 4.675480766070338468e-01 3.060432190420937781e-03
6.995825514999999541e+03 4.611251022533508492e-01 3.060432190420937781e-03
