6.204125485000000481e+03 8.292281054249237560e-01 3.060432190420937781e-03
6.212122455000000627e+03 8.322543033662668233e-01 3.060432190420937781e-03
6.220119425000000774e+03 8.283503878664439934e-01 3.060432190420937781e-03
6.228116395000000011e+03 8.259411274686920823e-01 3.060432190420937781e-03
6.236113365000000158e+03 8.289592170798365522e-01 3.060432190420937781e-03
6.244110335000000305e+03 8.208376257510665575e-01 3.060432190420937781e-03
6.252107305000000451e+03 8.246654930716071918e-01 3.060432190420937781e-03
6.260104275000000598e+03 8.150190863478656844e-01 3.060432190420937781e-03
6.268101244999999835e+03 8.182917682234703838e-01 3.060432190420937781e-03
6.276098214999999982e+03 8.204420173323478949e-01 3.060432190420937781e-03
6.284095185000000129e+03 8.162513161436131259e-01 3.060432190420937781e-03
6.292092155000000275e+03 8.168255913034688787e-01 3.060432190420937781e-03
6.300089125000000422e+03 8.152596130667671970e-01 3.060432190420937781e-03
6.308086095000000569e+03 8.137461508757184436e-01 3.060432190420937781e-03
6.316083065000000715e+03 8.069728776188526131e-01 3.060432190420937781e-03
6.324080034999999953e+03 8.070018107544820740e-01 3.060432190420937781e-03
6.332077005000000099e+03 8.076023300939197958e-01 3.060432190420937781e-03
6.340073975000000246e+03 8.083256781099145138e-01 3.060432190420937781e-03
6.348070945000000393e+03 8.126362008352582267e-01 3.060432190420937781e-03
6.356067915000000539e+03 8.157116876165342312e-01 3.060432190420937781e-03
6.364064884999999776e+03 8.149485216907925711e-01 3.060432190420937781e-03
6.372061854999999923e+03 8.197068628736443596e-01 3.060432190420937781e-03
6.380058825000000070e+03 8.238450740609796208e-01 3.060432190420937781e-03
6.388055795000000217e+03 8.274596630501448447e-01 3.060432190420937781e-03
6.396052765000000363e+03 8.332627883252264889e-01 3.060432190420937781e-03
6.404049735000000510e+03 8.337339082500742071e-01 3.060432190420937781e-03
6.412046705000000657e+03 8.435273885845553377e-01 3.060432190420937781e-03
6.420043674999999894e+03 8.418209836005176028e-01 3.060432190420937781e-03
6.428040645000000040e+03 8.477256565379630571e-01 3.060432190420937781e-03
6.436037615000000187e+03 8.561966553370858879e-01 3.060432190420937781e-03
6.444034585000000334e+03 8.653232550243257215e-01 3.060432190420937781e-03
6.452031555000000481e+03 8.668238284866641719e-01 3.060432190420937781e-03
6.460028524999999718e+03 8.725497829801109884e-01 3.060432190420937781e-03
6.468025494999999864e+03 8.723781650894429918e-01 3.060432190420937781e-03
6.476022465000000011e+03 8.762382207066168327e-01 3.060432190420937781e-03
6.484019435000000158e+03 8.844109757606714028e-01 3.060432190420937781e-03
6.492016405000000304e+03 8.878255204110332421e-01 3.060432190420937781e-03
6.500013375000000451e+03 8.910872094089604678e-01 3.060432190420937781e-03
6.508010345000000598e+03 9.071851905889258827e-01 3.060432190420937781e-03
6.516007314999999835e+03 9.209726429037412565e-01 3.060432190420937781e-03
6.524004284999999982e+03 9.304355193483860864e-01 3.060432190420937781e-03
6.532001255000000128e+03 9.320298276440945884e-01 3.060432190420937781e-03
6.539998225000000275e+03 9.156550669604628379e-01 3.060432190420937781e-03
6.547995194999999512e+03 9.117640349717612835e-01 3.060432190420937781e-03
6.555992164999999659e+03 9.097528421249627684e-01 3.060432190420937781e-03
6.563989134999999806e+03 9.071815584244860009e-01 3.060432190420937781e-03
6.571986104999999952e+03 9.123193169030143768e-01 3.060432190420937781e-03
6.579983075000000099e+03 9.143588738456960296e-01 3.060432190420937781e-03
6.587980045000000246e+03 9.237240919658170624e-01 3.060432190420937781e-03
6.595977015000000392e+03 9.470892841776558102e-01 3.060432190420937781e-03
6.603973985000000539e+03 9.414543133635818739e-01 3.060432190420937781e-03
6.611970954999999776e+03 9.425068104868269403e-01 3.060432190420937781e-03
6.619967924999999923e+03 9.308947792920593267e-01 3.060432190420937781e-03
6.627964895000000070e+03 9.157514320892748971e-01 3.060432190420937781e-03
6.635961865000000216e+03 9.071607442842820612e-01 3.060432190420937781e-03
6.643958834999999453e+03 8.931591353650998322e-01 3.060432190420937781e-03
6.651955804999999600e+03 8.827369327887794048e-01 3.060432190420937781e-03
6.659952774999999747e+03 8.682507941466225398e-01 3.060432190420937781e-03
6.667949744999999893e+03 8.538390685758169285e-01 3.060432190420937781e-03
6.675946715000000040e+03 8.484611179114208701e-01 3.060432190420937781e-03
6.683943685000000187e+03 8.363076806629289317e-01 3.060432190420937781e-03
6.691940655000000334e+03 8.203363191784220909e-01 3.060432190420937781e-03
6.699937624999999571e+03 8.044822738266260709e-01 3.060432190420937781e-03
6.707934594999999717e+03 7.928929887599936999e-01 3.060432190420937781e-03
6.715931564999999864e+03 7.778748242746168495e-01 3.060432190420937781e-03
6.723928535000000011e+03 7.681463689882476187e-01 3.060432190420937781e-03
6.731925505000000157e+03 7.507743217498740185e-01 3.060432190420937781e-03
6.739922474999999395e+03 7.484828663668450233e-01 3.060432190420937781e-03
6.747919444999999541e+03 7.387539996111245344e-01 3.060432190420937781e-03
6.755916414999999688e+03 7.268272659113921286e-01 3.060432190420937781e-03
6.763913384999999835e+03 7.240532350045101317e-01 3.060432190420937781e-03
6.771910354999999981e+03 7.139114446759641242e-01 3.060432190420937781e-03
6.779907325000000128e+03 7.032076154885510411e-01 3.060432190420937781e-03
6.787904295000000275e+03 6.974820936769263735e-01 3.060432190420937781e-03
6.795901264999999512e+03 6.957749576834272309e-01 3.060432190420937781e-03
6.803898234999999659e+03 6.897323684175076242e-01 3.060432190420937781e-03
6.811895204999999805e+03 6.837738076330646120e-01 3.060432190420937781e-03
6.819892174999999952e+03 6.766569890299047874e-01 3.060432190420937781e-03
6.827889145000000099e+03 6.763839194505989472e-01 3.060432190420937781e-03
6.835886114999999336e+03 6.717159547584726775e-01 3.060432190420937781e-03
6.843883084999999483e+03 6.772311740139792535e-01 3.060432190420937781e-03
6.851880054999999629e+03 6.765232164216620214e-01 3.060432190420937781e-03
6.859877024999999776e+03 6.682870993525790171e-01 3.060432190420937781e-03
6.867873994999999923e+03 6.644584489974161290e-01 3.060432190420937781e-03
6.875870965000000069e+03 6.642075217734885184e-01 3.060432190420937781e-03
6.883867935000000216e+03 6.569457919634007492e-01 3.060432190420937781e-03
6.891864904999999453e+03 6.569237944511586713e-01 3.060432190420937781e-03
6.899861874999999600e+03 6.583401128256226587e-01 3.060432190420937781e-03
6.907858844999999747e+03 6.570137548270931216e-01 3.060432190420937781e-03
6.915855814999999893e+03 6.506878664928295031e-01 3.060432190420937781e-03
6.923852784999999130e+03 6.520298514319124994e-01 3.060432190420937781e-03
6.931849754999999277e+03 6.434498172838900576e-01 3.060432190420937781e-03
6.939846724999999424e+03 6.435748174873527905e-01 3.060432190420937781e-03
6.947843694999999570e+03 6.393751659266300180e-01 3.060432190420937781e-03
6.955840664999999717e+03 6.348203272821089094e-01 3.060432190420937781e-03
6.963837634999999864e+03 6.327078470843556790e-01 3.060432190420937781e-03
6.971834605000000010e+03 6.390286612963868018e-01 3.060432190420937781e-03
6.979831575000000157e+03 6.250074697114790245e-01 3.060432190420937781e-03
6.987828544999999394e+03 6.257077759639472214e-01 3.060432190420937781e-03
6.995825514999999541e+03 6.299345233459836546e-01 3.060432190420937781e-03
