6.204125485000000481e+03 7.807915272365182346e-01 3.060432190420937781e-03
6.212122455000000627e+03 7.703325753307611601e-01 3.060432190420937781e-03
6.220119425000000774e+03 7.714198107250982428e-01 3.060432190420937781e-03
6.228116395000000011e+03 7.758945746194739757e-01 3.060432190420937781e-03
6.236113365000000158e+03 7.750425487784932121e-01 3.060432190420937781e-03
6.244110335000000305e+03 7.740167837074312107e-01 3.060432190420937781e-03
6.252107305000000451e+03 7.656781470430069625e-01 3.060432190420937781e-03
6.260104275000000598e+03 7.704978345390186556e-01 3.060432190420937781e-03
6.268101244999999835e+03 7.694668058876215078e-01 3.060432190420937781e-03
6.276098214999999982e+03 7.693838406410929975e-01 3.060432190420937781e-03
6.284095185000000129e+03 7.678961125031805723e-01 3.060432190420937781e-03
6.292092155000000275e+03 7.674066985026035681e-01 3.060432190420937781e-03
6.300089125000000422e+03 7.637063976208612326e-01 3.060432190420937781e-03
6.308086095000000569e+03 7.522024643076562489e-01 3.060432190420937781e-03
6.316083065000000715e+03 7.676858955364465054e-01 3.060432190420937781e-03
6.324080034999999953e+03 7.505509854069803977e-01 3.060432190420937781e-03
6.332077005000000099e+03 7.595380436890335485e-01 3.060432190420937781e-03
6.340073975000000246e+03 7.622256753889548042e-01 3.060432190420937781e-03
6.348070945000000393e+03 7.584071203808644412e-01 3.060432190420937781e-03
6.356067915000000539e+03 7.566024601676482053e-01 3.060432190420937781e-03
6.364064884999999776e+03 7.655115097706420846e-01 3.060432190420937781e-03
6.372061854999999923e+03 7.729534827355764026e-01 3.060432190420937781e-03
6.380058825000000070e+03 7.742281503542531862e-01 3.060432190420937781e-03
6.388055795000000217e+03 7.791801069043871042e-01 3.060432190420937781e-03
6.396052765000000363e+03 7.886699377537577105e-01 3.060432190420937781e-03
6.404049735000000510e+03 7.817359832368901973e-01 3.060432190420937781e-03
6.412046705000000657e+03 7.824948490231429243e-01 3.060432190420937781e-03
6.420043674999999894e+03 8.002072016851951020e-01 3.060432190420937781e-03
6.428040645000000040e+03 8.021781315725416972e-01 3.060432190420937781e-03
6.436037615000000187e+03 8.106119114057911412e-01 3.060432190420937781e-03
6.444034585000000334e+03 8.128739860995831679e-01 3.060432190420937781e-03
6.452031555000000481e+03 8.235007573429821148e-01 3.060432190420937781e-03
6.460028524999999718e+03 8.221727209540543591e-01 3.060432190420937781e-03
6.468025494999999864e+03 8.273816146196710797e-01 3.060432190420937781e-03
6.476022465000000011e+03 8.277265344476798514e-01 3.060432190420937781e-03
6.484019435000000158e+03 8.325840393050742971e-01 3.060432190420937781e-03
6.492016405000000304e+03 8.404121696495616689e-01 3.060432190420937781e-03
6.500013375000000451e+03 8.438246360916847877e-01 3.060432190420937781e-03
6.508010345000000598e+03 8.597594988806013250e-01 3.060432190420937781e-03
6.516007314999999835e+03 8.741397864918025729e-01 3.060432190420937781e-03
6.524004284999999982e+03 8.886337551323558737e-01 3.060432190420937781e-03
6.532001255000000128e+03 8.792830054431024500e-01 3.060432190420937781e-03
6.539998225000000275e+03 8.721659565424246807e-01 3.060432190420937781e-03
6.547995194999999512e+03 8.669372637552373861e-01 3.060432190420937781e-03
6.555992164999999659e+03 8.595746609244792058e-01 3.060432190420937781e-03
6.563989134999999806e+03 8.642461656054956087e-01 3.060432190420937781e-03
6.571986104999999952e+03 8.660996677768507679e-01 3.060432190420937781e-03
6.579983075000000099e+03 8.711530535390913377e-01 3.060432190420937781e-03
6.587980045000000246e+03 8.835283055003610997e-01 3.060432190420937781e-03
6.595977015000000392e+03 8.974438937531009630e-01 3.060432190420937781e-03
6.603973985000000539e+03 9.020410129972825652e-01 3.060432190420937781e-03
6.611970954999999776e+03 8.911094703797777239e-01 3.060432190420937781e-03
6.619967924999999923e+03 8.808672089217650658e-01 3.060432190420937781e-03
6.627964895000000070e+03 8.640042399169068910e-01 3.060432190420937781e-03
6.635961865000000216e+03 8.601269078420175074e-01 3.060432190420937781e-03
6.643958834999999453e+03 8.541515467058411470e-01 3.060432190420937781e-03
6.651955804999999600e+03 8.442713320613705053e-01 3.060432190420937781e-03
6.659952774999999747e+03 8.263709221558281914e-01 3.060432190420937781e-03
6.667949744999999893e+03 8.156287147479815980e-01 3.060432190420937781e-03
6.675946715000000040e+03 7.983142419574298376e-01 3.060432190420937781e-03
6.683943685000000187e+03 7.839009773301850448e-01 3.060432190420937781e-03
6.691940655000000334e+03 7.756281616233920984e-01 3.060432190420937781e-03
6.699937624999999571e+03 7.614936439473846130e-01 3.060432190420937781e-03
6.707934594999999717e+03 7.414735574174902144e-01 3.060432190420937781e-03
6.715931564999999864e+03 7.394800976327732256e-01 3.060432190420937781e-03
6.723928535000000011e+03 7.203366031385803891e-01 3.060432190420937781e-03
6.731925505000000157e+03 7.166119157770025616e-01 3.060432190420937781e-03
6.739922474999999395e+03 7.013937995119938762e-01 3.060432190420937781e-03
6.747919444999999541e+03 6.949355481925811873e-01 3.060432190420937781e-03
6.755916414999999688e+03 6.829901068202689496e-01 3.060432190420937781e-03
6.763913384999999835e+03 6.793021134006713702e-01 3.060432190420937781e-03
6.771910354999999981e+03 6.694248012671236703e-01 3.060432190420937781e-03
6.779907325000000128e+03 6.605296541436598279e-01 3.060432190420937781e-03
6.787904295000000275e+03 6.608877809749258425e-01 3.060432190420937781e-03
6.795901264999999512e+03 6.518970121566056708e-01 3.060432190420937781e-03
6.803898234999999659e+03 6.498240580099182706e-01 3.060432190420937781e-03
6.811895204999999805e+03 6.425305436553472305e-01 3.060432190420937781e-03
6.819892174999999952e+03 6.420257185125894939e-01 3.060432190420937781e-03
6.827889145000000099e+03 6.395274626807037066e-01 3.060432190420937781e-03
6.835886114999999336e+03 6.345983885107597811e-01 3.060432190420937781e-03
6.843883084999999483e+03 6.318015870655337984e-01 3.060432190420937781e-03
6.851880054999999629e+03 6.275732911424964922e-01 3.060432190420937781e-03
6.859877024999999776e+03 6.255517032589240634e-01 3.060432190420937781e-03
6.867873994999999923e+03 6.248681293536227921e-01 3.060432190420937781e-03
6.875870965000000069e+03 6.244369515020568029e-01 3.060432190420937781e-03
6.883867935000000216e+03 6.203193903570181078e-01 3.060432190420937781e-03
6.891864904999999453e+03 6.211957994803203320e-01 3.060432190420937781e-03
6.899861874999999600e+03 6.190734780013913419e-01 3.060432190420937781e-03
6.907858844999999747e+03 6.102831201222250757e-01 3.060432190420937781e-03
6.915855814999999893e+03 6.076820749994195081e-01 3.060432190420937781e-03
6.923852784999999130e+03 6.059679470734021800e-01 3.060432190420937781e-03
6.931849754999999277e+03 6.097275163755749849e-01 3.060432190420937781e-03
6.939846724999999424e+03 6.043837867608060632e-01 3.060432190420937781e-03
6.947843694999999570e+03 6.029333340994567081e-01 3.060432190420937781e-03
6.955840664999999717e+03 5.962799124791159366e-01 3.060432190420937781e-03
6.963837634999999864e+03 5.969225299336116120e-01 3.060432190420937781e-03
6.971834605000000010e+03 5.915206981346312620e-01 3.060432190420937781e-03
6.979831575000000157e+03 5.857866578276643699e-01 3.060432190420937781e-03
6.987828544999999394e+03 5.911164333738199161e-01 3.060432190420937781e-03
6.995825514999999541e+03 5.849025433857149014e-01 3.060432190420937781e-03
