6.204125485000000481e+03 7.142825712507853142e-01 3.060432190420937781e-03
6.212122455000000627e+03 7.118312708892059471e-01 3.060432190420937781e-03
6.220119425000000774e+03 7.149061476193515619e-01 3.060432190420937781e-03
6.228116395000000011e+03 7.048143882047391839e-01 3.060432190420937781e-03
6.236113365000000158e+03 7.058199685872319495e-01 3.060432190420937781e-03
6.244110335000000305e+03 7.076659709606141213e-01 3.060432190420937781e-03
6.252107305000000451e+03 7.099240357291192183e-01 3.060432190420937781e-03
6.260104275000000598e+03 6.995068493835392420e-01 3.060432190420937781e-03
6.268101244999999835e+03 7.029592485205463648e-01 3.060432190420937781e-03
6.276098214999999982e+03 7.022511175030642372e-01 3.060432190420937781e-03
6.284095185000000129e+03 6.991317743944992502e-01 3.060432190420937781e-03
6.292092155000000275e+03 6.985093165679543414e-01 3.060432190420937781e-03
6.300089125000000422e+03 6.964501184027399594e-01 3.060432190420937781e-03
6.308086095000000569e+03 6.996914083831804465e-01 3.060432190420937781e-03
6.316083065000000715e+03 6.959494600890138161e-01 3.060432190420937781e-03
6.324080034999999953e+03 6.928910889977640819e-01 3.060432190420937781e-03
6.332077005000000099e+03 6.924827589645441428e-01 3.060432190420937781e-03
6.340073975000000246e+03 6.947229790284115136e-01 3.060432190420937781e-03
6.348070945000000393e+03 6.995955133379899715e-01 3.060432190420937781e-03
6.356067915000000539e+03 6.984199163245328190e-01 3.060432190420937781e-03
6.364064884999999776e+03 7.037445339557033552e-01 3.060432190420937781e-03
6.372061854999999923e+03 7.028130633847985420e-01 3.060432190420937781e-03
6.380058825000000070e+03 7.156086426133987377e-01 3.060432190420937781e-03
6.388055795000000217e+03 7.193755495165824465e-01 3.060432190420937781e-03
6.396052765000000363e+03 7.176256553062114740e-01 3.060432190420937781e-03
6.404049735000000510e+03 7.237731775635073417e-01 3.060432190420937781e-03
6.412046705000000657e+03 7.277966880302031427e-01 3.060432190420937781e-03
6.420043674999999894e+03 7.376389930013622642e-01 3.060432190420937781e-03
6.428040645000000040e+03 7.472218044934672010e-01 3.060432190420937781e-03
6.436037615000000187e+03 7.494978044021065600e-01 3.060432190420937781e-03
6.444034585000000334e+03 7.597650945953676738e-01 3.060432190420937781e-03
6.452031555000000481e+03 7.608838617923475711e-01 3.060432190420937781e-03
6.460028524999999718e+03 7.643737780690122996e-01 3.060432190420937781e-03
6.468025494999999864e+03 7.687076117475413195e-01 3.060432190420937781e-03
6.476022465000000011e+03 7.676595894827870081e-01 3.060432190420937781e-03
6.484019435000000158e+03 7.757262555498145584e-01 3.060432190420937781e-03
6.492016405000000304e+03 7.864866589138475028e-01 3.060432190420937781e-03
6.500013375000000451e+03 7.830562642894250969e-01 3.060432190420937781e-03
6.508010345000000598e+03 8.039669504183097892e-01 3.060432190420937781e-03
6.516007314999999835e+03 8.118198650829231422e-01 3.060432190420937781e-03
6.524004284999999982e+03 8.223436514460172875e-01 3.060432190420937781e-03
6.532001255000000128e+03 8.135581413889719782e-01 3.060432190420937781e-03
6.539998225000000275e+03 8.082982065934118943e-01 3.060432190420937781e-03
6.547995194999999512e+03 8.036287390761278626e-01 3.060432190420937781e-03
6.555992164999999659e+03 8.067091435776946318e-01 3.060432190420937781e-03
6.563989134999999806e+03 8.058935236827555748e-01 3.060432190420937781e-03
6.571986104999999952e+03 8.034396606374838434e-01 3.060432190420937781e-03
6.579983075000000099e+03 8.154608795234571383e-01 3.060432190420937781e-03
6.587980045000000246e+03 8.213401170493606074e-01 3.060432190420937781e-03
6.595977015000000392e+03 8.428302564397693875e-01 3.060432190420937781e-03
6.603973985000000539e+03 8.359696028604636231e-01 3.060432190420937781e-03
6.611970954999999776e+03 8.408059832125553967e-01 3.060432190420937781e-03
6.619967924999999923e+03 8.254749161558156967e-01 3.060432190420937781e-03
6.627964895000000070e+03 8.130090150884600186e-01 3.060432190420937781e-03
6.635961865000000216e+03 8.007572274819843017e-01 3.060432190420937781e-03
6.643958834999999453e+03 7.932221453895651475e-01 3.060432190420937781e-03
6.651955804999999600e+03 7.805578624769123897e-01 3.060432190420937781e-03
6.659952774999999747e+03 7.698379696868710154e-01 3.060432190420937781e-03
6.667949744999999893e+03 7.598766327718620150e-01 3.060432190420937781e-03
6.675946715000000040e+03 7.481317392878671368e-01 3.060432190420937781e-03
6.683943685000000187e+03 7.369044291759353493e-01 3.060432190420937781e-03
6.691940655000000334e+03 7.188697883187504800e-01 3.060432190420937781e-03
6.699937624999999571e+03 7.087466577953573932e-01 3.060432190420937781e-03
6.707934594999999717e+03 6.876142323366581932e-01 3.060432190420937781e-03
6.715931564999999864e+03 6.797593083641172429e-01 3.060432190420937781e-03
6.723928535000000011e+03 6.692360717344159049e-01 3.060432190420937781e-03
6.731925505000000157e+03 6.593920548135777659e-01 3.060432190420937781e-03
6.739922474999999395e+03 6.556235299594986854e-01 3.060432190420937781e-03
6.747919444999999541e+03 6.383478212630441240e-01 3.060432190420937781e-03
6.755916414999999688e+03 6.281014052505785594e-01 3.060432190420937781e-03
6.763913384999999835e+03 6.224683763166415362e-01 3.060432190420937781e-03
6.771910354999999981e+03 6.152390827270712848e-01 3.060432190420937781e-03
6.779907325000000128e+03 6.067012806789757740e-01 3.060432190420937781e-03
6.787904295000000275e+03 6.014560941748976486e-01 3.060432190420937781e-03
6.795901264999999512e+03 5.972388085552824410e-01 3.060432190420937781e-03
6.803898234999999659e+03 5.899303603897250170e-01 3.060432190420937781e-03
6.811895204999999805e+03 5.959630132014088755e-01 3.060432190420937781e-03
6.819892174999999952e+03 5.895953060270203716e-01 3.060432190420937781e-03
6.827889145000000099e+03 5.892037094042336109e-01 3.060432190420937781e-03
6.835886114999999336e+03 5.821075860416511372e-01 3.060432190420937781e-03
6.843883084999999483e+03 5.801208517218713334e-01 3.060432190420937781e-03
6.851880054999999629e+03 5.744035411097638821e-01 3.060432190420937781e-03
6.859877024999999776e+03 5.740167394219630737e-01 3.060432190420937781e-03
6.867873994999999923e+03 5.719107579989300971e-01 3.060432190420937781e-03
6.875870965000000069e+03 5.741175300947869431e-01 3.060432190420937781e-03
6.883867935000000216e+03 5.640727965602176930e-01 3.060432190420937781e-03
6.891864904999999453e+03 5.643814960731817765e-01 3.060432190420937781e-03
6.899861874999999600e+03 5.619218324609640547e-01 3.060432190420937781e-03
6.907858844999999747e+03 5.665292794860118386e-01 3.060432190420937781e-03
6.915855814999999893e+03 5.573446555864615126e-01 3.060432190420937781e-03
6.923852784999999130e+03 5.562527206591020290e-01 3.060432190420937781e-03
6.931849754999999277e+03 5.549210251275794592e-01 3.060432190420937781e-03
6.939846724999999424e+03 5.430105510825810056e-01 3.060432190420937781e-03
6.947843694999999570e+03 5.508655235425971020e-01 3.060432190420937781e-03
6.955840664999999717e+03 5.443526679561803139e-01 3.060432190420937781e-03
6.963837634999999864e+03 5.462904536204225003e-01 3.060432190420937781e-03
6.971834605000000010e+03 5.442129679260698794e-01 3.060432190420937781e-03
6.979831575000000157e+03 5.380797700916756243e-01 3.060432190420937781e-03
6.987828544999999394e+03 5.365027286487981106e-01 3.060432190420937781e-03
6.995825514999999541e+03 5.368873132627272060e-01 3.060432190420937781e-03
