6.204125485000000481e+03 6.886778085974575303e-01 3.060432190420937781e-03
6.212122455000000627e+03 6.943061578494695851e-01 3.060432190420937781e-03
6.220119425000000774e+03 6.987176740618441517e-01 3.060432190420937781e-03
6.228116395000000011e+03 6.883919170802572651e-01 3.060432190420937781e-03
6.236113365000000158e+03 6.876988995085742129e-01 3.060432190420937781e-03
6.244110335000000305e+03 6.845769109882636760e-01 3.060432190420937781e-03
6.252107305000000451e+03 6.867191614626390050e-01 3.060432190420937781e-03
6.260104275000000598e+03 6.825050136163619552e-01 3.060432190420937781e-03
6.268101244999999835e+03 6.802445251944988502e-01 3.060432190420937781e-03
6.276098214999999982e+03 6.774857700545399153e-01 3.060432190420937781e-03
6.284095185000000129e+03 6.835222505530207382e-01 3.060432190420937781e-03
6.292092155000000275e+03 6.775772717846484383e-01 3.060432190420937781e-03
6.300089125000000422e+03 6.753074659787946521e-01 3.060432190420937781e-03
6.308086095000000569e+03 6.793715274454710240e-01 3.060432190420937781e-03
6.316083065000000715e+03 6.702057586054206428e-01 3.060432190420937781e-03
6.324080034999999953e+03 6.753251185432580517e-01 3.060432190420937781e-03
6.332077005000000099e+03 6.761253319385420735e-01 3.060432190420937781e-03
6.340073975000000246e+03 6.748713173971249146e-01 3.060432190420937781e-03
6.348070945000000393e+03 6.787211769447328846e-01 3.060432190420937781e-03
6.356067915000000539e+03 6.875209359062383063e-01 3.060432190420937781e-03
6.364064884999999776e+03 6.817746835046469833e-01 3.060432190420937781e-03
6.372061854999999923e+03 6.849214039860599401e-01 3.060432190420937781e-03
6.380058825000000070e+03 6.901989787347229122e-01 3.060432190420937781e-03
6.388055795000000217e+03 6.969781311723204364e-01 3.060432190420937781e-03
6.396052765000000363e+03 6.981693928606433897e-01 3.060432190420937781e-03
6.404049735000000510e+03 7.062689528686368901e-01 3.060432190420937781e-03
6.412046705000000657e+03 7.059801857405729741e-01 3.060432190420937781e-03
6.420043674999999894e+03 7.088997134925322241e-01 3.060432190420937781e-03
6.428040645000000040e+03 7.102178774725161903e-01 3.060432190420937781e-03
6.436037615000000187e+03 7.247494580796514096e-01 3.060432190420937781e-03
6.444034585000000334e+03 7.264980992469254328e-01 3.060432190420937781e-03
6.452031555000000481e+03 7.296341648716601069e-01 3.060432190420937781e-03
6.460028524999999718e+03 7.303280772330325021e-01 3.060432190420937781e-03
6.468025494999999864e+03 7.319609220609097910e-01 3.060432190420937781e-03
6.476022465000000011e+03 7.399446987190961833e-01 3.060432190420937781e-03
6.484019435000000158e+03 7.390497140457910064e-01 3.060432190420937781e-03
6.492016405000000304e+03 7.459188266526785016e-01 3.060432190420937781e-03
6.500013375000000451e+03 7.523888308933246449e-01 3.060432190420937781e-03
6.508010345000000598e+03 7.813406041135524394e-01 3.060432190420937781e-03
6.516007314999999835e+03 7.904027426075197482e-01 3.060432190420937781e-03
6.524004284999999982e+03 7.962446820331174901e-01 3.060432190420937781e-03
6.532001255000000128e+03 8.039758493650143167e-01 3.060432190420937781e-03
6.539998225000000275e+03 7.869650857323612358e-01 3.060432190420937781e-03
6.547995194999999512e+03 7.873787970486175736e-01 3.060432190420937781e-03
6.555992164999999659e+03 7.774408127806807789e-01 3.060432190420937781e-03
6.563989134999999806e+03 7.828575570314091348e-01 3.060432190420937781e-03
6.571986104999999952e+03 7.810441846367546237e-01 3.060432190420937781e-03
6.579983075000000099e+03 7.944892248845700777e-01 3.060432190420937781e-03
6.587980045000000246e+03 7.942400777495344233e-01 3.060432190420937781e-03
6.595977015000000392e+03 8.109762392277900522e-01 3.060432190420937781e-03
6.603973985000000539e+03 8.080964339722773726e-01 3.060432190420937781e-03
6.611970954999999776e+03 8.124066106555787314e-01 3.060432190420937781e-03
6.619967924999999923e+03 7.895411497138888901e-01 3.060432190420937781e-03
6.627964895000000070e+03 7.756891185169881853e-01 3.060432190420937781e-03
6.635961865000000216e+03 7.654439440462641464e-01 3.060432190420937781e-03
6.643958834999999453e+03 7.501298223965764400e-01 3.060432190420937781e-03
6.651955804999999600e+03 7.382296700947240664e-01 3.060432190420937781e-03
6.659952774999999747e+03 7.262376890892366932e-01 3.060432190420937781e-03
6.667949744999999893e+03 7.159499647496756491e-01 3.060432190420937781e-03
6.675946715000000040e+03 7.131884664901776416e-01 3.060432190420937781e-03
6.683943685000000187e+03 7.018146950789997396e-01 3.060432190420937781e-03
6.691940655000000334e+03 6.906044583647666935e-01 3.060432190420937781e-03
6.699937624999999571e+03 6.809189880232430214e-01 3.060432190420937781e-03
6.707934594999999717e+03 6.735951362856893443e-01 3.060432190420937781e-03
6.715931564999999864e+03 6.566818490120880369e-01 3.060432190420937781e-03
6.723928535000000011e+03 6.511860887222720162e-01 3.060432190420937781e-03
6.731925505000000157e+03 6.374799787355692748e-01 3.060432190420937781e-03
6.739922474999999395e+03 6.354926905782233293e-01 3.060432190420937781e-03
6.747919444999999541e+03 6.184623874566966828e-01 3.060432190420937781e-03
6.755916414999999688e+03 6.080708874378963902e-01 3.060432190420937781e-03
6.763913384999999835e+03 6.061605526584444847e-01 3.060432190420937781e-03
6.771910354999999981e+03 6.011214433613673025e-01 3.060432190420937781e-03
6.779907325000000128e+03 5.904408588001366365e-01 3.060432190420937781e-03
6.787904295000000275e+03 5.889504617696946775e-01 3.060432190420937781e-03
6.795901264999999512e+03 5.822552015397461922e-01 3.060432190420937781e-03
6.803898234999999659e+03 5.761235022100995584e-01 3.060432190420937781e-03
6.811895204999999805e+03 5.711555744140347501e-01 3.060432190420937781e-03
6.819892174999999952e+03 5.707185805698989922e-01 3.060432190420937781e-03
6.827889145000000099e+03 5.687663596800163202e-01 3.060432190420937781e-03
6.835886114999999336e+03 5.688171179075903749e-01 3.060432190420937781e-03
6.843883084999999483e+03 5.674586869339459660e-01 3.060432190420937781e-03
6.851880054999999629e+03 5.594848784489010463e-01 3.060432190420937781e-03
6.859877024999999776e+03 5.636054323815598011e-01 3.060432190420937781e-03
6.867873994999999923e+03 5.526793241529531775e-01 3.060432190420937781e-03
6.875870965000000069e+03 5.461373885245734972e-01 3.060432190420937781e-03
6.883867935000000216e+03 5.492754051986923347e-01 3.060432190420937781e-03
6.891864904999999453e+03 5.480123999932149381e-01 3.060432190420937781e-03
6.899861874999999600e+03 5.455333065659443426e-01 3.060432190420937781e-03
6.907858844999999747e+03 5.450649819475120728e-01 3.060432190420937781e-03
6.915855814999999893e+03 5.472129697504759527e-01 3.060432190420937781e-03
6.923852784999999130e+03 5.374662644165879577e-01 3.060432190420937781e-03
6.931849754999999277e+03 5.411063787404510883e-01 3.060432190420937781e-03
6.939846724999999424e+03 5.367862212470350114e-01 3.060432190420937781e-03
6.947843694999999570e+03 5.367270233638781196e-01 3.060432190420937781e-03
6.955840664999999717e+03 5.262805030982845578e-01 3.060432190420937781e-03
6.963837634999999864e+03 5.335701085880779626e-01 3.060432190420937781e-03
6.971834605000000010e+03 5.255012926585583832e-01 3.060432190420937781e-03
6.979831575000000157e+03 5.279702457668894455e-01 3.060432190420937781e-03
6.987828544999999394e+03 5.145232030470339168e-01 3.060432190420937781e-03
6.995825514999999541e+03 5.199513316894782688e-01 3.060432190420937781e-03
