6.204125485000000481e+03 6.502876663502100696e-01 3.060432190420937781e-03
6.212122455000000627e+03 6.521179856278033204e-01 3.060432190420937781e-03
6.220119425000000774e+03 6.500878978733934943e-01 3.060432190420937781e-03
6.228116395000000011e+03 6.428851862157143326e-01 3.060432190420937781e-03
6.236113365000000158e+03 6.509214638642056849e-01 3.060432190420937781e-03
6.244110335000000305e+03 6.481884662408662345e-01 3.060432190420937781e-03
6.252107305000000451e+03 6.471394288020445584e-01 3.060432190420937781e-03
6.260104275000000598e+03 6.426596114697289419e-01 3.060432190420937781e-03
6.268101244999999835e+03 6.446781144916379214e-01 3.060432190420937781e-03
6.276098214999999982e+03 6.363087801234420526e-01 3.060432190420937781e-03
6.284095185000000129e+03 6.380866780652457715e-01 3.060432190420937781e-03
6.292092155000000275e+03 6.419888956624406617e-01 3.060432190420937781e-03
6.300089125000000422e+03 6.393455867329007614e-01 3.060432190420937781e-03
6.308086095000000569e+03 6.359709440121363855e-01 3.060432190420937781e-03
6.316083065000000715e+03 6.382381247189128359e-01 3.060432190420937781e-03
6.324080034999999953e+03 6.345674626527504358e-01 3.060432190420937781e-03
6.332077005000000099e+03 6.342794259453383710e-01 3.060432190420937781e-03
6.340073975000000246e+03 6.368070619983688951e-01 3.060432190420937781e-03
6.348070945000000393e+03 6.358271928393272043e-01 3.060432190420937781e-03
6.356067915000000539e+03 6.364079731568681453e-01 3.060432190420937781e-03
6.364064884999999776e+03 6.436866253577716579e-01 3.060432190420937781e-03
6.372061854999999923e+03 6.466891515665404988e-01 3.060432190420937781e-03
6.380058825000000070e+03 6.462455898648715724e-01 3.060432190420937781e-03
6.388055795000000217e+03 6.534823691910680576e-01 3.060432190420937781e-03
6.396052765000000363e+03 6.680336633667092183e-01 3.060432190420937781e-03
6.404049735000000510e+03 6.578573581653825997e-01 3.060432190420937781e-03
6.412046705000000657e+03 6.691762118776150015e-01 3.060432190420937781e-03
6.420043674999999894e+03 6.726536175450080757e-01 3.060432190420937781e-03
6.428040645000000040e+03 6.745516404335362148e-01 3.060432190420937781e-03
6.436037615000000187e+03 6.800908737780836377e-01 3.060432190420937781e-03
6.444034585000000334e+03 6.749076438984824566e-01 3.060432190420937781e-03
6.452031555000000481e+03 6.894160811540698264e-01 3.060432190420937781e-03
6.460028524999999718e+03 6.835681486346382174e-01 3.060432190420937781e-03
6.468025494999999864e+03 6.986941508343336160e-01 3.060432190420937781e-03
6.476022465000000011e+03 7.052030179990373959e-01 3.060432190420937781e-03
6.484019435000000158e+03 6.986066359344645926e-01 3.060432190420937781e-03
6.492016405000000304e+03 7.082928400260212198e-01 3.060432190420937781e-03
6.500013375000000451e+03 7.176405517631099240e-01 3.060432190420937781e-03
6.508010345000000598e+03 7.409868845455312991e-01 3.060432190420937781e-03
6.516007314999999835e+03 7.462368437229791596e-01 3.060432190420937781e-03
6.524004284999999982e+03 7.638510900191265440e-01 3.060432190420937781e-03
6.532001255000000128e+03 7.649218636575093599e-01 3.060432190420937781e-03
6.539998225000000275e+03 7.537100513589790607e-01 3.060432190420937781e-03
6.547995194999999512e+03 7.494829176708053264e-01 3.060432190420937781e-03
6.555992164999999659e+03 7.467905856057435177e-01 3.060432190420937781e-03
6.563989134999999806e+03 7.460670061051069002e-01 3.060432190420937781e-03
6.571986104999999952e+03 7.448177623159528693e-01 3.060432190420937781e-03
6.579983075000000099e+03 7.511437554640930658e-01 3.060432190420937781e-03
6.587980045000000246e+03 7.593128451285359182e-01 3.060432190420937781e-03
6.595977015000000392e+03 7.827542198439197962e-01 3.060432190420937781e-03
6.603973985000000539e+03 7.772872064861422459e-01 3.060432190420937781e-03
6.611970954999999776e+03 7.648344955698632708e-01 3.060432190420937781e-03
6.619967924999999923e+03 7.513271467339133203e-01 3.060432190420937781e-03
6.627964895000000070e+03 7.407684548269629632e-01 3.060432190420937781e-03
6.635961865000000216e+03 7.298588546072727334e-01 3.060432190420937781e-03
6.643958834999999453e+03 7.146251418085917129e-01 3.060432190420937781e-03
6.651955804999999600e+03 7.102978255485349335e-01 3.060432190420937781e-03
6.659952774999999747e+03 6.944370562788098056e-01 3.060432190420937781e-03
6.667949744999999893e+03 6.942185249371308764e-01 3.060432190420937781e-03
6.675946715000000040e+03 6.732140328622151504e-01 3.060432190420937781e-03
6.683943685000000187e+03 6.615583940996186962e-01 3.060432190420937781e-03
6.691940655000000334e+03 6.533233718480918606e-01 3.060432190420937781e-03
6.699937624999999571e+03 6.447989785121474027e-01 3.060432190420937781e-03
6.707934594999999717e+03 6.342747197416032101e-01 3.060432190420937781e-03
6.715931564999999864e+03 6.255858286015345548e-01 3.060432190420937781e-03
6.723928535000000011e+03 6.151677708174132508e-01 3.060432190420937781e-03
6.731925505000000157e+03 5.985559151151619295e-01 3.060432190420937781e-03
6.739922474999999395e+03 5.964771663401408075e-01 3.060432190420937781e-03
6.747919444999999541e+03 5.904879663833387804e-01 3.060432190420937781e-03
6.755916414999999688e+03 5.805608385684056794e-01 3.060432190420937781e-03
6.763913384999999835e+03 5.724324772924582749e-01 3.060432190420937781e-03
6.771910354999999981e+03 5.619716146284337022e-01 3.060432190420937781e-03
6.779907325000000128e+03 5.556418939075863372e-01 3.060432190420937781e-03
6.787904295000000275e+03 5.510084915270034855e-01 3.060432190420937781e-03
6.795901264999999512e+03 5.443890242226612219e-01 3.060432190420937781e-03
6.803898234999999659e+03 5.435580701473516907e-01 3.060432190420937781e-03
6.811895204999999805e+03 5.388776539276139976e-01 3.060432190420937781e-03
6.819892174999999952e+03 5.362313828560510975e-01 3.060432190420937781e-03
6.827889145000000099e+03 5.286842502895673368e-01 3.060432190420937781e-03
6.835886114999999336e+03 5.341494755268436645e-01 3.060432190420937781e-03
6.843883084999999483e+03 5.280611054060624365e-01 3.060432190420937781e-03
6.851880054999999629e+03 5.269158835913531069e-01 3.060432190420937781e-03
6.859877024999999776e+03 5.267644890983947947e-01 3.060432190420937781e-03
6.867873994999999923e+03 5.227525923495581761e-01 3.060432190420937781e-03
6.875870965000000069e+03 5.272364926297019583e-01 3.060432190420937781e-03
6.883867935000000216e+03 5.121911461515570307e-01 3.060432190420937781e-03
6.891864904999999453e+03 5.180174421771422955e-01 3.060432190420937781e-03
6.899861874999999600e+03 5.155328430366004078e-01 3.060432190420937781e-03
6.907858844999999747e+03 5.085572794452236645e-01 3.060432190420937781e-03
6.915855814999999893e+03 5.079830820571761274e-01 3.060432190420937781e-03
6.923852784999999130e+03 5.085374465452991988e-01 3.060432190420937781e-03
6.931849754999999277e+03 5.035833628522016214e-01 3.060432190420937781e-03
6.939846724999999424e+03 5.027991986361898258e-01 3.060432190420937781e-03
6.947843694999999570e+03 5.069874376277800909e-01 3.060432190420937781e-03
6.955840664999999717e+03 4.934457309242136769e-01 3.060432190420937781e-03
6.963837634999999864e+03 4.990674856221433142e-01 3.060432190420937781e-03
6.971834605000000010e+03 4.971043483446831446e-01 3.060432190420937781e-03
6.979831575000000157e+03 4.960151061104302039e-01 3.060432190420937781e-03
6.987828544999999394e+03 4.902960260347212218e-01 3.060432190420937781e-03
6.995825514999999541e+03 4.884150548034321138e-01 3.060432190420937781e-03
