6.204125485000000481e+03 6.868977985531955488e-01 3.060432190420937781e-03
6.212122455000000627e+03 6.795161729354809443e-01 3.060432190420937781e-03
6.220119425000000774e+03 6.768246537757057757e-01 3.060432190420937781e-03
6.228116395000000011e+03 6.771653170608932237e-01 3.060432190420937781e-03
6.236113365000000158e+03 6.736437419763063872e-01 3.060432190420937781e-03
6.244110335000000305e+03 6.740506658622524849e-01 3.060432190420937781e-03
6.252107305000000451e+03 6.752114807960230003e-01 3.060432190420937781e-03
6.260104275000000598e+03 6.725058888787506239e-01 3.060432190420937781e-03
6.268101244999999835e+03 6.748323643530704796e-01 3.060432190420937781e-03
6.276098214999999982e+03 6.693154080638761272e-01 3.060432190420937781e-03
6.284095185000000129e+03 6.702470263750041068e-01 3.060432190420937781e-03
6.292092155000000275e+03 6.623673979197429729e-01 3.060432190420937781e-03
6.300089125000000422e+03 6.651985769178820895e-01 3.060432190420937781e-03
6.308086095000000569e+03 6.652978893203319588e-01 3.060432190420937781e-03
6.316083065000000715e+03 6.638005012749733647e-01 3.060432190420937781e-03
6.324080034999999953e+03 6.615036100115829765e-01 3.060432190420937781e-03
6.332077005000000099e+03 6.685408557388745621e-01 3.060432190420937781e-03
6.340073975000000246e+03 6.595992907843506448e-01 3.060432190420937781e-03
6.348070945000000393e+03 6.680471777549045198e-01 3.060432190420937781e-03
6.356067915000000539e+03 6.691635477403158339e-01 3.060432190420937781e-03
6.364064884999999776e+03 6.728879499214377446e-01 3.060432190420937781e-03
6.372061854999999923e+03 6.807800511728927528e-01 3.060432190420937781e-03
6.380058825000000070e+03 6.911098180131622915e-01 3.060432190420937781e-03
6.388055795000000217e+03 6.930987515220500272e-01 3.060432190420937781e-03
6.396052765000000363e+03 7.016909885435314020e-01 3.060432190420937781e-03
6.404049735000000510e+03 7.024164028251692615e-01 3.060432190420937781e-03
6.412046705000000657e+03 7.045685937266605858e-01 3.060432190420937781e-03
6.420043674999999894e+03 7.158890404340126912e-01 3.060432190420937781e-03
6.428040645000000040e+03 7.280036651442777229e-01 3.060432190420937781e-03
6.436037615000000187e+03 7.376132339702768936e-01 3.060432190420937781e-03
6.444034585000000334e+03 7.438199535459595335e-01 3.060432190420937781e-03
6.452031555000000481e+03 7.499226554755932250e-01 3.060432190420937781e-03
6.460028524999999718e+03 7.517555378354366935e-01 3.060432190420937781e-03
6.468025494999999864e+03 7.592574844905068954e-01 3.060432190420937781e-03
6.476022465000000011e+03 7.555027867488335325e-01 3.060432190420937781e-03
6.484019435000000158e+03 7.596687551889117485e-01 3.060432190420937781e-03
6.492016405000000304e+03 7.562540047624950468e-01 3.060432190420937781e-03
6.500013375000000451e+03 7.601622312875044862e-01 3.060432190420937781e-03
6.508010345000000598e+03 7.678346392217456629e-01 3.060432190420937781e-03
6.516007314999999835e+03 7.789698477667862386e-01 3.060432190420937781e-03
6.524004284999999982e+03 7.893467500937317860e-01 3.060432190420937781e-03
6.532001255000000128e+03 7.919291627111276766e-01 3.060432190420937781e-03
6.539998225000000275e+03 7.771240024530527979e-01 3.060432190420937781e-03
6.547995194999999512e+03 7.751014723906649584e-01 3.060432190420937781e-03
6.555992164999999659e+03 7.824000538997057941e-01 3.060432190420937781e-03
6.563989134999999806e+03 7.839925837913880313e-01 3.060432190420937781e-03
6.571986104999999952e+03 7.853638719002301594e-01 3.060432190420937781e-03
6.579983075000000099e+03 7.929928085645521207e-01 3.060432190420937781e-03
6.587980045000000246e+03 7.989783805012405926e-01 3.060432190420937781e-03
6.595977015000000392e+03 8.231224981658716855e-01 3.060432190420937781e-03
6.603973985000000539e+03 8.220904600885171609e-01 3.060432190420937781e-03
6.611970954999999776e+03 8.221185376054116478e-01 3.060432190420937781e-03
6.619967924999999923e+03 8.050315640452236909e-01 3.060432190420937781e-03
6.627964895000000070e+03 7.874925685959811572e-01 3.060432190420937781e-03
6.635961865000000216e+03 7.902007427046846555e-01 3.060432190420937781e-03
6.643958834999999453e+03 7.905642222876644309e-01 3.060432190420937781e-03
6.651955804999999600e+03 7.868824913840219981e-01 3.060432190420937781e-03
6.659952774999999747e+03 7.728296174574083022e-01 3.060432190420937781e-03
6.667949744999999893e+03 7.575210478072964548e-01 3.060432190420937781e-03
6.675946715000000040e+03 7.458366883816535120e-01 3.060432190420937781e-03
6.683943685000000187e+03 7.233659233136928712e-01 3.060432190420937781e-03
6.691940655000000334e+03 7.145486497089810207e-01 3.060432190420937781e-03
6.699937624999999571e+03 6.907674900989009270e-01 3.060432190420937781e-03
6.707934594999999717e+03 6.758209782283232103e-01 3.060432190420937781e-03
6.715931564999999864e+03 6.669974064677626213e-01 3.060432190420937781e-03
6.723928535000000011e+03 6.519849679176547008e-01 3.060432190420937781e-03
6.731925505000000157e+03 6.412149609941860673e-01 3.060432190420937781e-03
6.739922474999999395e+03 6.275101247266723359e-01 3.060432190420937781e-03
6.747919444999999541e+03 6.159086616099958000e-01 3.060432190420937781e-03
6.755916414999999688e+03 6.046395786166333108e-01 3.060432190420937781e-03
6.763913384999999835e+03 5.956188988231999604e-01 3.060432190420937781e-03
6.771910354999999981e+03 5.806486882971616525e-01 3.060432190420937781e-03
6.779907325000000128e+03 5.868744397703292703e-01 3.060432190420937781e-03
6.787904295000000275e+03 5.691081107760206370e-01 3.060432190420937781e-03
6.795901264999999512e+03 5.729120254262565215e-01 3.060432190420937781e-03
6.803898234999999659e+03 5.742114010094649945e-01 3.060432190420937781e-03
6.811895204999999805e+03 5.646884499856207329e-01 3.060432190420937781e-03
6.819892174999999952e+03 5.636032844159125643e-01 3.060432190420937781e-03
6.827889145000000099e+03 5.600798612693019818e-01 3.060432190420937781e-03
6.835886114999999336e+03 5.550438887654165487e-01 3.060432190420937781e-03
6.843883084999999483e+03 5.491650799497485025e-01 3.060432190420937781e-03
6.851880054999999629e+03 5.519398002896037658e-01 3.060432190420937781e-03
6.859877024999999776e+03 5.486701590911617910e-01 3.060432190420937781e-03
6.867873994999999923e+03 5.379299557897937456e-01 3.060432190420937781e-03
6.875870965000000069e+03 5.406047197985233144e-01 3.060432190420937781e-03
6.883867935000000216e+03 5.423735420918383010e-01 3.060432190420937781e-03
6.891864904999999453e+03 5.366724558798886546e-01 3.060432190420937781e-03
6.899861874999999600e+03 5.420501319825884456e-01 3.060432190420937781e-03
6.907858844999999747e+03 5.331379525726699375e-01 3.060432190420937781e-03
6.915855814999999893e+03 5.335801254244844083e-01 3.060432190420937781e-03
6.923852784999999130e+03 5.312753467114623707e-01 3.060432190420937781e-03
6.931849754999999277e+03 5.323755720237698386e-01 3.060432190420937781e-03
6.939846724999999424e+03 5.239229210238247614e-01 3.060432190420937781e-03
6.947843694999999570e+03 5.301079450784287328e-01 3.060432190420937781e-03
6.955840664999999717e+03 5.249792102034529506e-01 3.060432190420937781e-03
6.963837634999999864e+03 5.187515708173678908e-01 3.060432190420937781e-03
6.971834605000000010e+03 5.189438974041943320e-01 3.060432190420937781e-03
6.979831575000000157e+03 5.177541683732389544e-01 3.060432190420937781e-03
6.987828544999999394e+03 5.140509887259889776e-01 3.060432190420937781e-03
6.995825514999999541e+03 5.109514008311477617e-01 3.060432190420937781e-03
