6.204125485000000481e+03 7.920698250687742137e-01 3.060432190420937781e-03
6.212122455000000627e+03 7.982036489720405470e-01 3.060432190420937781e-03
6.220119425000000774e+03 7.983335582221733340e-01 3.060432190420937781e-03
6.228116395000000011e+03 7.906389979656912592e-01 3.060432190420937781e-03
6.236113365000000158e+03 7.949302985575642522e-01 3.060432190420937781e-03
6.244110335000000305e+03 7.899619690799437599e-01 3.060432190420937781e-03
6.252107305000000451e+03 7.921191192627098365e-01 3.060432190420937781e-03
6.260104275000000598e+03 7.884778872795783489e-01 3.060432190420937781e-03
6.268101244999999835e+03 7.831814809924251275e-01 3.060432190420937781e-03
6.276098214999999982e+03 7.768379777680270992e-01 3.060432190420937781e-03
6.284095185000000129e+03 7.803638830172374696e-01 3.060432190420937781e-03
6.292092155000000275e+03 7.806914289511398541e-01 3.060432190420937781e-03
6.300089125000000422e+03 7.793660089685923165e-01 3.060432190420937781e-03
6.308086095000000569e+03 7.765198211819757113e-01 3.060432190420937781e-03
6.316083065000000715e+03 7.707626676009028399e-01 3.060432190420937781e-03
6.324080034999999953e+03 7.773996544810123366e-01 3.060432190420937781e-03
6.332077005000000099e+03 7.721603637292230315e-01 3.060432190420937781e-03
6.340073975000000246e+03 7.736150696118141434e-01 3.060432190420937781e-03
6.348070945000000393e+03 7.764830452355494517e-01 3.060432190420937781e-03
6.356067915000000539e+03 7.761822417230131999e-01 3.060432190420937781e-03
6.364064884999999776e+03 7.814275768828384816e-01 3.060432190420937781e-03
6.372061854999999923e+03 7.813771541801781684e-01 3.060432190420937781e-03
6.380058825000000070e+03 7.914308312195716955e-01 3.060432190420937781e-03
6.388055795000000217e+03 7.946917952994678735e-01 3.060432190420937781e-03
6.396052765000000363e+03 8.049337606166540038e-01 3.060432190420937781e-03
6.404049735000000510e+03 7.986420625262312667e-01 3.060432190420937781e-03
6.412046705000000657e+03 8.102739897360392574e-01 3.060432190420937781e-03
6.420043674999999894e+03 8.165820530550816914e-01 3.060432190420937781e-03
6.428040645000000040e+03 8.167855104608654493e-01 3.060432190420937781e-03
6.436037615000000187e+03 8.238388698514331754e-01 3.060432190420937781e-03
6.444034585000000334e+03 8.251203013527778074e-01 3.060432190420937781e-03
6.452031555000000481e+03 8.358707364667571360e-01 3.060432190420937781e-03
6.460028524999999718e+03 8.365074002653666296e-01 3.060432190420937781e-03
6.468025494999999864e+03 8.403150498117645251e-01 3.060432190420937781e-03
6.476022465000000011e+03 8.464574412037658702e-01 3.060432190420937781e-03
6.484019435000000158e+03 8.485388683335781668e-01 3.060432190420937781e-03
6.492016405000000304e+03 8.576412530319932337e-01 3.060432190420937781e-03
6.500013375000000451e+03 8.624684840169454247e-01 3.060432190420937781e-03
6.508010345000000598e+03 8.770902034485235088e-01 3.060432190420937781e-03
6.516007314999999835e+03 8.905640669168226609e-01 3.060432190420937781e-03
6.524004284999999982e+03 8.932173091860671210e-01 3.060432190420937781e-03
6.532001255000000128e+03 8.908896579580799502e-01 3.060432190420937781e-03
6.539998225000000275e+03 8.745477932411676036e-01 3.060432190420937781e-03
6.547995194999999512e+03 8.751076420804221323e-01 3.060432190420937781e-03
6.555992164999999659e+03 8.826362292779843521e-01 3.060432190420937781e-03
6.563989134999999806e+03 8.815636857283103422e-01 3.060432190420937781e-03
6.571986104999999952e+03 8.830137780066170672e-01 3.060432190420937781e-03
6.579983075000000099e+03 8.891758531743526595e-01 3.060432190420937781e-03
6.587980045000000246e+03 8.924417408921421213e-01 3.060432190420937781e-03
6.595977015000000392e+03 9.152673710464230838e-01 3.060432190420937781e-03
6.603973985000000539e+03 9.143474143596211912e-01 3.060432190420937781e-03
6.611970954999999776e+03 9.049573201247957943e-01 3.060432190420937781e-03
6.619967924999999923e+03 8.955178943811615833e-01 3.060432190420937781e-03
6.627964895000000070e+03 8.815417977343507072e-01 3.060432190420937781e-03
6.635961865000000216e+03 8.674648844113179713e-01 3.060432190420937781e-03
6.643958834999999453e+03 8.644388605775152890e-01 3.060432190420937781e-03
6.651955804999999600e+03 8.551651142357360458e-01 3.060432190420937781e-03
6.659952774999999747e+03 8.404899424556586673e-01 3.060432190420937781e-03
6.667949744999999893e+03 8.292178594504823197e-01 3.060432190420937781e-03
6.675946715000000040e+03 8.177824943418908754e-01 3.060432190420937781e-03
6.683943685000000187e+03 8.036055064619309629e-01 3.060432190420937781e-03
6.691940655000000334e+03 7.873731595949604589e-01 3.060432190420937781e-03
6.699937624999999571e+03 7.738207397789732545e-01 3.060432190420937781e-03
6.707934594999999717e+03 7.621844145773035706e-01 3.060432190420937781e-03
6.715931564999999864e+03 7.449519785987599452e-01 3.060432190420937781e-03
6.723928535000000011e+03 7.411992242138171205e-01 3.060432190420937781e-03
6.731925505000000157e+03 7.292931691994506416e-01 3.060432190420937781e-03
6.739922474999999395e+03 7.182960121968433587e-01 3.060432190420937781e-03
6.747919444999999541e+03 7.034020458617274985e-01 3.060432190420937781e-03
6.755916414999999688e+03 6.982146257751935536e-01 3.060432190420937781e-03
6.763913384999999835e+03 6.930116847712589623e-01 3.060432190420937781e-03
6.771910354999999981e+03 6.838987633380306796e-01 3.060432190420937781e-03
6.779907325000000128e+03 6.717101226498174427e-01 3.060432190420937781e-03
6.787904295000000275e+03 6.699256203621657413e-01 3.060432190420937781e-03
6.795901264999999512e+03 6.656540849176735275e-01 3.060432190420937781e-03
6.803898234999999659e+03 6.613820463945767614e-01 3.060432190420937781e-03
6.811895204999999805e+03 6.557981458241093353e-01 3.060432190420937781e-03
6.819892174999999952e+03 6.550285857097002395e-01 3.060432190420937781e-03
6.827889145000000099e+03 6.484686571975282199e-01 3.060432190420937781e-03
6.835886114999999336e+03 6.537731258172424509e-01 3.060432190420937781e-03
6.843883084999999483e+03 6.418058039055717368e-01 3.060432190420937781e-03
6.851880054999999629e+03 6.427659481914752559e-01 3.060432190420937781e-03
6.859877024999999776e+03 6.456029832218413977e-01 3.060432190420937781e-03
6.867873994999999923e+03 6.358834332119550625e-01 3.060432190420937781e-03
6.875870965000000069e+03 6.387063278366569286e-01 3.060432190420937781e-03
6.883867935000000216e+03 6.293632373085203957e-01 3.060432190420937781e-03
6.891864904999999453e+03 6.330951779844431471e-01 3.060432190420937781e-03
6.899861874999999600e+03 6.311286610430600907e-01 3.060432190420937781e-03
6.907858844999999747e+03 6.294333694462295181e-01 3.060432190420937781e-03
6.915855814999999893e+03 6.187214863188323921e-01 3.060432190420937781e-03
6.923852784999999130e+03 6.210458405570207230e-01 3.060432190420937781e-03
6.931849754999999277e+03 6.205881521131350054e-01 3.060432190420937781e-03
6.939846724999999424e+03 6.197080912363579497e-01 3.060432190420937781e-03
6.947843694999999570e+03 6.082034417700451501e-01 3.060432190420937781e-03
6.955840664999999717e+03 6.143075487006742774e-01 3.060432190420937781e-03
6.963837634999999864e+03 6.085138693895811857e-01 3.060432190420937781e-03
6.971834605000000010e+03 6.015252408061931844e-01 3.060432190420937781e-03
6.979831575000000157e+03 6.056674475418931669e-01 3.060432190420937781e-03
6.987828544999999394e+03 6.003534507164118850e-01 3.060432190420937781e-03
6.995825514999999541e+03 5.987404414471886316e-01 3.060432190420937781e-03
