6.204125485000000481e+03 6.769354092472432693e-01 3.060432190420937781e-03
6.212122455000000627e+03 6.768259080881081635e-01 3.060432190420937781e-03
6.220119425000000774e+03 6.735770246771092262e-01 3.060432190420937781e-03
6.228116395000000011e+03 6.766650520626148468e-01 3.060432190420937781e-03
6.236113365000000158e+03 6.710595399731160704e-01 3.060432190420937781e-03
6.244110335000000305e+03 6.702485855952883265e-01 3.060432190420937781e-03
6.252107305000000451e+03 6.720951434358790610e-01 3.060432190420937781e-03
6.260104275000000598e+03 6.695778296985066547e-01 3.060432190420937781e-03
6.268101244999999835e+03 6.743008857381542764e-01 3.060432190420937781e-03
6.276098214999999982e+03 6.672614358464489248e-01 3.060432190420937781e-03
6.284095185000000129e+03 6.690976103527008778e-01 3.060432190420937781e-03
6.292092155000000275e+03 6.707666460983144896e-01 3.060432190420937781e-03
6.300089125000000422e+03 6.619656669930158444e-01 3.060432190420937781e-03
6.308086095000000569e+03 6.609801187057732230e-01 3.060432190420937781e-03
6.316083065000000715e+03 6.641099647632977554e-01 3.060432190420937781e-03
6.324080034999999953e+03 6.590516262387863256e-01 3.060432190420937781e-03
6.332077005000000099e+03 6.562489928380875748e-01 3.060432190420937781e-03
6.340073975000000246e+03 6.583497371048930846e-01 3.060432190420937781e-03
6.348070945000000393e+03 6.640108968881396345e-01 3.060432190420937781e-03
6.356067915000000539e+03 6.640751488039414729e-01 3.060432190420937781e-03
6.364064884999999776e+03 6.729701282736907375e-01 3.060432190420937781e-03
6.372061854999999923e+03 6.750819640568574975e-01 3.060432190420937781e-03
6.380058825000000070e+03 6.814620165343620029e-01 3.060432190420937781e-03
6.388055795000000217e+03 6.842359743872030720e-01 3.060432190420937781e-03
6.396052765000000363e+03 6.901553979850181264e-01 3.060432190420937781e-03
6.404049735000000510e+03 6.989565990703419107e-01 3.060432190420937781e-03
6.412046705000000657e+03 7.038920821840687347e-01 3.060432190420937781e-03
6.420043674999999894e+03 7.112374806823154039e-01 3.060432190420937781e-03
6.428040645000000040e+03 7.137557518429282766e-01 3.060432190420937781e-03
6.436037615000000187e+03 7.180528293875411139e-01 3.060432190420937781e-03
6.444034585000000334e+03 7.236351032509591441e-01 3.060432190420937781e-03
6.452031555000000481e+03 7.261958801250915085e-01 3.060432190420937781e-03
6.460028524999999718e+03 7.373274332842751910e-01 3.060432190420937781e-03
6.468025494999999864e+03 7.361865172259799417e-01 3.060432190420937781e-03
6.476022465000000011e+03 7.400770169846637714e-01 3.060432190420937781e-03
6.484019435000000158e+03 7.435780646701883878e-01 3.060432190420937781e-03
6.492016405000000304e+03 7.397208569628478392e-01 3.060432190420937781e-03
6.500013375000000451e+03 7.553425571060464749e-01 3.060432190420937781e-03
6.508010345000000598e+03 7.734875234944412759e-01 3.060432190420937781e-03
6.516007314999999835e+03 7.715118094374422419e-01 3.060432190420937781e-03
6.524004284999999982e+03 7.844039413949548400e-01 3.060432190420937781e-03
6.532001255000000128e+03 7.865915577212106991e-01 3.060432190420937781e-03
6.539998225000000275e+03 7.781093272001697869e-01 3.060432190420937781e-03
6.547995194999999512e+03 7.717337099447489912e-01 3.060432190420937781e-03
6.555992164999999659e+03 7.686799114104932995e-01 3.060432190420937781e-03
6.563989134999999806e+03 7.718840278186204218e-01 3.060432190420937781e-03
6.571986104999999952e+03 7.759049188781392825e-01 3.060432190420937781e-03
6.579983075000000099e+03 7.789200447823656503e-01 3.060432190420937781e-03
6.587980045000000246e+03 7.911215270243090458e-01 3.060432190420937781e-03
6.595977015000000392e+03 8.067528324751923607e-01 3.060432190420937781e-03
6.603973985000000539e+03 8.125617601178150018e-01 3.060432190420937781e-03
6.611970954999999776e+03 8.030395728836686731e-01 3.060432190420937781e-03
6.619967924999999923e+03 7.887823615699973701e-01 3.060432190420937781e-03
6.627964895000000070e+03 7.769169341903058301e-01 3.060432190420937781e-03
6.635961865000000216e+03 7.766334703473305456e-01 3.060432190420937781e-03
6.643958834999999453e+03 7.720342372649554585e-01 3.060432190420937781e-03
6.651955804999999600e+03 7.574945130122781034e-01 3.060432190420937781e-03
6.659952774999999747e+03 7.466262936654870508e-01 3.060432190420937781e-03
6.667949744999999893e+03 7.345109879230519168e-01 3.060432190420937781e-03
6.675946715000000040e+03 7.182746468832966746e-01 3.060432190420937781e-03
6.683943685000000187e+03 7.049973496123993488e-01 3.060432190420937781e-03
6.691940655000000334e+03 6.869834284423566029e-01 3.060432190420937781e-03
6.699937624999999571e+03 6.752714152877898890e-01 3.060432190420937781e-03
6.707934594999999717e+03 6.642233966719409688e-01 3.060432190420937781e-03
6.715931564999999864e+03 6.612119383567965913e-01 3.060432190420937781e-03
6.723928535000000011e+03 6.485581984331030281e-01 3.060432190420937781e-03
6.731925505000000157e+03 6.304776253684590825e-01 3.060432190420937781e-03
6.739922474999999395e+03 6.231123824958687552e-01 3.060432190420937781e-03
6.747919444999999541e+03 6.097785360544990541e-01 3.060432190420937781e-03
6.755916414999999688e+03 6.009998035540209393e-01 3.060432190420937781e-03
6.763913384999999835e+03 5.909094794848177568e-01 3.060432190420937781e-03
6.771910354999999981e+03 5.897071053327875845e-01 3.060432190420937781e-03
6.779907325000000128e+03 5.722777146017020700e-01 3.060432190420937781e-03
6.787904295000000275e+03 5.708687877584018855e-01 3.060432190420937781e-03
6.795901264999999512e+03 5.659220242547917668e-01 3.060432190420937781e-03
6.803898234999999659e+03 5.608532076979532155e-01 3.060432190420937781e-03
6.811895204999999805e+03 5.594624313120435399e-01 3.060432190420937781e-03
6.819892174999999952e+03 5.527338276131543715e-01 3.060432190420937781e-03
6.827889145000000099e+03 5.537566230713945048e-01 3.060432190420937781e-03
6.835886114999999336e+03 5.540001325066649107e-01 3.060432190420937781e-03
6.843883084999999483e+03 5.484153714301658322e-01 3.060432190420937781e-03
6.851880054999999629e+03 5.534089909796172657e-01 3.060432190420937781e-03
6.859877024999999776e+03 5.474747994310015242e-01 3.060432190420937781e-03
6.867873994999999923e+03 5.455391990521873957e-01 3.060432190420937781e-03
6.875870965000000069e+03 5.379700299911810424e-01 3.060432190420937781e-03
6.883867935000000216e+03 5.413686106340324100e-01 3.060432190420937781e-03
6.891864904999999453e+03 5.382003721629935455e-01 3.060432190420937781e-03
6.899861874999999600e+03 5.338566322814241039e-01 3.060432190420937781e-03
6.907858844999999747e+03 5.369546061279637517e-01 3.060432190420937781e-03
6.915855814999999893e+03 5.311227825424411630e-01 3.060432190420937781e-03
6.923852784999999130e+03 5.288412705582277162e-01 3.060432190420937781e-03
6.931849754999999277e+03 5.296687845031935460e-01 3.060432190420937781e-03
6.939846724999999424e+03 5.203566788946701882e-01 3.060432190420937781e-03
6.947843694999999570e+03 5.250370610400459936e-01 3.060432190420937781e-03
6.955840664999999717e+03 5.171914510580432056e-01 3.060432190420937781e-03
6.963837634999999864e+03 5.150446482954923466e-01 3.060432190420937781e-03
6.971834605000000010e+03 5.121556717736699404e-01 3.060432190420937781e-03
6.979831575000000157e+03 5.116680389960307496e-01 3.060432190420937781e-03
6.987828544999999394e+03 5.156808890054402905e-01 3.060432190420937781e-03
6.995825514999999541e+03 5.092388605648469069e-01 3.060432190420937781e-03
