6.204125485000000481e+03 6.196032634526704719e-01 3.060432190420937781e-03
6.212122455000000627e+03 6.202262907534236147e-01 3.060432190420937781e-03
6.220119425000000774e+03 6.139530336862681903e-01 3.060432190420937781e-03
6.228116395000000011e+03 6.158429105245873947e-01 3.060432190420937781e-03
6.236113365000000158e+03 6.106767369149702640e-01 3.060432190420937781e-03
6.244110335000000305e+03 6.141387783986324012e-01 3.060432190420937781e-03
6.252107305000000451e+03 6.108522188293815658e-01 3.060432190420937781e-03
6.260104275000000598e+03 6.121746032732948706e-01 3.060432190420937781e-03
6.268101244999999835e+03 6.084869390655488486e-01 3.060432190420937781e-03
6.276098214999999982e+03 6.142354928500034505e-01 3.060432190420937781e-03
6.284095185000000129e+03 6.106003343192007993e-01 3.060432190420937781e-03
6.292092155000000275e+03 6.074863279181067499e-01 3.060432190420937781e-03
6.300089125000000422e+03 6.108698022704061037e-01 3.060432190420937781e-03
6.308086095000000569e+03 6.012009350981001310e-01 3.060432190420937781e-03
6.316083065000000715e+03 6.072046075040502533e-01 3.060432190420937781e-03
6.324080034999999953e+03 6.044028481790336693e-01 3.060432190420937781e-03
6.332077005000000099e+03 6.051505484251445965e-01 3.060432190420937781e-03
6.340073975000000246e+03 6.087168929644897197e-01 3.060432190420937781e-03
6.348070945000000393e+03 5.999191696964472076e-01 3.060432190420937781e-03
6.356067915000000539e+03 6.105292851454152681e-01 3.060432190420937781e-03
6.364064884999999776e+03 6.172715570326098300e-01 3.060432190420937781e-03
6.372061854999999923e+03 6.166611300451511068e-01 3.060432190420937781e-03
6.380058825000000070e+03 6.224128224430967027e-01 3.060432190420937781e-03
6.388055795000000217e+03 6.269897013786741580e-01 3.060432190420937781e-03
6.396052765000000363e+03 6.263700450007215759e-01 3.060432190420937781e-03
6.404049735000000510e+03 6.341454279009938189e-01 3.060432190420937781e-03
6.412046705000000657e+03 6.433881999756052572e-01 3.060432190420937781e-03
6.420043674999999894e+03 6.501077638662655644e-01 3.060432190420937781e-03
6.428040645000000040e+03 6.526114976019936620e-01 3.060432190420937781e-03
6.436037615000000187e+03 6.574175821673214903e-01 3.060432190420937781e-03
6.444034585000000334e+03 6.657833709538538702e-01 3.060432190420937781e-03
6.452031555000000481e+03 6.700787580235100238e-01 3.060432190420937781e-03
6.460028524999999718e+03 6.723763544299721229e-01 3.060432190420937781e-03
6.468025494999999864e+03 6.796967713458851312e-01 3.060432190420937781e-03
6.476022465000000011e+03 6.832235111601731026e-01 3.060432190420937781e-03
6.484019435000000158e+03 6.799535040107518302e-01 3.060432190420937781e-03
6.492016405000000304e+03 6.892393073156515282e-01 3.060432190420937781e-03
6.500013375000000451e+03 6.993163726955502479e-01 3.060432190420937781e-03
6.508010345000000598e+03 7.141627225475376539e-01 3.060432190420937781e-03
6.516007314999999835e+03 7.292071667620229070e-01 3.060432190420937781e-03
6.524004284999999982e+03 7.481159620017281409e-01 3.060432190420937781e-03
6.532001255000000128e+03 7.354849252089498135e-01 3.060432190420937781e-03
6.539998225000000275e+03 7.280143063989837904e-01 3.060432190420937781e-03
6.547995194999999512e+03 7.223626777875206129e-01 3.060432190420937781e-03
6.555992164999999659e+03 7.203907653551894219e-01 3.060432190420937781e-03
6.563989134999999806e+03 7.139603097589658498e-01 3.060432190420937781e-03
6.571986104999999952e+03 7.259667779960459200e-01 3.060432190420937781e-03
6.579983075000000099e+03 7.281153045050359207e-01 3.060432190420937781e-03
6.587980045000000246e+03 7.349649382441659773e-01 3.060432190420937781e-03
6.595977015000000392e+03 7.589923803574134542e-01 3.060432190420937781e-03
6.603973985000000539e+03 7.551332338177997316e-01 3.060432190420937781e-03
6.611970954999999776e+03 7.535853272022874361e-01 3.060432190420937781e-03
6.619967924999999923e+03 7.367105692628969082e-01 3.060432190420937781e-03
6.627964895000000070e+03 7.272104083974214594e-01 3.060432190420937781e-03
6.635961865000000216e+03 7.155574241496720500e-01 3.060432190420937781e-03
6.643958834999999453e+03 7.036608761777640719e-01 3.060432190420937781e-03
6.651955804999999600e+03 7.021680019831808561e-01 3.060432190420937781e-03
6.659952774999999747e+03 6.813609672517411120e-01 3.060432190420937781e-03
6.667949744999999893e+03 6.714092934670985446e-01 3.060432190420937781e-03
6.675946715000000040e+03 6.606709200167429907e-01 3.060432190420937781e-03
6.683943685000000187e+03 6.461818708788119592e-01 3.060432190420937781e-03
6.691940655000000334e+03 6.307822690927602505e-01 3.060432190420937781e-03
6.699937624999999571e+03 6.184902900809042814e-01 3.060432190420937781e-03
6.707934594999999717e+03 6.109788354682688105e-01 3.060432190420937781e-03
6.715931564999999864e+03 5.970922264433738968e-01 3.060432190420937781e-03
6.723928535000000011e+03 5.906280913462597093e-01 3.060432190420937781e-03
6.731925505000000157e+03 5.769588595913512918e-01 3.060432190420937781e-03
6.739922474999999395e+03 5.698385780599343198e-01 3.060432190420937781e-03
6.747919444999999541e+03 5.673753402260410805e-01 3.060432190420937781e-03
6.755916414999999688e+03 5.471577653608559189e-01 3.060432190420937781e-03
6.763913384999999835e+03 5.452953654815186901e-01 3.060432190420937781e-03
6.771910354999999981e+03 5.392645673938410988e-01 3.060432190420937781e-03
6.779907325000000128e+03 5.308753952234734896e-01 3.060432190420937781e-03
6.787904295000000275e+03 5.264239637008801820e-01 3.060432190420937781e-03
6.795901264999999512e+03 5.149482167445621483e-01 3.060432190420937781e-03
6.803898234999999659e+03 5.138450293962443238e-01 3.060432190420937781e-03
6.811895204999999805e+03 5.118543781456116326e-01 3.060432190420937781e-03
6.819892174999999952e+03 5.123153400691751180e-01 3.060432190420937781e-03
6.827889145000000099e+03 5.058884711113227350e-01 3.060432190420937781e-03
6.835886114999999336e+03 5.020309383923305946e-01 3.060432190420937781e-03
6.843883084999999483e+03 5.042022713165016379e-01 3.060432190420937781e-03
6.851880054999999629e+03 5.010172047489124258e-01 3.060432190420937781e-03
6.859877024999999776e+03 4.984951413904745166e-01 3.060432190420937781e-03
6.867873994999999923e+03 4.953840402849644109e-01 3.060432190420937781e-03
6.875870965000000069e+03 4.953762128344417759e-01 3.060432190420937781e-03
6.883867935000000216e+03 4.961943288772227567e-01 3.060432190420937781e-03
6.891864904999999453e+03 4.858435553592371225e-01 3.060432190420937781e-03
6.899861874999999600e+03 4.868985076141515989e-01 3.060432190420937781e-03
6.907858844999999747e+03 4.823165007565666240e-01 3.060432190420937781e-03
6.915855814999999893e+03 4.881899081725280531e-01 3.060432190420937781e-03
6.923852784999999130e+03 4.841920853478143827e-01 3.060432190420937781e-03
6.931849754999999277e+03 4.860225996166970264e-01 3.060432190420937781e-03
6.939846724999999424e+03 4.799888023461418851e-01 3.060432190420937781e-03
6.947843694999999570e+03 4.796042656689820660e-01 3.060432190420937781e-03
6.955840664999999717e+03 4.687996561006224638e-01 3.060432190420937781e-03
6.963837634999999864e+03 4.709998491373439955e-01 3.060432190420937781e-03
6.971834605000000010e+03 4.755883637671765585e-01 3.060432190420937781e-03
6.979831575000000157e+03 4.656397208392039633e-01 3.060432190420937781e-03
6.987828544999999394e+03 4.675629307001671342e-01 3.060432190420937781e-03
6.995825514999999541e+03 4.622515230390218388e-01 3.060432190420937781e-03
