6.204125485000000481e+03 7.217885255404797862e-01 3.060432190420937781e-03
6.212122455000000627e+03 7.162457135749811243e-01 3.060432190420937781e-03
6.220119425000000774e+03 7.181292280865745337e-01 3.060432190420937781e-03
6.228116395000000011e+03 7.195838075595198946e-01 3.060432190420937781e-03
6.236113365000000158e+03 7.163830439272952377e-01 3.060432190420937781e-03
6.244110335000000305e+03 7.105012113249166150e-01 3.060432190420937781e-03
6.252107305000000451e+03 7.191004941818003315e-01 3.060432190420937781e-03
6.260104275000000598e+03 7.090079467088059584e-01 3.060432190420937781e-03
6.268101244999999835e+03 7.070359754096394722e-01 3.060432190420937781e-03
6.276098214999999982e+03 7.059308341223868855e-01 3.060432190420937781e-03
6.284095185000000129e+03 7.085044871786790877e-01 3.060432190420937781e-03
6.292092155000000275e+03 7.007749684349987573e-01 3.060432190420937781e-03
6.300089125000000422e+03 6.989236834226879580e-01 3.060432190420937781e-03
6.308086095000000569e+03 7.035155519071532026e-01 3.060432190420937781e-03
6.316083065000000715e+03 7.019780240913221503e-01 3.060432190420937781e-03
6.324080034999999953e+03 7.064894052734255192e-01 3.060432190420937781e-03
6.332077005000000099e+03 7.011384155786282157e-01 3.060432190420937781e-03
6.340073975000000246e+03 6.932545424208513829e-01 3.060432190420937781e-03
6.348070945000000393e+03 7.044160372779120216e-01 3.060432190420937781e-03
6.356067915000000539e+03 7.060305602351101273e-01 3.060432190420937781e-03
6.364064884999999776e+03 7.164104058434963562e-01 3.060432190420937781e-03
6.372061854999999923e+03 7.145839913144985678e-01 3.060432190420937781e-03
6.380058825000000070e+03 7.161168476602596256e-01 3.060432190420937781e-03
6.388055795000000217e+03 7.256185086195395817e-01 3.060432190420937781e-03
6.396052765000000363e+03 7.266212734590803413e-01 3.060432190420937781e-03
6.404049735000000510e+03 7.306774958241561979e-01 3.060432190420937781e-03
6.412046705000000657e+03 7.393880680411171191e-01 3.060432190420937781e-03
6.420043674999999894e+03 7.424386521397590144e-01 3.060432190420937781e-03
6.428040645000000040e+03 7.478428382834315657e-01 3.060432190420937781e-03
6.436037615000000187e+03 7.593509727505796114e-01 3.060432190420937781e-03
6.444034585000000334e+03 7.673898200642247369e-01 3.060432190420937781e-03
6.452031555000000481e+03 7.576308186449406401e-01 3.060432190420937781e-03
6.460028524999999718e+03 7.674750149450946246e-01 3.060432190420937781e-03
6.468025494999999864e+03 7.757131100531315937e-01 3.060432190420937781e-03
6.476022465000000011e+03 7.735551952542417675e-01 3.060432190420937781e-03
6.484019435000000158e+03 7.832779216195022709e-01 3.060432190420937781e-03
6.492016405000000304e+03 7.868962538594672651e-01 3.060432190420937781e-03
6.500013375000000451e+03 7.920460312461713448e-01 3.060432190420937781e-03
6.508010345000000598e+03 8.060531597811264604e-01 3.060432190420937781e-03
6.516007314999999835e+03 8.216287498788394927e-01 3.060432190420937781e-03
6.524004284999999982e+03 8.237627920256983538e-01 3.060432190420937781e-03
6.532001255000000128e+03 8.263132853208354778e-01 3.060432190420937781e-03
6.539998225000000275e+03 8.153007464518901015e-01 3.060432190420937781e-03
6.547995194999999512e+03 8.105868655143266821e-01 3.060432190420937781e-03
6.555992164999999659e+03 8.095928971141251873e-01 3.060432190420937781e-03
6.563989134999999806e+03 8.127117431954058446e-01 3.060432190420937781e-03
6.571986104999999952e+03 8.149007165246220374e-01 3.060432190420937781e-03
6.579983075000000099e+03 8.224282244633837058e-01 3.060432190420937781e-03
6.587980045000000246e+03 8.263965927389895771e-01 3.060432190420937781e-03
6.595977015000000392e+03 8.407115111617616821e-01 3.060432190420937781e-03
6.603973985000000539e+03 8.483102627601160073e-01 3.060432190420937781e-03
6.611970954999999776e+03 8.471312921946392294e-01 3.060432190420937781e-03
6.619967924999999923e+03 8.255414883758185329e-01 3.060432190420937781e-03
6.627964895000000070e+03 8.172279110443535499e-01 3.060432190420937781e-03
6.635961865000000216e+03 8.004703697464375933e-01 3.060432190420937781e-03
6.643958834999999453e+03 8.014344395124789466e-01 3.060432190420937781e-03
6.651955804999999600e+03 7.875831990565743679e-01 3.060432190420937781e-03
6.659952774999999747e+03 7.804443944060642790e-01 3.060432190420937781e-03
6.667949744999999893e+03 7.649826882774857228e-01 3.060432190420937781e-03
6.675946715000000040e+03 7.489309049622153713e-01 3.060432190420937781e-03
6.683943685000000187e+03 7.437039565097742777e-01 3.060432190420937781e-03
6.691940655000000334e+03 7.251321887515326248e-01 3.060432190420937781e-03
6.699937624999999571e+03 7.110624641961915682e-01 3.060432190420937781e-03
6.707934594999999717e+03 6.977140940291828297e-01 3.060432190420937781e-03
6.715931564999999864e+03 6.898852473123445739e-01 3.060432190420937781e-03
6.723928535000000011e+03 6.815199001554235192e-01 3.060432190420937781e-03
6.731925505000000157e+03 6.643521967955156038e-01 3.060432190420937781e-03
6.739922474999999395e+03 6.593804969252969883e-01 3.060432190420937781e-03
6.747919444999999541e+03 6.488983182834472396e-01 3.060432190420937781e-03
6.755916414999999688e+03 6.395276853587543719e-01 3.060432190420937781e-03
6.763913384999999835e+03 6.271356525878355459e-01 3.060432190420937781e-03
6.771910354999999981e+03 6.188626301110096151e-01 3.060432190420937781e-03
6.779907325000000128e+03 6.137969911358877040e-01 3.060432190420937781e-03
6.787904295000000275e+03 6.100537985083965831e-01 3.060432190420937781e-03
6.795901264999999512e+03 6.025046746588439417e-01 3.060432190420937781e-03
6.803898234999999659e+03 5.988193758461273219e-01 3.060432190420937781e-03
6.811895204999999805e+03 5.949196918567314363e-01 3.060432190420937781e-03
6.819892174999999952e+03 5.908944641177878987e-01 3.060432190420937781e-03
6.827889145000000099e+03 5.898242287889480240e-01 3.060432190420937781e-03
6.835886114999999336e+03 5.869056873243075900e-01 3.060432190420937781e-03
6.843883084999999483e+03 5.858821389624221387e-01 3.060432190420937781e-03
6.851880054999999629e+03 5.841571309442803450e-01 3.060432190420937781e-03
6.859877024999999776e+03 5.793397489055966965e-01 3.060432190420937781e-03
6.867873994999999923e+03 5.785182427152878448e-01 3.060432190420937781e-03
6.875870965000000069e+03 5.772324559979892244e-01 3.060432190420937781e-03
6.883867935000000216e+03 5.707947367832058028e-01 3.060432190420937781e-03
6.891864904999999453e+03 5.710202727328951289e-01 3.060432190420937781e-03
6.899861874999999600e+03 5.681856660129548375e-01 3.060432190420937781e-03
6.907858844999999747e+03 5.660473827909423550e-01 3.060432190420937781e-03
6.915855814999999893e+03 5.632953141904916139e-01 3.060432190420937781e-03
6.923852784999999130e+03 5.643275639362734797e-01 3.060432190420937781e-03
6.931849754999999277e+03 5.550923714909701268e-01 3.060432190420937781e-03
6.939846724999999424e+03 5.602550548870990355e-01 3.060432190420937781e-03
6.947843694999999570e+03 5.496490724122757854e-01 3.060432190420937781e-03
6.955840664999999717e+03 5.521694462060335873e-01 3.060432190420937781e-03
6.963837634999999864e+03 5.504547623345005247e-01 3.060432190420937781e-03
6.971834605000000010e+03 5.509634026504418580e-01 3.060432190420937781e-03
6.979831575000000157e+03 5.447432432856765816e-01 3.060432190420937781e-03
6.987828544999999394e+03 5.397193778683996301e-01 3.060432190420937781e-03
6.995825514999999541e+03 5.383937012928586840e-01 3.060432190420937781e-03
