6.204125485000000481e+03 6.025772315839086346e-01 3.060432190420937781e-03
6.212122455000000627e+03 5.994884911404324557e-01 3.060432190420937781e-03
6.220119425000000774e+03 5.968712222244751953e-01 3.060432190420937781e-03
6.228116395000000011e+03 6.002992435726238751e-01 3.060432190420937781e-03
6.236113365000000158e+03 5.938351986810034289e-01 3.060432190420937781e-03
6.244110335000000305e+03 5.868740780282140079e-01 3.060432190420937781e-03
6.252107305000000451e+03 5.919386828340087447e-01 3.060432190420937781e-03
6.260104275000000598e+03 5.875371743908582856e-01 3.060432190420937781e-03
6.268101244999999835e+03 5.875617746404635522e-01 3.060432190420937781e-03
6.276098214999999982e+03 5.900552970369531414e-01 3.060432190420937781e-03
6.284095185000000129e+03 5.907867567333819903e-01 3.060432190420937781e-03
6.292092155000000275e+03 5.867120751816968793e-01 3.060432190420937781e-03
6.300089125000000422e+03 5.849274139969418140e-01 3.060432190420937781e-03
6.308086095000000569e+03 5.873083993566762251e-01 3.060432190420937781e-03
6.316083065000000715e+03 5.822755097239179500e-01 3.060432190420937781e-03
6.324080034999999953e+03 5.849760307518998559e-01 3.060432190420937781e-03
6.332077005000000099e+03 5.836102836825443063e-01 3.060432190420937781e-03
6.340073975000000246e+03 5.857287900000626157e-01 3.060432190420937781e-03
6.348070945000000393e+03 5.828723392526791169e-01 3.060432190420937781e-03
6.356067915000000539e+03 5.854834854641111086e-01 3.060432190420937781e-03
6.364064884999999776e+03 5.875386858918327793e-01 3.060432190420937781e-03
6.372061854999999923e+03 5.965674047911065925e-01 3.060432190420937781e-03
6.380058825000000070e+03 6.052134690196648847e-01 3.060432190420937781e-03
6.388055795000000217e+03 6.080979243432919068e-01 3.060432190420937781e-03
6.396052765000000363e+03 6.105581737847597390e-01 3.060432190420937781e-03
6.404049735000000510e+03 6.094693879197341513e-01 3.060432190420937781e-03
6.412046705000000657e+03 6.195465891076094023e-01 3.060432190420937781e-03
6.420043674999999894e+03 6.225198390529304016e-01 3.060432190420937781e-03
6.428040645000000040e+03 6.323375396937501725e-01 3.060432190420937781e-03
6.436037615000000187e+03 6.384290913828692959e-01 3.060432190420937781e-03
6.444034585000000334e+03 6.423275114613091752e-01 3.060432190420937781e-03
6.452031555000000481e+03 6.467479922120538127e-01 3.060432190420937781e-03
6.460028524999999718e+03 6.544754838864630386e-01 3.060432190420937781e-03
6.468025494999999864e+03 6.598572741200474656e-01 3.060432190420937781e-03
6.476022465000000011e+03 6.604004080244129105e-01 3.060432190420937781e-03
6.484019435000000158e+03 6.682763404146949693e-01 3.060432190420937781e-03
6.492016405000000304e+03 6.739161204063158772e-01 3.060432190420937781e-03
6.500013375000000451e+03 6.748477597860437216e-01 3.060432190420937781e-03
6.508010345000000598e+03 6.928531965542813476e-01 3.060432190420937781e-03
6.516007314999999835e+03 7.099488638248331318e-01 3.060432190420937781e-03
6.524004284999999982e+03 7.189315616445581814e-01 3.060432190420937781e-03
6.532001255000000128e+03 7.182864474291029699e-01 3.060432190420937781e-03
6.539998225000000275e+03 7.019117037940229009e-01 3.060432190420937781e-03
6.547995194999999512e+03 7.019444469433031575e-01 3.060432190420937781e-03
6.555992164999999659e+03 6.965315415238363395e-01 3.060432190420937781e-03
6.563989134999999806e+03 7.016111582437080108e-01 3.060432190420937781e-03
6.571986104999999952e+03 7.040963436182691160e-01 3.060432190420937781e-03
6.579983075000000099e+03 7.077403148716532311e-01 3.060432190420937781e-03
6.587980045000000246e+03 7.134742242065241769e-01 3.060432190420937781e-03
6.595977015000000392e+03 7.380441511911510766e-01 3.060432190420937781e-03
6.603973985000000539e+03 7.361287284230475514e-01 3.060432190420937781e-03
6.611970954999999776e+03 7.306621146613799800e-01 3.060432190420937781e-03
6.619967924999999923e+03 7.151514980760955709e-01 3.060432190420937781e-03
6.627964895000000070e+03 7.060348926928037283e-01 3.060432190420937781e-03
6.635961865000000216e+03 6.962639157416636859e-01 3.060432190420937781e-03
6.643958834999999453e+03 6.861897384736119765e-01 3.060432190420937781e-03
6.651955804999999600e+03 6.813959659805538527e-01 3.060432190420937781e-03
6.659952774999999747e+03 6.609336119798184805e-01 3.060432190420937781e-03
6.667949744999999893e+03 6.539841578061383887e-01 3.060432190420937781e-03
6.675946715000000040e+03 6.421418680381332234e-01 3.060432190420937781e-03
6.683943685000000187e+03 6.302869036202237707e-01 3.060432190420937781e-03
6.691940655000000334e+03 6.121822046772481540e-01 3.060432190420937781e-03
6.699937624999999571e+03 6.052300274197086605e-01 3.060432190420937781e-03
6.707934594999999717e+03 5.932586166468847289e-01 3.060432190420937781e-03
6.715931564999999864e+03 5.808892868590994629e-01 3.060432190420937781e-03
6.723928535000000011e+03 5.740746511942634855e-01 3.060432190420937781e-03
6.731925505000000157e+03 5.575468082669043923e-01 3.060432190420937781e-03
6.739922474999999395e+03 5.529033076938385527e-01 3.060432190420937781e-03
6.747919444999999541e+03 5.403968970750210321e-01 3.060432190420937781e-03
6.755916414999999688e+03 5.339384942076900176e-01 3.060432190420937781e-03
6.763913384999999835e+03 5.221561960543857905e-01 3.060432190420937781e-03
6.771910354999999981e+03 5.186636605281539358e-01 3.060432190420937781e-03
6.779907325000000128e+03 5.161096269032133810e-01 3.060432190420937781e-03
6.787904295000000275e+03 5.119328165530506736e-01 3.060432190420937781e-03
6.795901264999999512e+03 5.022019678238885954e-01 3.060432190420937781e-03
6.803898234999999659e+03 4.989928673056496788e-01 3.060432190420937781e-03
6.811895204999999805e+03 4.995569901663420298e-01 3.060432190420937781e-03
6.819892174999999952e+03 4.966944601547903515e-01 3.060432190420937781e-03
6.827889145000000099e+03 4.959855328393713014e-01 3.060432190420937781e-03
6.835886114999999336e+03 4.848454386739715627e-01 3.060432190420937781e-03
6.843883084999999483e+03 4.864381341851994889e-01 3.060432190420937781e-03
6.851880054999999629e+03 4.847117310824656800e-01 3.060432190420937781e-03
6.859877024999999776e+03 4.811815823176203155e-01 3.060432190420937781e-03
6.867873994999999923e+03 4.822057643456302278e-01 3.060432190420937781e-03
6.875870965000000069e+03 4.773154344989873343e-01 3.060432190420937781e-03
6.883867935000000216e+03 4.795173912912227276e-01 3.060432190420937781e-03
6.891864904999999453e+03 4.799300108312253843e-01 3.060432190420937781e-03
6.899861874999999600e+03 4.741980041870034746e-01 3.060432190420937781e-03
6.907858844999999747e+03 4.742626608027830648e-01 3.060432190420937781e-03
6.915855814999999893e+03 4.694006449113242718e-01 3.060432190420937781e-03
6.923852784999999130e+03 4.710538446651507671e-01 3.060432190420937781e-03
6.931849754999999277e+03 4.650346599700486694e-01 3.060432190420937781e-03
6.939846724999999424e+03 4.648825718305301113e-01 3.060432190420937781e-03
6.947843694999999570e+03 4.601159292860053651e-01 3.060432190420937781e-03
6.955840664999999717e+03 4.585061918046842155e-01 3.060432190420937781e-03
6.963837634999999864e+03 4.557878781691165893e-01 3.060432190420937781e-03
6.971834605000000010e+03 4.547701241139724404e-01 3.060432190420937781e-03
6.979831575000000157e+03 4.501460313180732364e-01 3.060432190420937781e-03
6.987828544999999394e+03 4.479599795714813704e-01 3.060432190420937781e-03
6.995825514999999541e+03 4.493487961488824012e-01 3.060432190420937781e-03
