6.204125485000000481e+03 6.714345124158243028e-01 3.060432190420937781e-03
6.212122455000000627e+03 6.668232242551896949e-01 3.060432190420937781e-03
6.220119425000000774e+03 6.681886468607505236e-01 3.060432190420937781e-03
6.228116395000000011e+03 6.671832154219214939e-01 3.060432190420937781e-03
6.236113365000000158e+03 6.692427222352526073e-01 3.060432190420937781e-03
6.244110335000000305e+03 6.684035600287191459e-01 3.060432190420937781e-03
6.252107305000000451e+03 6.682974474800051912e-01 3.060432190420937781e-03
6.260104275000000598e+03 6.633615441112413746e-01 3.060432190420937781e-03
6.268101244999999835e+03 6.604730376366588773e-01 3.060432190420937781e-03
6.276098214999999982e+03 6.623309021574035338e-01 3.060432190420937781e-03
6.284095185000000129e+03 6.572289712242758153e-01 3.060432190420937781e-03
6.292092155000000275e+03 6.562258299185828037e-01 3.060432190420937781e-03
6.300089125000000422e+03 6.561405361988819074e-01 3.060432190420937781e-03
6.308086095000000569e+03 6.592484054240415059e-01 3.060432190420937781e-03
6.316083065000000715e+03 6.602530826615147230e-01 3.060432190420937781e-03
6.324080034999999953e+03 6.524487471404154526e-01 3.060432190420937781e-03
6.332077005000000099e+03 6.514220853624383967e-01 3.060432190420937781e-03
6.340073975000000246e+03 6.528598211244535099e-01 3.060432190420937781e-03
6.348070945000000393e+03 6.634524421219309964e-01 3.060432190420937781e-03
6.356067915000000539e+03 6.592647140529551697e-01 3.060432190420937781e-03
6.364064884999999776e+03 6.628236347346937452e-01 3.060432190420937781e-03
6.372061854999999923e+03 6.738922448381420294e-01 3.060432190420937781e-03
6.380058825000000070e+03 6.741311534818604789e-01 3.060432190420937781e-03
6.388055795000000217e+03 6.810204073797466728e-01 3.060432190420937781e-03
6.396052765000000363e+03 6.837466019232635306e-01 3.060432190420937781e-03
6.404049735000000510e+03 6.922142435431798413e-01 3.060432190420937781e-03
6.412046705000000657e+03 6.966224809450287658e-01 3.060432190420937781e-03
6.420043674999999894e+03 7.005266343083103031e-01 3.060432190420937781e-03
6.428040645000000040e+03 7.081051656478015710e-01 3.060432190420937781e-03
6.436037615000000187e+03 7.106632012372907647e-01 3.060432190420937781e-03
6.444034585000000334e+03 7.229969616066975746e-01 3.060432190420937781e-03
6.452031555000000481e+03 7.287302380269158331e-01 3.060432190420937781e-03
6.460028524999999718e+03 7.321516318521853472e-01 3.060432190420937781e-03
6.468025494999999864e+03 7.284602452175800158e-01 3.060432190420937781e-03
6.476022465000000011e+03 7.290333385194290861e-01 3.060432190420937781e-03
6.484019435000000158e+03 7.320850791888335873e-01 3.060432190420937781e-03
6.492016405000000304e+03 7.388659431783162201e-01 3.060432190420937781e-03
6.500013375000000451e+03 7.435789269082853092e-01 3.060432190420937781e-03
6.508010345000000598e+03 7.512601589114313860e-01 3.060432190420937781e-03
6.516007314999999835e+03 7.698317161867082037e-01 3.060432190420937781e-03
6.524004284999999982e+03 7.798848234311336336e-01 3.060432190420937781e-03
6.532001255000000128e+03 7.854972188893951657e-01 3.060432190420937781e-03
6.539998225000000275e+03 7.754928780312991821e-01 3.060432190420937781e-03
6.547995194999999512e+03 7.602772220604219200e-01 3.060432190420937781e-03
6.555992164999999659e+03 7.683486296895137846e-01 3.060432190420937781e-03
6.563989134999999806e+03 7.680652486035581816e-01 3.060432190420937781e-03
6.571986104999999952e+03 7.711065442316774599e-01 3.060432190420937781e-03
6.579983075000000099e+03 7.770505942736120053e-01 3.060432190420937781e-03
6.587980045000000246e+03 7.814987137454811883e-01 3.060432190420937781e-03
6.595977015000000392e+03 8.022035076547273658e-01 3.060432190420937781e-03
6.603973985000000539e+03 8.026750009716407952e-01 3.060432190420937781e-03
6.611970954999999776e+03 8.008258356605263417e-01 3.060432190420937781e-03
6.619967924999999923e+03 7.877231881631127086e-01 3.060432190420937781e-03
6.627964895000000070e+03 7.689637018483280739e-01 3.060432190420937781e-03
6.635961865000000216e+03 7.617743556781929604e-01 3.060432190420937781e-03
6.643958834999999453e+03 7.594426712376393107e-01 3.060432190420937781e-03
6.651955804999999600e+03 7.527920750623043888e-01 3.060432190420937781e-03
6.659952774999999747e+03 7.389580096571642942e-01 3.060432190420937781e-03
6.667949744999999893e+03 7.265583892925787657e-01 3.060432190420937781e-03
6.675946715000000040e+03 7.129253610403250008e-01 3.060432190420937781e-03
6.683943685000000187e+03 6.981734333091749178e-01 3.060432190420937781e-03
6.691940655000000334e+03 6.869093898606283277e-01 3.060432190420937781e-03
6.699937624999999571e+03 6.722035573904753258e-01 3.060432190420937781e-03
6.707934594999999717e+03 6.658073110954692009e-01 3.060432190420937781e-03
6.715931564999999864e+03 6.489335574869179446e-01 3.060432190420937781e-03
6.723928535000000011e+03 6.373270081400895792e-01 3.060432190420937781e-03
6.731925505000000157e+03 6.288351489433471331e-01 3.060432190420937781e-03
6.739922474999999395e+03 6.218449970205708333e-01 3.060432190420937781e-03
6.747919444999999541e+03 6.030179813140877920e-01 3.060432190420937781e-03
6.755916414999999688e+03 6.002109241876676382e-01 3.060432190420937781e-03
6.763913384999999835e+03 5.927598223370623698e-01 3.060432190420937781e-03
6.771910354999999981e+03 5.783748946326123797e-01 3.060432190420937781e-03
6.779907325000000128e+03 5.700766599834611315e-01 3.060432190420937781e-03
6.787904295000000275e+03 5.661413702474227261e-01 3.060432190420937781e-03
6.795901264999999512e+03 5.659730713063807483e-01 3.060432190420937781e-03
6.803898234999999659e+03 5.579209089398963206e-01 3.060432190420937781e-03
6.811895204999999805e+03 5.552008094241482894e-01 3.060432190420937781e-03
6.819892174999999952e+03 5.603550368586800445e-01 3.060432190420937781e-03
6.827889145000000099e+03 5.519334528346966362e-01 3.060432190420937781e-03
6.835886114999999336e+03 5.496711176854858216e-01 3.060432190420937781e-03
6.843883084999999483e+03 5.453956162653854634e-01 3.060432190420937781e-03
6.851880054999999629e+03 5.479046028821525915e-01 3.060432190420937781e-03
6.859877024999999776e+03 5.490506806814701157e-01 3.060432190420937781e-03
6.867873994999999923e+03 5.364466660129844078e-01 3.060432190420937781e-03
6.875870965000000069e+03 5.382936501533361895e-01 3.060432190420937781e-03
6.883867935000000216e+03 5.338629264728710355e-01 3.060432190420937781e-03
6.891864904999999453e+03 5.373053328620467362e-01 3.060432190420937781e-03
6.899861874999999600e+03 5.301338624960754142e-01 3.060432190420937781e-03
6.907858844999999747e+03 5.294618277875562384e-01 3.060432190420937781e-03
6.915855814999999893e+03 5.262436317086653936e-01 3.060432190420937781e-03
6.923852784999999130e+03 5.290627049061555898e-01 3.060432190420937781e-03
6.931849754999999277e+03 5.250152124993781033e-01 3.060432190420937781e-03
6.939846724999999424e+03 5.188834887624549363e-01 3.060432190420937781e-03
6.947843694999999570e+03 5.152222676105887578e-01 3.060432190420937781e-03
6.955840664999999717e+03 5.139459505989698584e-01 3.060432190420937781e-03
6.963837634999999864e+03 5.112506414367745666e-01 3.060432190420937781e-03
6.971834605000000010e+03 5.069116841982651556e-01 3.060432190420937781e-03
6.979831575000000157e+03 5.075412166589629015e-01 3.060432190420937781e-03
6.987828544999999394e+03 5.066175568893663828e-01 3.060432190420937781e-03
6.995825514999999541e+03 5.030849574194664608e-01 3.060432190420937781e-03
