6.204125485000000481e+03 8.328160927070223929e-01 3.060432190420937781e-03
6.212122455000000627e+03 8.276859479190148416e-01 3.060432190420937781e-03
6.220119425000000774e+03 8.314365716522312821e-01 3.060432190420937781e-03
6.228116395000000011e+03 8.242167008004246398e-01 3.060432190420937781e-03
6.236113365000000158e+03 8.258311428455611392e-01 3.060432190420937781e-03
6.244110335000000305e+03 8.240212107204142322e-01 3.060432190420937781e-03
6.252107305000000451e+03 8.247814143181988467e-01 3.060432190420937781e-03
6.260104275000000598e+03 8.162790222434526122e-01 3.060432190420937781e-03
6.268101244999999835e+03 8.174618403495592656e-01 3.060432190420937781e-03
6.276098214999999982e+03 8.164511601347167469e-01 3.060432190420937781e-03
6.284095185000000129e+03 8.134131818109023859e-01 3.060432190420937781e-03
6.292092155000000275e+03 8.129848404139397022e-01 3.060432190420937781e-03
6.300089125000000422e+03 8.087479446931722382e-01 3.060432190420937781e-03
6.308086095000000569e+03 8.125820658443637656e-01 3.060432190420937781e-03
6.316083065000000715e+03 8.018852973212529101e-01 3.060432190420937781e-03
6.324080034999999953e+03 8.132050354690824046e-01 3.060432190420937781e-03
6.332077005000000099e+03 8.084449797519588365e-01 3.060432190420937781e-03
6.340073975000000246e+03 8.070281471848276267e-01 3.060432190420937781e-03
6.348070945000000393e+03 8.090145554648899839e-01 3.060432190420937781e-03
6.356067915000000539e+03 8.122958162627330614e-01 3.060432190420937781e-03
6.364064884999999776e+03 8.156416385822071735e-01 3.060432190420937781e-03
6.372061854999999923e+03 8.224182737502457874e-01 3.060432190420937781e-03
6.380058825000000070e+03 8.249768064778197907e-01 3.060432190420937781e-03
6.388055795000000217e+03 8.313319243237212719e-01 3.060432190420937781e-03
6.396052765000000363e+03 8.364371547405813345e-01 3.060432190420937781e-03
6.404049735000000510e+03 8.344861845291228208e-01 3.060432190420937781e-03
6.412046705000000657e+03 8.378173666708421674e-01 3.060432190420937781e-03
6.420043674999999894e+03 8.437437322721050847e-01 3.060432190420937781e-03
6.428040645000000040e+03 8.531098925669430288e-01 3.060432190420937781e-03
6.436037615000000187e+03 8.619061977045796574e-01 3.060432190420937781e-03
6.444034585000000334e+03 8.563367248481181804e-01 3.060432190420937781e-03
6.452031555000000481e+03 8.671919161380916563e-01 3.060432190420937781e-03
6.460028524999999718e+03 8.719589531034585006e-01 3.060432190420937781e-03
6.468025494999999864e+03 8.711254642557261230e-01 3.060432190420937781e-03
6.476022465000000011e+03 8.752828401534892278e-01 3.060432190420937781e-03
6.484019435000000158e+03 8.766237215326228016e-01 3.060432190420937781e-03
6.492016405000000304e+03 8.862255501453745188e-01 3.060432190420937781e-03
6.500013375000000451e+03 8.913637019792893801e-01 3.060432190420937781e-03
6.508010345000000598e+03 9.022503341315815106e-01 3.060432190420937781e-03
6.516007314999999835e+03 9.128233884851166824e-01 3.060432190420937781e-03
6.524004284999999982e+03 9.272206245191402241e-01 3.060432190420937781e-03
6.532001255000000128e+03 9.266566667153406378e-01 3.060432190420937781e-03
6.539998225000000275e+03 9.098203792194470285e-01 3.060432190420937781e-03
6.547995194999999512e+03 9.051048266431829248e-01 3.060432190420937781e-03
6.555992164999999659e+03 9.080419104071751901e-01 3.060432190420937781e-03
6.563989134999999806e+03 9.027301015850185406e-01 3.060432190420937781e-03
6.571986104999999952e+03 9.086283824278708066e-01 3.060432190420937781e-03
6.579983075000000099e+03 9.115690247569590010e-01 3.060432190420937781e-03
6.587980045000000246e+03 9.207660235126620130e-01 3.060432190420937781e-03
6.595977015000000392e+03 9.442631864001647113e-01 3.060432190420937781e-03
6.603973985000000539e+03 9.399686656378275496e-01 3.060432190420937781e-03
6.611970954999999776e+03 9.355345699099283374e-01 3.060432190420937781e-03
6.619967924999999923e+03 9.229856918645861219e-01 3.060432190420937781e-03
6.627964895000000070e+03 9.083304388542000618e-01 3.060432190420937781e-03
6.635961865000000216e+03 9.044326866622823813e-01 3.060432190420937781e-03
6.643958834999999453e+03 8.951786172115819840e-01 3.060432190420937781e-03
6.651955804999999600e+03 8.834724473565506164e-01 3.060432190420937781e-03
6.659952774999999747e+03 8.775901642857428797e-01 3.060432190420937781e-03
6.667949744999999893e+03 8.567242989075271042e-01 3.060432190420937781e-03
6.675946715000000040e+03 8.535089302006120260e-01 3.060432190420937781e-03
6.683943685000000187e+03 8.367329625684284400e-01 3.060432190420937781e-03
6.691940655000000334e+03 8.134804573166657393e-01 3.060432190420937781e-03
6.699937624999999571e+03 8.076209731108333623e-01 3.060432190420937781e-03
6.707934594999999717e+03 7.916857481121416518e-01 3.060432190420937781e-03
6.715931564999999864e+03 7.795866579268184715e-01 3.060432190420937781e-03
6.723928535000000011e+03 7.681706991794778894e-01 3.060432190420937781e-03
6.731925505000000157e+03 7.588156541073874939e-01 3.060432190420937781e-03
6.739922474999999395e+03 7.475624483694996991e-01 3.060432190420937781e-03
6.747919444999999541e+03 7.310258696107153620e-01 3.060432190420937781e-03
6.755916414999999688e+03 7.293103453025043814e-01 3.060432190420937781e-03
6.763913384999999835e+03 7.197946957325613848e-01 3.060432190420937781e-03
6.771910354999999981e+03 7.108156212014611341e-01 3.060432190420937781e-03
6.779907325000000128e+03 7.060032104258608943e-01 3.060432190420937781e-03
6.787904295000000275e+03 6.933383241042889722e-01 3.060432190420937781e-03
6.795901264999999512e+03 6.934651438799211975e-01 3.060432190420937781e-03
6.803898234999999659e+03 6.897039235287144576e-01 3.060432190420937781e-03
6.811895204999999805e+03 6.877644972151606417e-01 3.060432190420937781e-03
6.819892174999999952e+03 6.831468467966808067e-01 3.060432190420937781e-03
6.827889145000000099e+03 6.820526764142981202e-01 3.060432190420937781e-03
6.835886114999999336e+03 6.807993967846598382e-01 3.060432190420937781e-03
6.843883084999999483e+03 6.744980609958313167e-01 3.060432190420937781e-03
6.851880054999999629e+03 6.665326373586957232e-01 3.060432190420937781e-03
6.859877024999999776e+03 6.700850137730153255e-01 3.060432190420937781e-03
6.867873994999999923e+03 6.664279445828227288e-01 3.060432190420937781e-03
6.875870965000000069e+03 6.672021157388541290e-01 3.060432190420937781e-03
6.883867935000000216e+03 6.579593102053519216e-01 3.060432190420937781e-03
6.891864904999999453e+03 6.543475940344087860e-01 3.060432190420937781e-03
6.899861874999999600e+03 6.580971999873064249e-01 3.060432190420937781e-03
6.907858844999999747e+03 6.550279674883536796e-01 3.060432190420937781e-03
6.915855814999999893e+03 6.534045658758940167e-01 3.060432190420937781e-03
6.923852784999999130e+03 6.468129941052311871e-01 3.060432190420937781e-03
6.931849754999999277e+03 6.487797994958478531e-01 3.060432190420937781e-03
6.939846724999999424e+03 6.433536591035609042e-01 3.060432190420937781e-03
6.947843694999999570e+03 6.364120778923179067e-01 3.060432190420937781e-03
6.955840664999999717e+03 6.400756569147801889e-01 3.060432190420937781e-03
6.963837634999999864e+03 6.338413442508369355e-01 3.060432190420937781e-03
6.971834605000000010e+03 6.315718949622098899e-01 3.060432190420937781e-03
6.979831575000000157e+03 6.315662082768909169e-01 3.060432190420937781e-03
6.987828544999999394e+03 6.253514237787624053e-01 3.060432190420937781e-03
6.995825514999999541e+03 6.217961444055049025e-01 3.060432190420937781e-03
