6.204125485000000481e+03 7.335440837220760235e-01 3.060432190420937781e-03
6.212122455000000627e+03 7.340765113827721899e-01 3.060432190420937781e-03
6.220119425000000774e+03 7.317055220544148586e-01 3.060432190420937781e-03
6.228116395000000011e+03 7.326052465051201557e-01 3.060432190420937781e-03
6.236113365000000158e+03 7.323071270918815046e-01 3.060432190420937781e-03
6.244110335000000305e+03 7.318078248595457636e-01 3.060432190420937781e-03
6.252107305000000451e+03 7.272078723015313884e-01 3.060432190420937781e-03
6.260104275000000598e+03 7.268969602293648968e-01 3.060432190420937781e-03
6.268101244999999835e+03 7.255978300199472653e-01 3.060432190420937781e-03
6.276098214999999982e+03 7.222878372389301971e-01 3.060432190420937781e-03
6.284095185000000129e+03 7.247397542045742602e-01 3.060432190420937781e-03
6.292092155000000275e+03 7.205897394333384831e-01 3.060432190420937781e-03
6.300089125000000422e+03 7.144155453557168300e-01 3.060432190420937781e-03
6.308086095000000569e+03 7.169080345819847100e-01 3.060432190420937781e-03
6.316083065000000715e+03 7.120994972865460904e-01 3.060432190420937781e-03
6.324080034999999953e+03 7.192455205199591584e-01 3.060432190420937781e-03
6.332077005000000099e+03 7.173855299877726077e-01 3.060432190420937781e-03
6.340073975000000246e+03 7.160723083829058089e-01 3.060432190420937781e-03
6.348070945000000393e+03 7.167019790524163936e-01 3.060432190420937781e-03
6.356067915000000539e+03 7.212818823650307687e-01 3.060432190420937781e-03
6.364064884999999776e+03 7.220362400668809411e-01 3.060432190420937781e-03
6.372061854999999923e+03 7.345974747403790639e-01 3.060432190420937781e-03
6.380058825000000070e+03 7.343080177479863746e-01 3.060432190420937781e-03
6.388055795000000217e+03 7.407602571399252156e-01 3.060432190420937781e-03
6.396052765000000363e+03 7.412527183720347690e-01 3.060432190420937781e-03
6.404049735000000510e+03 7.505891703108774626e-01 3.060432190420937781e-03
6.412046705000000657e+03 7.499663981640035670e-01 3.060432190420937781e-03
6.420043674999999894e+03 7.620616345032094063e-01 3.060432190420937781e-03
6.428040645000000040e+03 7.695245549247564654e-01 3.060432190420937781e-03
6.436037615000000187e+03 7.772495596766240133e-01 3.060432190420937781e-03
6.444034585000000334e+03 7.826020930632584527e-01 3.060432190420937781e-03
6.452031555000000481e+03 7.816060397440852681e-01 3.060432190420937781e-03
6.460028524999999718e+03 7.876710676813356571e-01 3.060432190420937781e-03
6.468025494999999864e+03 7.905684878602317056e-01 3.060432190420937781e-03
6.476022465000000011e+03 7.924080843715169964e-01 3.060432190420937781e-03
6.484019435000000158e+03 7.942112641205120172e-01 3.060432190420937781e-03
6.492016405000000304e+03 7.980314788192589548e-01 3.060432190420937781e-03
6.500013375000000451e+03 8.067602905599299268e-01 3.060432190420937781e-03
6.508010345000000598e+03 8.266526713020635464e-01 3.060432190420937781e-03
6.516007314999999835e+03 8.376838741712130387e-01 3.060432190420937781e-03
6.524004284999999982e+03 8.301935866047660539e-01 3.060432190420937781e-03
6.532001255000000128e+03 8.386741294868536034e-01 3.060432190420937781e-03
6.539998225000000275e+03 8.341573931471367720e-01 3.060432190420937781e-03
6.547995194999999512e+03 8.242953935036244628e-01 3.060432190420937781e-03
6.555992164999999659e+03 8.275272480370848838e-01 3.060432190420937781e-03
6.563989134999999806e+03 8.308679656093176380e-01 3.060432190420937781e-03
6.571986104999999952e+03 8.225731704519438914e-01 3.060432190420937781e-03
6.579983075000000099e+03 8.317687621845306634e-01 3.060432190420937781e-03
6.587980045000000246e+03 8.374679640433483341e-01 3.060432190420937781e-03
6.595977015000000392e+03 8.614284024358203062e-01 3.060432190420937781e-03
6.603973985000000539e+03 8.561055170509350720e-01 3.060432190420937781e-03
6.611970954999999776e+03 8.546092266849502073e-01 3.060432190420937781e-03
6.619967924999999923e+03 8.462561009345199725e-01 3.060432190420937781e-03
6.627964895000000070e+03 8.343294438772458355e-01 3.060432190420937781e-03
6.635961865000000216e+03 8.219661510863252030e-01 3.060432190420937781e-03
6.643958834999999453e+03 8.173373886736491345e-01 3.060432190420937781e-03
6.651955804999999600e+03 8.035897874477019309e-01 3.060432190420937781e-03
6.659952774999999747e+03 7.936752058780066621e-01 3.060432190420937781e-03
6.667949744999999893e+03 7.830690115144172125e-01 3.060432190420937781e-03
6.675946715000000040e+03 7.698661352188993501e-01 3.060432190420937781e-03
6.683943685000000187e+03 7.555103158868186064e-01 3.060432190420937781e-03
6.691940655000000334e+03 7.398948265505477240e-01 3.060432190420937781e-03
6.699937624999999571e+03 7.290494473916747653e-01 3.060432190420937781e-03
6.707934594999999717e+03 7.146747918327303051e-01 3.060432190420937781e-03
6.715931564999999864e+03 6.966610508118545875e-01 3.060432190420937781e-03
6.723928535000000011e+03 6.896581566408214181e-01 3.060432190420937781e-03
6.731925505000000157e+03 6.853193961804771028e-01 3.060432190420937781e-03
6.739922474999999395e+03 6.734198792799293010e-01 3.060432190420937781e-03
6.747919444999999541e+03 6.601391172784066841e-01 3.060432190420937781e-03
6.755916414999999688e+03 6.497513320519692215e-01 3.060432190420937781e-03
6.763913384999999835e+03 6.474229242836027076e-01 3.060432190420937781e-03
6.771910354999999981e+03 6.343071692104570447e-01 3.060432190420937781e-03
6.779907325000000128e+03 6.258250228728466924e-01 3.060432190420937781e-03
6.787904295000000275e+03 6.212954804051781244e-01 3.060432190420937781e-03
6.795901264999999512e+03 6.186800071695004455e-01 3.060432190420937781e-03
6.803898234999999659e+03 6.093339963336547038e-01 3.060432190420937781e-03
6.811895204999999805e+03 6.036226401706991096e-01 3.060432190420937781e-03
6.819892174999999952e+03 6.048589795331226204e-01 3.060432190420937781e-03
6.827889145000000099e+03 6.032388531284929023e-01 3.060432190420937781e-03
6.835886114999999336e+03 6.058316676157124991e-01 3.060432190420937781e-03
6.843883084999999483e+03 5.953922061607843652e-01 3.060432190420937781e-03
6.851880054999999629e+03 5.963292648673361729e-01 3.060432190420937781e-03
6.859877024999999776e+03 5.965542903873060077e-01 3.060432190420937781e-03
6.867873994999999923e+03 5.960943949605072012e-01 3.060432190420937781e-03
6.875870965000000069e+03 5.881907153959529122e-01 3.060432190420937781e-03
6.883867935000000216e+03 5.870354505670862810e-01 3.060432190420937781e-03
6.891864904999999453e+03 5.808130996680705982e-01 3.060432190420937781e-03
6.899861874999999600e+03 5.775358569176447521e-01 3.060432190420937781e-03
6.907858844999999747e+03 5.779510026634990805e-01 3.060432190420937781e-03
6.915855814999999893e+03 5.781878764047220232e-01 3.060432190420937781e-03
6.923852784999999130e+03 5.757991102995748678e-01 3.060432190420937781e-03
6.931849754999999277e+03 5.716891674854710503e-01 3.060432190420937781e-03
6.939846724999999424e+03 5.751598841000411522e-01 3.060432190420937781e-03
6.947843694999999570e+03 5.642846683047805234e-01 3.060432190420937781e-03
6.955840664999999717e+03 5.656143334857106630e-01 3.060432190420937781e-03
6.963837634999999864e+03 5.646996432317368253e-01 3.060432190420937781e-03
6.971834605000000010e+03 5.568747637346850299e-01 3.060432190420937781e-03
6.979831575000000157e+03 5.615614194964455574e-01 3.060432190420937781e-03
6.987828544999999394e+03 5.598755104281341044e-01 3.060432190420937781e-03
6.995825514999999541e+03 5.553316319518816213e-01 3.060432190420937781e-03
