6.204125485000000481e+03 7.008651208368840146e-01 3.060432190420937781e-03
6.212122455000000627e+03 7.023446352806232973e-01 3.060432190420937781e-03
6.220119425000000774e+03 7.034891811651580174e-01 3.060432190420937781e-03
6.228116395000000011e+03 6.978498258413237121e-01 3.060432190420937781e-03
6.236113365000000158e+03 7.019125325492140410e-01 3.060432190420937781e-03
6.244110335000000305e+03 6.974302955548206118e-01 3.060432190420937781e-03
6.252107305000000451e+03 6.984991428104114775e-01 3.060432190420937781e-03
6.260104275000000598e+03 7.003937896163889842e-01 3.060432190420937781e-03
6.268101244999999835e+03 6.958300919687804287e-01 3.060432190420937781e-03
6.276098214999999982e+03 6.959075614136732701e-01 3.060432190420937781e-03
6.284095185000000129e+03 6.946069462602406652e-01 3.060432190420937781e-03
6.292092155000000275e+03 6.921541944043044792e-01 3.060432190420937781e-03
6.300089125000000422e+03 6.914945707530263386e-01 3.060432190420937781e-03
6.308086095000000569e+03 6.882161360381237047e-01 3.060432190420937781e-03
6.316083065000000715e+03 6.838229639024457907e-01 3.060432190420937781e-03
6.324080034999999953e+03 6.891324953550345134e-01 3.060432190420937781e-03
6.332077005000000099e+03 6.864561333716480140e-01 3.060432190420937781e-03
6.340073975000000246e+03 6.929133654332192416e-01 3.060432190420937781e-03
6.348070945000000393e+03 6.898279344083425579e-01 3.060432190420937781e-03
6.356067915000000539e+03 6.942360547110996150e-01 3.060432190420937781e-03
6.364064884999999776e+03 6.962844870700398703e-01 3.060432190420937781e-03
6.372061854999999923e+03 7.045649817836022732e-01 3.060432190420937781e-03
6.380058825000000070e+03 7.081330598470502169e-01 3.060432190420937781e-03
6.388055795000000217e+03 7.069335696453260542e-01 3.060432190420937781e-03
6.396052765000000363e+03 7.174821079949977864e-01 3.060432190420937781e-03
6.404049735000000510e+03 7.251585995246644378e-01 3.060432190420937781e-03
6.412046705000000657e+03 7.303300845502536109e-01 3.060432190420937781e-03
6.420043674999999894e+03 7.273767474642448549e-01 3.060432190420937781e-03
6.428040645000000040e+03 7.345726028940775532e-01 3.060432190420937781e-03
6.436037615000000187e+03 7.393595369147801799e-01 3.060432190420937781e-03
6.444034585000000334e+03 7.478793928764002619e-01 3.060432190420937781e-03
6.452031555000000481e+03 7.600304539700982742e-01 3.060432190420937781e-03
6.460028524999999718e+03 7.603537203213522888e-01 3.060432190420937781e-03
6.468025494999999864e+03 7.686120543482061196e-01 3.060432190420937781e-03
6.476022465000000011e+03 7.662514459214880835e-01 3.060432190420937781e-03
6.484019435000000158e+03 7.687878941699093360e-01 3.060432190420937781e-03
6.492016405000000304e+03 7.738455662118335354e-01 3.060432190420937781e-03
6.500013375000000451e+03 7.779072790773894353e-01 3.060432190420937781e-03
6.508010345000000598e+03 7.950776955194938100e-01 3.060432190420937781e-03
6.516007314999999835e+03 8.066776049284145600e-01 3.060432190420937781e-03
6.524004284999999982e+03 8.167471045128636975e-01 3.060432190420937781e-03
6.532001255000000128e+03 8.136627862975739367e-01 3.060432190420937781e-03
6.539998225000000275e+03 8.021726275421866559e-01 3.060432190420937781e-03
6.547995194999999512e+03 7.972506235134969588e-01 3.060432190420937781e-03
6.555992164999999659e+03 7.968754650698892661e-01 3.060432190420937781e-03
6.563989134999999806e+03 7.982422265409667705e-01 3.060432190420937781e-03
6.571986104999999952e+03 8.036140550695898277e-01 3.060432190420937781e-03
6.579983075000000099e+03 8.018968445766702091e-01 3.060432190420937781e-03
6.587980045000000246e+03 8.088101723710504620e-01 3.060432190420937781e-03
6.595977015000000392e+03 8.370630382806001357e-01 3.060432190420937781e-03
6.603973985000000539e+03 8.302662519494014015e-01 3.060432190420937781e-03
6.611970954999999776e+03 8.301745072120236824e-01 3.060432190420937781e-03
6.619967924999999923e+03 8.245435550235149513e-01 3.060432190420937781e-03
6.627964895000000070e+03 7.962343167569976288e-01 3.060432190420937781e-03
6.635961865000000216e+03 7.939927329857864313e-01 3.060432190420937781e-03
6.643958834999999453e+03 7.923606389037891606e-01 3.060432190420937781e-03
6.651955804999999600e+03 7.835979024048010944e-01 3.060432190420937781e-03
6.659952774999999747e+03 7.698835220654703937e-01 3.060432190420937781e-03
6.667949744999999893e+03 7.588900670070873877e-01 3.060432190420937781e-03
6.675946715000000040e+03 7.443261650851149547e-01 3.060432190420937781e-03
6.683943685000000187e+03 7.293886452865998571e-01 3.060432190420937781e-03
6.691940655000000334e+03 7.166148215803032073e-01 3.060432190420937781e-03
6.699937624999999571e+03 7.026974671604006017e-01 3.060432190420937781e-03
6.707934594999999717e+03 6.864472192942361328e-01 3.060432190420937781e-03
6.715931564999999864e+03 6.713509383598478264e-01 3.060432190420937781e-03
6.723928535000000011e+03 6.669559601424767115e-01 3.060432190420937781e-03
6.731925505000000157e+03 6.517235361679519778e-01 3.060432190420937781e-03
6.739922474999999395e+03 6.469713164346115875e-01 3.060432190420937781e-03
6.747919444999999541e+03 6.301920540559295958e-01 3.060432190420937781e-03
6.755916414999999688e+03 6.244530721069084800e-01 3.060432190420937781e-03
6.763913384999999835e+03 6.140831721838813095e-01 3.060432190420937781e-03
6.771910354999999981e+03 6.027150729202790380e-01 3.060432190420937781e-03
6.779907325000000128e+03 6.024938543179713113e-01 3.060432190420937781e-03
6.787904295000000275e+03 5.951494992459953615e-01 3.060432190420937781e-03
6.795901264999999512e+03 5.932566272716955913e-01 3.060432190420937781e-03
6.803898234999999659e+03 5.832242305940535942e-01 3.060432190420937781e-03
6.811895204999999805e+03 5.851630839270474116e-01 3.060432190420937781e-03
6.819892174999999952e+03 5.847498803670501122e-01 3.060432190420937781e-03
6.827889145000000099e+03 5.810612665562540080e-01 3.060432190420937781e-03
6.835886114999999336e+03 5.691577978551672912e-01 3.060432190420937781e-03
6.843883084999999483e+03 5.747172298190674766e-01 3.060432190420937781e-03
6.851880054999999629e+03 5.762861174764367655e-01 3.060432190420937781e-03
6.859877024999999776e+03 5.697908206586723701e-01 3.060432190420937781e-03
6.867873994999999923e+03 5.672900788063057753e-01 3.060432190420937781e-03
6.875870965000000069e+03 5.645156579727584889e-01 3.060432190420937781e-03
6.883867935000000216e+03 5.574995778901724597e-01 3.060432190420937781e-03
6.891864904999999453e+03 5.591455326464582765e-01 3.060432190420937781e-03
6.899861874999999600e+03 5.509636284508906412e-01 3.060432190420937781e-03
6.907858844999999747e+03 5.564674605490281811e-01 3.060432190420937781e-03
6.915855814999999893e+03 5.509547822739455647e-01 3.060432190420937781e-03
6.923852784999999130e+03 5.526571520623120293e-01 3.060432190420937781e-03
6.931849754999999277e+03 5.529027488334360418e-01 3.060432190420937781e-03
6.939846724999999424e+03 5.481620889122780227e-01 3.060432190420937781e-03
6.947843694999999570e+03 5.485541584576015817e-01 3.060432190420937781e-03
6.955840664999999717e+03 5.422975971720600530e-01 3.060432190420937781e-03
6.963837634999999864e+03 5.364074408108948644e-01 3.060432190420937781e-03
6.971834605000000010e+03 5.355275195747196681e-01 3.060432190420937781e-03
6.979831575000000157e+03 5.390009553883988724e-01 3.060432190420937781e-03
6.987828544999999394e+03 5.333775355653043171e-01 3.060432190420937781e-03
6.995825514999999541e+03 5.238279483207166631e-01 3.060432190420937781e-03
