6.204125485000000481e+03 7.814605424332982109e-01 3.060432190420937781e-03
6.212122455000000627e+03 7.743482451286538559e-01 3.060432190420937781e-03
6.220119425000000774e+03 7.764998719312016240e-01 3.060432190420937781e-03
6.228116395000000011e+03 7.732314663357001683e-01 3.060432190420937781e-03
6.236113365000000158e+03 7.745496447285792341e-01 3.060432190420937781e-03
6.244110335000000305e+03 7.683325835192721387e-01 3.060432190420937781e-03
6.252107305000000451e+03 7.685871813268254638e-01 3.060432190420937781e-03
6.260104275000000598e+03 7.604417444629871792e-01 3.060432190420937781e-03
6.268101244999999835e+03 7.683184660764024176e-01 3.060432190420937781e-03
6.276098214999999982e+03 7.734371548656865381e-01 3.060432190420937781e-03
6.284095185000000129e+03 7.633636698724572955e-01 3.060432190420937781e-03
6.292092155000000275e+03 7.576614185124657119e-01 3.060432190420937781e-03
6.300089125000000422e+03 7.581647720098534382e-01 3.060432190420937781e-03
6.308086095000000569e+03 7.603810710580004573e-01 3.060432190420937781e-03
6.316083065000000715e+03 7.567507059860849594e-01 3.060432190420937781e-03
6.324080034999999953e+03 7.572200933740454998e-01 3.060432190420937781e-03
6.332077005000000099e+03 7.576773962214490288e-01 3.060432190420937781e-03
6.340073975000000246e+03 7.507063833988221191e-01 3.060432190420937781e-03
6.348070945000000393e+03 7.526174390806378289e-01 3.060432190420937781e-03
6.356067915000000539e+03 7.570426695185112909e-01 3.060432190420937781e-03
6.364064884999999776e+03 7.662743997180980760e-01 3.060432190420937781e-03
6.372061854999999923e+03 7.620793261230913718e-01 3.060432190420937781e-03
6.380058825000000070e+03 7.710871125538991677e-01 3.060432190420937781e-03
6.388055795000000217e+03 7.755080504695279764e-01 3.060432190420937781e-03
6.396052765000000363e+03 7.792767510126028530e-01 3.060432190420937781e-03
6.404049735000000510e+03 7.797200094675773574e-01 3.060432190420937781e-03
6.412046705000000657e+03 7.853494468410219254e-01 3.060432190420937781e-03
6.420043674999999894e+03 7.835357007411414276e-01 3.060432190420937781e-03
6.428040645000000040e+03 7.885702770779439152e-01 3.060432190420937781e-03
6.436037615000000187e+03 7.973554694942988075e-01 3.060432190420937781e-03
6.444034585000000334e+03 7.962166905514264093e-01 3.060432190420937781e-03
6.452031555000000481e+03 8.031713297807003826e-01 3.060432190420937781e-03
6.460028524999999718e+03 8.059051911754286923e-01 3.060432190420937781e-03
6.468025494999999864e+03 8.128400310684236185e-01 3.060432190420937781e-03
6.476022465000000011e+03 8.165791184177040307e-01 3.060432190420937781e-03
6.484019435000000158e+03 8.162809479243956501e-01 3.060432190420937781e-03
6.492016405000000304e+03 8.236003393733847266e-01 3.060432190420937781e-03
6.500013375000000451e+03 8.359278218790107129e-01 3.060432190420937781e-03
6.508010345000000598e+03 8.587230080301804236e-01 3.060432190420937781e-03
6.516007314999999835e+03 8.609201252468259291e-01 3.060432190420937781e-03
6.524004284999999982e+03 8.726958033054692532e-01 3.060432190420937781e-03
6.532001255000000128e+03 8.713493478637641676e-01 3.060432190420937781e-03
6.539998225000000275e+03 8.635710924459902849e-01 3.060432190420937781e-03
6.547995194999999512e+03 8.603758452712005900e-01 3.060432190420937781e-03
6.555992164999999659e+03 8.628001217704488468e-01 3.060432190420937781e-03
6.563989134999999806e+03 8.580617787232933669e-01 3.060432190420937781e-03
6.571986104999999952e+03 8.642430973462371657e-01 3.060432190420937781e-03
6.579983075000000099e+03 8.563366913482276521e-01 3.060432190420937781e-03
6.587980045000000246e+03 8.673736147679660391e-01 3.060432190420937781e-03
6.595977015000000392e+03 8.902016506772270077e-01 3.060432190420937781e-03
6.603973985000000539e+03 8.838093299123397362e-01 3.060432190420937781e-03
6.611970954999999776e+03 8.804206184430517501e-01 3.060432190420937781e-03
6.619967924999999923e+03 8.674702993485184921e-01 3.060432190420937781e-03
6.627964895000000070e+03 8.460384333323520689e-01 3.060432190420937781e-03
6.635961865000000216e+03 8.421209989246343230e-01 3.060432190420937781e-03
6.643958834999999453e+03 8.291998508983001726e-01 3.060432190420937781e-03
6.651955804999999600e+03 8.130399536755266165e-01 3.060432190420937781e-03
6.659952774999999747e+03 8.031395831853817002e-01 3.060432190420937781e-03
6.667949744999999893e+03 7.960165115491856236e-01 3.060432190420937781e-03
6.675946715000000040e+03 7.810164011830392772e-01 3.060432190420937781e-03
6.683943685000000187e+03 7.711667021282148093e-01 3.060432190420937781e-03
6.691940655000000334e+03 7.569337428243110288e-01 3.060432190420937781e-03
6.699937624999999571e+03 7.505537346415387390e-01 3.060432190420937781e-03
6.707934594999999717e+03 7.374745420977303345e-01 3.060432190420937781e-03
6.715931564999999864e+03 7.229200608767337721e-01 3.060432190420937781e-03
6.723928535000000011e+03 7.173545421586111637e-01 3.060432190420937781e-03
6.731925505000000157e+03 7.035100816594958006e-01 3.060432190420937781e-03
6.739922474999999395e+03 6.956367180814618800e-01 3.060432190420937781e-03
6.747919444999999541e+03 6.899451107243762538e-01 3.060432190420937781e-03
6.755916414999999688e+03 6.797097295152603191e-01 3.060432190420937781e-03
6.763913384999999835e+03 6.740223197427515078e-01 3.060432190420937781e-03
6.771910354999999981e+03 6.691359223290573865e-01 3.060432190420937781e-03
6.779907325000000128e+03 6.602312694525935832e-01 3.060432190420937781e-03
6.787904295000000275e+03 6.568484139724850568e-01 3.060432190420937781e-03
6.795901264999999512e+03 6.492888360016764171e-01 3.060432190420937781e-03
6.803898234999999659e+03 6.494635368749618332e-01 3.060432190420937781e-03
6.811895204999999805e+03 6.375500120997207310e-01 3.060432190420937781e-03
6.819892174999999952e+03 6.370008249548522183e-01 3.060432190420937781e-03
6.827889145000000099e+03 6.385414887638244386e-01 3.060432190420937781e-03
6.835886114999999336e+03 6.358458759992111631e-01 3.060432190420937781e-03
6.843883084999999483e+03 6.337685941454238581e-01 3.060432190420937781e-03
6.851880054999999629e+03 6.286910033236380313e-01 3.060432190420937781e-03
6.859877024999999776e+03 6.219052904151295413e-01 3.060432190420937781e-03
6.867873994999999923e+03 6.241531235076354100e-01 3.060432190420937781e-03
6.875870965000000069e+03 6.206162484699492277e-01 3.060432190420937781e-03
6.883867935000000216e+03 6.215134942164275422e-01 3.060432190420937781e-03
6.891864904999999453e+03 6.112484914680135217e-01 3.060432190420937781e-03
6.899861874999999600e+03 6.106606246960880613e-01 3.060432190420937781e-03
6.907858844999999747e+03 6.113715134980273191e-01 3.060432190420937781e-03
6.915855814999999893e+03 6.063319945189483695e-01 3.060432190420937781e-03
6.923852784999999130e+03 6.084845901564579496e-01 3.060432190420937781e-03
6.931849754999999277e+03 5.998523495138010642e-01 3.060432190420937781e-03
6.939846724999999424e+03 5.970861243782921157e-01 3.060432190420937781e-03
6.947843694999999570e+03 5.999729665409393453e-01 3.060432190420937781e-03
6.955840664999999717e+03 5.951520132136387531e-01 3.060432190420937781e-03
6.963837634999999864e+03 5.927406706492428512e-01 3.060432190420937781e-03
6.971834605000000010e+03 5.890523088406606211e-01 3.060432190420937781e-03
6.979831575000000157e+03 5.851066683887722331e-01 3.060432190420937781e-03
6.987828544999999394e+03 5.870182151257048453e-01 3.060432190420937781e-03
6.995825514999999541e+03 5.841258480460571612e-01 3.060432190420937781e-03
