6.204125485000000481e+03 6.573238209408885924e-01 3.060432190420937781e-03
6.212122455000000627e+03 6.595104369379242160e-01 3.060432190420937781e-03
6.220119425000000774e+03 6.613759965399093055e-01 3.060432190420937781e-03
6.228116395000000011e+03 6.548323324537701495e-01 3.060432190420937781e-03
6.236113365000000158e+03 6.552194589355936349e-01 3.060432190420937781e-03
6.244110335000000305e+03 6.530369619356251043e-01 3.060432190420937781e-03
6.252107305000000451e+03 6.522909949868421764e-01 3.060432190420937781e-03
6.260104275000000598e+03 6.499201572002953897e-01 3.060432190420937781e-03
6.268101244999999835e+03 6.538648639809184759e-01 3.060432190420937781e-03
6.276098214999999982e+03 6.496734974433516774e-01 3.060432190420937781e-03
6.284095185000000129e+03 6.512218030376868416e-01 3.060432190420937781e-03
6.292092155000000275e+03 6.462819618707329461e-01 3.060432190420937781e-03
6.300089125000000422e+03 6.409676847748334572e-01 3.060432190420937781e-03
6.308086095000000569e+03 6.417268308115731124e-01 3.060432190420937781e-03
6.316083065000000715e+03 6.444601942472966138e-01 3.060432190420937781e-03
6.324080034999999953e+03 6.432950747185451901e-01 3.060432190420937781e-03
6.332077005000000099e+03 6.423185316566057956e-01 3.060432190420937781e-03
6.340073975000000246e+03 6.404411049115131815e-01 3.060432190420937781e-03
6.348070945000000393e+03 6.449679461769001199e-01 3.060432190420937781e-03
6.356067915000000539e+03 6.508152568262067783e-01 3.060432190420937781e-03
6.364064884999999776e+03 6.512104072152699041e-01 3.060432190420937781e-03
6.372061854999999923e+03 6.562376593165529792e-01 3.060432190420937781e-03
6.380058825000000070e+03 6.539927817311910196e-01 3.060432190420937781e-03
6.388055795000000217e+03 6.556127096975695734e-01 3.060432190420937781e-03
6.396052765000000363e+03 6.644279106369235244e-01 3.060432190420937781e-03
6.404049735000000510e+03 6.631387407594505623e-01 3.060432190420937781e-03
6.412046705000000657e+03 6.719472625094239371e-01 3.060432190420937781e-03
6.420043674999999894e+03 6.787060575248066163e-01 3.060432190420937781e-03
6.428040645000000040e+03 6.830106310869011876e-01 3.060432190420937781e-03
6.436037615000000187e+03 6.835305950177226197e-01 3.060432190420937781e-03
6.444034585000000334e+03 6.899187043237163808e-01 3.060432190420937781e-03
6.452031555000000481e+03 6.858054558613514429e-01 3.060432190420937781e-03
6.460028524999999718e+03 6.983995584742163087e-01 3.060432190420937781e-03
6.468025494999999864e+03 6.954143127127829782e-01 3.060432190420937781e-03
6.476022465000000011e+03 7.086125248879138194e-01 3.060432190420937781e-03
6.484019435000000158e+03 7.162934442986981232e-01 3.060432190420937781e-03
6.492016405000000304e+03 7.170981369040809739e-01 3.060432190420937781e-03
6.500013375000000451e+03 7.313066862089532272e-01 3.060432190420937781e-03
6.508010345000000598e+03 7.517192902967345658e-01 3.060432190420937781e-03
6.516007314999999835e+03 7.621298758192786016e-01 3.060432190420937781e-03
6.524004284999999982e+03 7.734702279100885702e-01 3.060432190420937781e-03
6.532001255000000128e+03 7.736815036422300951e-01 3.060432190420937781e-03
6.539998225000000275e+03 7.604681140121215543e-01 3.060432190420937781e-03
6.547995194999999512e+03 7.476348926763271008e-01 3.060432190420937781e-03
6.555992164999999659e+03 7.533250662625298189e-01 3.060432190420937781e-03
6.563989134999999806e+03 7.529786025241939074e-01 3.060432190420937781e-03
6.571986104999999952e+03 7.562285258666517906e-01 3.060432190420937781e-03
6.579983075000000099e+03 7.574880199941046444e-01 3.060432190420937781e-03
6.587980045000000246e+03 7.681008703803420268e-01 3.060432190420937781e-03
6.595977015000000392e+03 7.801559031598728211e-01 3.060432190420937781e-03
6.603973985000000539e+03 7.809791877941248961e-01 3.060432190420937781e-03
6.611970954999999776e+03 7.799553944574408870e-01 3.060432190420937781e-03
6.619967924999999923e+03 7.555071320122526135e-01 3.060432190420937781e-03
6.627964895000000070e+03 7.486258008995920754e-01 3.060432190420937781e-03
6.635961865000000216e+03 7.364273511489404234e-01 3.060432190420937781e-03
6.643958834999999453e+03 7.228920176176996115e-01 3.060432190420937781e-03
6.651955804999999600e+03 7.053598493047192886e-01 3.060432190420937781e-03
6.659952774999999747e+03 6.979725156457027291e-01 3.060432190420937781e-03
6.667949744999999893e+03 6.874757790427286075e-01 3.060432190420937781e-03
6.675946715000000040e+03 6.779402468154307471e-01 3.060432190420937781e-03
6.683943685000000187e+03 6.755100485234601937e-01 3.060432190420937781e-03
6.691940655000000334e+03 6.602427160902107905e-01 3.060432190420937781e-03
6.699937624999999571e+03 6.436538495271650895e-01 3.060432190420937781e-03
6.707934594999999717e+03 6.357083259008365905e-01 3.060432190420937781e-03
6.715931564999999864e+03 6.213733080161331079e-01 3.060432190420937781e-03
6.723928535000000011e+03 6.183147471528278594e-01 3.060432190420937781e-03
6.731925505000000157e+03 6.053205536457452185e-01 3.060432190420937781e-03
6.739922474999999395e+03 5.980440044725575666e-01 3.060432190420937781e-03
6.747919444999999541e+03 5.973933820731422983e-01 3.060432190420937781e-03
6.755916414999999688e+03 5.833049726760038967e-01 3.060432190420937781e-03
6.763913384999999835e+03 5.810368152901884686e-01 3.060432190420937781e-03
6.771910354999999981e+03 5.690230830590858879e-01 3.060432190420937781e-03
6.779907325000000128e+03 5.610272187125803223e-01 3.060432190420937781e-03
6.787904295000000275e+03 5.545140295217479975e-01 3.060432190420937781e-03
6.795901264999999512e+03 5.553347965892803106e-01 3.060432190420937781e-03
6.803898234999999659e+03 5.503123742144359065e-01 3.060432190420937781e-03
6.811895204999999805e+03 5.480143028991925069e-01 3.060432190420937781e-03
6.819892174999999952e+03 5.396716585152776524e-01 3.060432190420937781e-03
6.827889145000000099e+03 5.422302036680316517e-01 3.060432190420937781e-03
6.835886114999999336e+03 5.408115263498615155e-01 3.060432190420937781e-03
6.843883084999999483e+03 5.421296231815844191e-01 3.060432190420937781e-03
6.851880054999999629e+03 5.370436415414641118e-01 3.060432190420937781e-03
6.859877024999999776e+03 5.302719222575131841e-01 3.060432190420937781e-03
6.867873994999999923e+03 5.264536015654740497e-01 3.060432190420937781e-03
6.875870965000000069e+03 5.267626673324653508e-01 3.060432190420937781e-03
6.883867935000000216e+03 5.249209062172327522e-01 3.060432190420937781e-03
6.891864904999999453e+03 5.230080568440482747e-01 3.060432190420937781e-03
6.899861874999999600e+03 5.251673061239489071e-01 3.060432190420937781e-03
6.907858844999999747e+03 5.196238278106386499e-01 3.060432190420937781e-03
6.915855814999999893e+03 5.174009641793622105e-01 3.060432190420937781e-03
6.923852784999999130e+03 5.115119935574722332e-01 3.060432190420937781e-03
6.931849754999999277e+03 5.151106795585524978e-01 3.060432190420937781e-03
6.939846724999999424e+03 5.128330637190784413e-01 3.060432190420937781e-03
6.947843694999999570e+03 5.115926096746061802e-01 3.060432190420937781e-03
6.955840664999999717e+03 5.041327096413980025e-01 3.060432190420937781e-03
6.963837634999999864e+03 5.066373340257829261e-01 3.060432190420937781e-03
6.971834605000000010e+03 5.069960573969046758e-01 3.060432190420937781e-03
6.979831575000000157e+03 5.055287428715594666e-01 3.060432190420937781e-03
6.987828544999999394e+03 4.964798364937889064e-01 3.060432190420937781e-03
6.995825514999999541e+03 4.931989134199955549e-01 3.060432190420937781e-03
