6.204125485000000481e+03 6.030859759681813648e-01 3.060432190420937781e-03
6.212122455000000627e+03 6.115618516336381871e-01 3.060432190420937781e-03
6.220119425000000774e+03 6.058555175096062007e-01 3.060432190420937781e-03
6.228116395000000011e+03 6.088573084766815136e-01 3.060432190420937781e-03
6.236113365000000158e+03 5.997886046978235797e-01 3.060432190420937781e-03
6.244110335000000305e+03 6.070914527368529434e-01 3.060432190420937781e-03
6.252107305000000451e+03 6.074409335672422694e-01 3.060432190420937781e-03
6.260104275000000598e+03 5.958064905133437783e-01 3.060432190420937781e-03
6.268101244999999835e+03 5.961857356146694764e-01 3.060432190420937781e-03
6.276098214999999982e+03 6.019279652376110512e-01 3.060432190420937781e-03
6.284095185000000129e+03 5.957829689043732113e-01 3.060432190420937781e-03
6.292092155000000275e+03 5.901548189960861279e-01 3.060432190420937781e-03
6.300089125000000422e+03 5.942036410656631462e-01 3.060432190420937781e-03
6.308086095000000569e+03 5.952859631689266795e-01 3.060432190420937781e-03
6.316083065000000715e+03 5.976061751954807599e-01 3.060432190420937781e-03
6.324080034999999953e+03 5.944725288917820372e-01 3.060432190420937781e-03
6.332077005000000099e+03 5.934865975601377741e-01 3.060432190420937781e-03
6.340073975000000246e+03 5.921096751491961019e-01 3.060432190420937781e-03
6.348070945000000393e+03 5.936635827215944738e-01 3.060432190420937781e-03
6.356067915000000539e+03 5.984912596135221197e-01 3.060432190420937781e-03
6.364064884999999776e+03 6.020650247044080361e-01 3.060432190420937781e-03
6.372061854999999923e+03 6.082459332826053444e-01 3.060432190420937781e-03
6.380058825000000070e+03 6.034939260838182440e-01 3.060432190420937781e-03
6.388055795000000217e+03 6.087886970147075028e-01 3.060432190420937781e-03
6.396052765000000363e+03 6.139564621776647524e-01 3.060432190420937781e-03
6.404049735000000510e+03 6.135180655025935792e-01 3.060432190420937781e-03
6.412046705000000657e+03 6.157400852985041029e-01 3.060432190420937781e-03
6.420043674999999894e+03 6.277377248798333698e-01 3.060432190420937781e-03
6.428040645000000040e+03 6.301869709057598135e-01 3.060432190420937781e-03
6.436037615000000187e+03 6.342979245574833502e-01 3.060432190420937781e-03
6.444034585000000334e+03 6.497428175256256822e-01 3.060432190420937781e-03
6.452031555000000481e+03 6.435724304024156295e-01 3.060432190420937781e-03
6.460028524999999718e+03 6.534775203628523377e-01 3.060432190420937781e-03
6.468025494999999864e+03 6.567935530785509179e-01 3.060432190420937781e-03
6.476022465000000011e+03 6.604548202217296327e-01 3.060432190420937781e-03
6.484019435000000158e+03 6.696049788074320830e-01 3.060432190420937781e-03
6.492016405000000304e+03 6.685305840053941129e-01 3.060432190420937781e-03
6.500013375000000451e+03 6.807008074538102305e-01 3.060432190420937781e-03
6.508010345000000598e+03 7.052293244162930463e-01 3.060432190420937781e-03
6.516007314999999835e+03 7.144216724930796403e-01 3.060432190420937781e-03
6.524004284999999982e+03 7.276021727731309952e-01 3.060432190420937781e-03
6.532001255000000128e+03 7.266059521102470331e-01 3.060432190420937781e-03
6.539998225000000275e+03 7.137948801359045303e-01 3.060432190420937781e-03
6.547995194999999512e+03 7.015575243754476054e-01 3.060432190420937781e-03
6.555992164999999659e+03 7.009028129975816146e-01 3.060432190420937781e-03
6.563989134999999806e+03 7.019691226611487478e-01 3.060432190420937781e-03
6.571986104999999952e+03 7.054829715005020985e-01 3.060432190420937781e-03
6.579983075000000099e+03 7.110912279262580071e-01 3.060432190420937781e-03
6.587980045000000246e+03 7.199700977187386552e-01 3.060432190420937781e-03
6.595977015000000392e+03 7.343139989983725746e-01 3.060432190420937781e-03
6.603973985000000539e+03 7.392689386753089620e-01 3.060432190420937781e-03
6.611970954999999776e+03 7.332271580366120922e-01 3.060432190420937781e-03
6.619967924999999923e+03 7.180187635311022776e-01 3.060432190420937781e-03
6.627964895000000070e+03 6.984573346617936052e-01 3.060432190420937781e-03
6.635961865000000216e+03 6.946426707659208999e-01 3.060432190420937781e-03
6.643958834999999453e+03 6.837469097875392698e-01 3.060432190420937781e-03
6.651955804999999600e+03 6.669959672076981594e-01 3.060432190420937781e-03
6.659952774999999747e+03 6.541992545595834985e-01 3.060432190420937781e-03
6.667949744999999893e+03 6.510422493991564474e-01 3.060432190420937781e-03
6.675946715000000040e+03 6.330515682176376391e-01 3.060432190420937781e-03
6.683943685000000187e+03 6.251955968879240322e-01 3.060432190420937781e-03
6.691940655000000334e+03 6.140792710398067511e-01 3.060432190420937781e-03
6.699937624999999571e+03 5.987979091204891358e-01 3.060432190420937781e-03
6.707934594999999717e+03 5.878906750198422682e-01 3.060432190420937781e-03
6.715931564999999864e+03 5.806180479693652252e-01 3.060432190420937781e-03
6.723928535000000011e+03 5.687681950225843552e-01 3.060432190420937781e-03
6.731925505000000157e+03 5.644355639738117825e-01 3.060432190420937781e-03
6.739922474999999395e+03 5.588299562474380311e-01 3.060432190420937781e-03
6.747919444999999541e+03 5.495800158955842507e-01 3.060432190420937781e-03
6.755916414999999688e+03 5.409932980260828694e-01 3.060432190420937781e-03
6.763913384999999835e+03 5.385664572816163398e-01 3.060432190420937781e-03
6.771910354999999981e+03 5.311789453822448603e-01 3.060432190420937781e-03
6.779907325000000128e+03 5.198019097186424853e-01 3.060432190420937781e-03
6.787904295000000275e+03 5.156243719632800371e-01 3.060432190420937781e-03
6.795901264999999512e+03 5.105909012401612657e-01 3.060432190420937781e-03
6.803898234999999659e+03 5.087794720250347069e-01 3.060432190420937781e-03
6.811895204999999805e+03 5.040481299011713157e-01 3.060432190420937781e-03
6.819892174999999952e+03 5.036351841656018236e-01 3.060432190420937781e-03
6.827889145000000099e+03 4.989286181557187616e-01 3.060432190420937781e-03
6.835886114999999336e+03 4.988258287837789018e-01 3.060432190420937781e-03
6.843883084999999483e+03 4.993368403275702527e-01 3.060432190420937781e-03
6.851880054999999629e+03 4.948369540033705216e-01 3.060432190420937781e-03
6.859877024999999776e+03 4.849648789341874378e-01 3.060432190420937781e-03
6.867873994999999923e+03 4.904985433936342454e-01 3.060432190420937781e-03
6.875870965000000069e+03 4.864134861848743996e-01 3.060432190420937781e-03
6.883867935000000216e+03 4.844741336228955420e-01 3.060432190420937781e-03
6.891864904999999453e+03 4.754292478475094508e-01 3.060432190420937781e-03
6.899861874999999600e+03 4.796297926286278157e-01 3.060432190420937781e-03
6.907858844999999747e+03 4.806297083581924645e-01 3.060432190420937781e-03
6.915855814999999893e+03 4.782892079889061732e-01 3.060432190420937781e-03
6.923852784999999130e+03 4.786022928096508866e-01 3.060432190420937781e-03
6.931849754999999277e+03 4.757223745968913731e-01 3.060432190420937781e-03
6.939846724999999424e+03 4.744058409987031988e-01 3.060432190420937781e-03
6.947843694999999570e+03 4.672885755182323297e-01 3.060432190420937781e-03
6.955840664999999717e+03 4.685307398840115045e-01 3.060432190420937781e-03
6.963837634999999864e+03 4.657074253601284908e-01 3.060432190420937781e-03
6.971834605000000010e+03 4.673121369272969505e-01 3.060432190420937781e-03
6.979831575000000157e+03 4.608242369123495830e-01 3.060432190420937781e-03
6.987828544999999394e+03 4.593672226915543888e-01 3.060432190420937781e-03
6.995825514999999541e+03 4.565833286214059372e-01 3.060432190420937781e-03
