6.204125485000000481e+03 6.632571758988251576e-01 3.060432190420937781e-03
6.212122455000000627e+03 6.687146061014258569e-01 3.060432190420937781e-03
6.220119425000000774e+03 6.634735569551386547e-01 3.060432190420937781e-03
6.228116395000000011e+03 6.628770732870127302e-01 3.060432190420937781e-03
6.236113365000000158e+03 6.652908465306384134e-01 3.060432190420937781e-03
6.244110335000000305e+03 6.596545920819126829e-01 3.060432190420937781e-03
6.252107305000000451e+03 6.601908616144297470e-01 3.060432190420937781e-03
6.260104275000000598e+03 6.561187253988270962e-01 3.060432190420937781e-03
6.268101244999999835e+03 6.588965685629232238e-01 3.060432190420937781e-03
6.276098214999999982e+03 6.607039526701397048e-01 3.060432190420937781e-03
6.284095185000000129e+03 6.526268889058564060e-01 3.060432190420937781e-03
6.292092155000000275e+03 6.511043290597338107e-01 3.060432190420937781e-03
6.300089125000000422e+03 6.465732645507794585e-01 3.060432190420937781e-03
6.308086095000000569e+03 6.522332972173247034e-01 3.060432190420937781e-03
6.316083065000000715e+03 6.540899335836067863e-01 3.060432190420937781e-03
6.324080034999999953e+03 6.504380956249493639e-01 3.060432190420937781e-03
6.332077005000000099e+03 6.499420902759964758e-01 3.060432190420937781e-03
6.340073975000000246e+03 6.544939953600317217e-01 3.060432190420937781e-03
6.348070945000000393e+03 6.514139168435388871e-01 3.060432190420937781e-03
6.356067915000000539e+03 6.570603537411593420e-01 3.060432190420937781e-03
6.364064884999999776e+03 6.577505981664872881e-01 3.060432190420937781e-03
6.372061854999999923e+03 6.603973812328740589e-01 3.060432190420937781e-03
6.380058825000000070e+03 6.749249114683156803e-01 3.060432190420937781e-03
6.388055795000000217e+03 6.750395793232437658e-01 3.060432190420937781e-03
6.396052765000000363e+03 6.833105787885987992e-01 3.060432190420937781e-03
6.404049735000000510e+03 6.827030098677844272e-01 3.060432190420937781e-03
6.412046705000000657e+03 6.940763285675807248e-01 3.060432190420937781e-03
6.420043674999999894e+03 6.956054243439590001e-01 3.060432190420937781e-03
6.428040645000000040e+03 7.086835067275319977e-01 3.060432190420937781e-03
6.436037615000000187e+03 7.074437696669388931e-01 3.060432190420937781e-03
6.444034585000000334e+03 7.236771517675314458e-01 3.060432190420937781e-03
6.452031555000000481e+03 7.370353301464330764e-01 3.060432190420937781e-03
6.460028524999999718e+03 7.418326841215061584e-01 3.060432190420937781e-03
6.468025494999999864e+03 7.445784081161356260e-01 3.060432190420937781e-03
6.476022465000000011e+03 7.444643348299686547e-01 3.060432190420937781e-03
6.484019435000000158e+03 7.470353555719188021e-01 3.060432190420937781e-03
6.492016405000000304e+03 7.467788491822938690e-01 3.060432190420937781e-03
6.500013375000000451e+03 7.521676160813897116e-01 3.060432190420937781e-03
6.508010345000000598e+03 7.638030637204682449e-01 3.060432190420937781e-03
6.516007314999999835e+03 7.745754851065931312e-01 3.060432190420937781e-03
6.524004284999999982e+03 7.889688338107840870e-01 3.060432190420937781e-03
6.532001255000000128e+03 7.824123483680893720e-01 3.060432190420937781e-03
6.539998225000000275e+03 7.687909410571134305e-01 3.060432190420937781e-03
6.547995194999999512e+03 7.645527917118996042e-01 3.060432190420937781e-03
6.555992164999999659e+03 7.717500918979524061e-01 3.060432190420937781e-03
6.563989134999999806e+03 7.587235847925644094e-01 3.060432190420937781e-03
6.571986104999999952e+03 7.718293570760539346e-01 3.060432190420937781e-03
6.579983075000000099e+03 7.739915329551870782e-01 3.060432190420937781e-03
6.587980045000000246e+03 7.841075232883314428e-01 3.060432190420937781e-03
6.595977015000000392e+03 8.044406982598351075e-01 3.060432190420937781e-03
6.603973985000000539e+03 8.123541568972469928e-01 3.060432190420937781e-03
6.611970954999999776e+03 8.058080806813560093e-01 3.060432190420937781e-03
6.619967924999999923e+03 7.817208409680996839e-01 3.060432190420937781e-03
6.627964895000000070e+03 7.755449029295541363e-01 3.060432190420937781e-03
6.635961865000000216e+03 7.775491766135145255e-01 3.060432190420937781e-03
6.643958834999999453e+03 7.768428513562577464e-01 3.060432190420937781e-03
6.651955804999999600e+03 7.718799948120897980e-01 3.060432190420937781e-03
6.659952774999999747e+03 7.530806695040090926e-01 3.060432190420937781e-03
6.667949744999999893e+03 7.459148147097265369e-01 3.060432190420937781e-03
6.675946715000000040e+03 7.196473371084037840e-01 3.060432190420937781e-03
6.683943685000000187e+03 7.062189892798691471e-01 3.060432190420937781e-03
6.691940655000000334e+03 6.887053615454331590e-01 3.060432190420937781e-03
6.699937624999999571e+03 6.719246276419449382e-01 3.060432190420937781e-03
6.707934594999999717e+03 6.617845427249443579e-01 3.060432190420937781e-03
6.715931564999999864e+03 6.442275196475799603e-01 3.060432190420937781e-03
6.723928535000000011e+03 6.331447362743842788e-01 3.060432190420937781e-03
6.731925505000000157e+03 6.239763931684159104e-01 3.060432190420937781e-03
6.739922474999999395e+03 6.144090500919754394e-01 3.060432190420937781e-03
6.747919444999999541e+03 6.011279907486843932e-01 3.060432190420937781e-03
6.755916414999999688e+03 5.934831668738007604e-01 3.060432190420937781e-03
6.763913384999999835e+03 5.872127402444654587e-01 3.060432190420937781e-03
6.771910354999999981e+03 5.726477199759008041e-01 3.060432190420937781e-03
6.779907325000000128e+03 5.711157634674031147e-01 3.060432190420937781e-03
6.787904295000000275e+03 5.673683193844165640e-01 3.060432190420937781e-03
6.795901264999999512e+03 5.585457249641949673e-01 3.060432190420937781e-03
6.803898234999999659e+03 5.525220897794034247e-01 3.060432190420937781e-03
6.811895204999999805e+03 5.551605413865705607e-01 3.060432190420937781e-03
6.819892174999999952e+03 5.455108921551414802e-01 3.060432190420937781e-03
6.827889145000000099e+03 5.454982400725667535e-01 3.060432190420937781e-03
6.835886114999999336e+03 5.453188790762505400e-01 3.060432190420937781e-03
6.843883084999999483e+03 5.457857361779263616e-01 3.060432190420937781e-03
6.851880054999999629e+03 5.404442951703071207e-01 3.060432190420937781e-03
6.859877024999999776e+03 5.439312677829777343e-01 3.060432190420937781e-03
6.867873994999999923e+03 5.365605409517710811e-01 3.060432190420937781e-03
6.875870965000000069e+03 5.361725831626287242e-01 3.060432190420937781e-03
6.883867935000000216e+03 5.301372569640014909e-01 3.060432190420937781e-03
6.891864904999999453e+03 5.304469076184279430e-01 3.060432190420937781e-03
6.899861874999999600e+03 5.279636912298805163e-01 3.060432190420937781e-03
6.907858844999999747e+03 5.252095374334241340e-01 3.060432190420937781e-03
6.915855814999999893e+03 5.203620038694335426e-01 3.060432190420937781e-03
6.923852784999999130e+03 5.207137205809427849e-01 3.060432190420937781e-03
6.931849754999999277e+03 5.162216992920207748e-01 3.060432190420937781e-03
6.939846724999999424e+03 5.130552363689379058e-01 3.060432190420937781e-03
6.947843694999999570e+03 5.152879348805862181e-01 3.060432190420937781e-03
6.955840664999999717e+03 5.149503748974592066e-01 3.060432190420937781e-03
6.963837634999999864e+03 5.111232138769309374e-01 3.060432190420937781e-03
6.971834605000000010e+03 5.031115636655457690e-01 3.060432190420937781e-03
6.979831575000000157e+03 5.013386507435276807e-01 3.060432190420937781e-03
6.987828544999999394e+03 5.027637562861730913e-01 3.060432190420937781e-03
6.995825514999999541e+03 5.081008054602237367e-01 3.060432190420937781e-03
