6.204125485000000481e+03 7.710110435037383914e-01 3.060432190420937781e-03
6.212122455000000627e+03 7.656907959776287909e-01 3.060432190420937781e-03
6.220119425000000774e+03 7.688740406633897129e-01 3.060432190420937781e-03
6.228116395000000011e+03 7.678363851870163570e-01 3.060432190420937781e-03
6.236113365000000158e+03 7.631759686554376865e-01 3.060432190420937781e-03
6.244110335000000305e+03 7.655661763639169948e-01 3.060432190420937781e-03
6.252107305000000451e+03 7.616091940774943891e-01 3.060432190420937781e-03
6.260104275000000598e+03 7.592260987352862367e-01 3.060432190420937781e-03
6.268101244999999835e+03 7.579702202849332160e-01 3.060432190420937781e-03
6.276098214999999982e+03 7.605830255222407743e-01 3.060432190420937781e-03
6.284095185000000129e+03 7.490757103648861825e-01 3.060432190420937781e-03
6.292092155000000275e+03 7.554078348653956443e-01 3.060432190420937781e-03
6.300089125000000422e+03 7.488318769381865359e-01 3.060432190420937781e-03
6.308086095000000569e+03 7.539655573203773997e-01 3.060432190420937781e-03
6.316083065000000715e+03 7.484079568376307279e-01 3.060432190420937781e-03
6.324080034999999953e+03 7.461719642817078446e-01 3.060432190420937781e-03
6.332077005000000099e+03 7.473849256823779097e-01 3.060432190420937781e-03
6.340073975000000246e+03 7.450047662581872343e-01 3.060432190420937781e-03
6.348070945000000393e+03 7.533152797039235349e-01 3.060432190420937781e-03
6.356067915000000539e+03 7.518115596133428946e-01 3.060432190420937781e-03
6.364064884999999776e+03 7.575523284683517433e-01 3.060432190420937781e-03
6.372061854999999923e+03 7.574394656607922327e-01 3.060432190420937781e-03
6.380058825000000070e+03 7.580313940180291032e-01 3.060432190420937781e-03
6.388055795000000217e+03 7.728578840083530910e-01 3.060432190420937781e-03
6.396052765000000363e+03 7.800348899314780704e-01 3.060432190420937781e-03
6.404049735000000510e+03 7.793233813588194003e-01 3.060432190420937781e-03
6.412046705000000657e+03 7.853974547153779184e-01 3.060432190420937781e-03
6.420043674999999894e+03 7.949928860448212120e-01 3.060432190420937781e-03
6.428040645000000040e+03 7.967514829290107681e-01 3.060432190420937781e-03
6.436037615000000187e+03 8.025904213297930800e-01 3.060432190420937781e-03
6.444034585000000334e+03 8.127701225984531597e-01 3.060432190420937781e-03
6.452031555000000481e+03 8.221837805006242395e-01 3.060432190420937781e-03
6.460028524999999718e+03 8.194969262234208518e-01 3.060432190420937781e-03
6.468025494999999864e+03 8.216556548133132631e-01 3.060432190420937781e-03
6.476022465000000011e+03 8.201513667671023189e-01 3.060432190420937781e-03
6.484019435000000158e+03 8.225445922194614123e-01 3.060432190420937781e-03
6.492016405000000304e+03 8.277666659360850554e-01 3.060432190420937781e-03
6.500013375000000451e+03 8.352012794729853917e-01 3.060432190420937781e-03
6.508010345000000598e+03 8.507623776391646242e-01 3.060432190420937781e-03
6.516007314999999835e+03 8.611971915114943199e-01 3.060432190420937781e-03
6.524004284999999982e+03 8.687654518327647679e-01 3.060432190420937781e-03
6.532001255000000128e+03 8.665409812476725371e-01 3.060432190420937781e-03
6.539998225000000275e+03 8.556068427377899743e-01 3.060432190420937781e-03
6.547995194999999512e+03 8.559827849463759186e-01 3.060432190420937781e-03
6.555992164999999659e+03 8.489172573898393637e-01 3.060432190420937781e-03
6.563989134999999806e+03 8.542462443201187527e-01 3.060432190420937781e-03
6.571986104999999952e+03 8.573922296878019322e-01 3.060432190420937781e-03
6.579983075000000099e+03 8.527736477732258402e-01 3.060432190420937781e-03
6.587980045000000246e+03 8.709240570463750997e-01 3.060432190420937781e-03
6.595977015000000392e+03 8.926695304039304890e-01 3.060432190420937781e-03
6.603973985000000539e+03 8.885702898366056868e-01 3.060432190420937781e-03
6.611970954999999776e+03 8.829714761060064587e-01 3.060432190420937781e-03
6.619967924999999923e+03 8.702852891619069498e-01 3.060432190420937781e-03
6.627964895000000070e+03 8.643552335632830319e-01 3.060432190420937781e-03
6.635961865000000216e+03 8.515844906769872713e-01 3.060432190420937781e-03
6.643958834999999453e+03 8.444398613528212305e-01 3.060432190420937781e-03
6.651955804999999600e+03 8.310241960976048059e-01 3.060432190420937781e-03
6.659952774999999747e+03 8.246675068557598465e-01 3.060432190420937781e-03
6.667949744999999893e+03 8.076292155456238353e-01 3.060432190420937781e-03
6.675946715000000040e+03 7.965416165906822332e-01 3.060432190420937781e-03
6.683943685000000187e+03 7.859850797675170808e-01 3.060432190420937781e-03
6.691940655000000334e+03 7.698472322391235467e-01 3.060432190420937781e-03
6.699937624999999571e+03 7.553402483221827168e-01 3.060432190420937781e-03
6.707934594999999717e+03 7.367658213345169571e-01 3.060432190420937781e-03
6.715931564999999864e+03 7.335183543261186712e-01 3.060432190420937781e-03
6.723928535000000011e+03 7.202881733521233620e-01 3.060432190420937781e-03
6.731925505000000157e+03 7.067079054114493442e-01 3.060432190420937781e-03
6.739922474999999395e+03 6.996989843434181511e-01 3.060432190420937781e-03
6.747919444999999541e+03 6.901146734443995845e-01 3.060432190420937781e-03
6.755916414999999688e+03 6.776095630752577703e-01 3.060432190420937781e-03
6.763913384999999835e+03 6.675538883218965491e-01 3.060432190420937781e-03
6.771910354999999981e+03 6.588911640845276363e-01 3.060432190420937781e-03
6.779907325000000128e+03 6.531354690576656186e-01 3.060432190420937781e-03
6.787904295000000275e+03 6.436817305614365159e-01 3.060432190420937781e-03
6.795901264999999512e+03 6.411676194593219913e-01 3.060432190420937781e-03
6.803898234999999659e+03 6.390505529491196102e-01 3.060432190420937781e-03
6.811895204999999805e+03 6.364243892969296823e-01 3.060432190420937781e-03
6.819892174999999952e+03 6.371970637418576944e-01 3.060432190420937781e-03
6.827889145000000099e+03 6.284647481583885975e-01 3.060432190420937781e-03
6.835886114999999336e+03 6.251353470939101653e-01 3.060432190420937781e-03
6.843883084999999483e+03 6.218620859747953089e-01 3.060432190420937781e-03
6.851880054999999629e+03 6.185565594216709817e-01 3.060432190420937781e-03
6.859877024999999776e+03 6.189505697126413963e-01 3.060432190420937781e-03
6.867873994999999923e+03 6.201256778778218015e-01 3.060432190420937781e-03
6.875870965000000069e+03 6.177432099047107661e-01 3.060432190420937781e-03
6.883867935000000216e+03 6.075767344132403380e-01 3.060432190420937781e-03
6.891864904999999453e+03 6.088257579671608744e-01 3.060432190420937781e-03
6.899861874999999600e+03 6.045443070983942402e-01 3.060432190420937781e-03
6.907858844999999747e+03 6.011269136366663712e-01 3.060432190420937781e-03
6.915855814999999893e+03 6.038282530130854031e-01 3.060432190420937781e-03
6.923852784999999130e+03 5.995293180420701029e-01 3.060432190420937781e-03
6.931849754999999277e+03 5.987426332128233941e-01 3.060432190420937781e-03
6.939846724999999424e+03 5.949642459865301936e-01 3.060432190420937781e-03
6.947843694999999570e+03 5.937906243212308643e-01 3.060432190420937781e-03
6.955840664999999717e+03 5.930740924641925149e-01 3.060432190420937781e-03
6.963837634999999864e+03 5.792470128032353172e-01 3.060432190420937781e-03
6.971834605000000010e+03 5.864747070555355046e-01 3.060432190420937781e-03
6.979831575000000157e+03 5.826444257530072335e-01 3.060432190420937781e-03
6.987828544999999394e+03 5.816627209975763213e-01 3.060432190420937781e-03
6.995825514999999541e+03 5.820956562824648461e-01 3.060432190420937781e-03
