6.204125485000000481e+03 7.962473838648108648e-01 3.060432190420937781e-03
6.212122455000000627e+03 7.939380327973161178e-01 3.060432190420937781e-03
6.220119425000000774e+03 7.932740414719119393e-01 3.060432190420937781e-03
6.228116395000000011e+03 7.892239396617491964e-01 3.060432190420937781e-03
6.236113365000000158e+03 7.905834956359771848e-01 3.060432190420937781e-03
6.244110335000000305e+03 7.920899851777171152e-01 3.060432190420937781e-03
6.252107305000000451e+03 7.849786848437254605e-01 3.060432190420937781e-03
6.260104275000000598e+03 7.857333527940647544e-01 3.060432190420937781e-03
6.268101244999999835e+03 7.788025979887771566e-01 3.060432190420937781e-03
6.276098214999999982e+03 7.810418656056272724e-01 3.060432190420937781e-03
6.284095185000000129e+03 7.777049802547858492e-01 3.060432190420937781e-03
6.292092155000000275e+03 7.826844853675090086e-01 3.060432190420937781e-03
6.300089125000000422e+03 7.791646475800568794e-01 3.060432190420937781e-03
6.308086095000000569e+03 7.776470807071695912e-01 3.060432190420937781e-03
6.316083065000000715e+03 7.727835665477601479e-01 3.060432190420937781e-03
6.324080034999999953e+03 7.764707778382571313e-01 3.060432190420937781e-03
6.332077005000000099e+03 7.720004136272239359e-01 3.060432190420937781e-03
6.340073975000000246e+03 7.717889719443421503e-01 3.060432190420937781e-03
6.348070945000000393e+03 7.755256640123920908e-01 3.060432190420937781e-03
6.356067915000000539e+03 7.792931445747621755e-01 3.060432190420937781e-03
6.364064884999999776e+03 7.837583111929452562e-01 3.060432190420937781e-03
6.372061854999999923e+03 7.869377086686113465e-01 3.060432190420937781e-03
6.380058825000000070e+03 7.885431664908418847e-01 3.060432190420937781e-03
6.388055795000000217e+03 7.949633382007994520e-01 3.060432190420937781e-03
6.396052765000000363e+03 8.013770789879558487e-01 3.060432190420937781e-03
6.404049735000000510e+03 8.048513295642415466e-01 3.060432190420937781e-03
6.412046705000000657e+03 8.075363394233772141e-01 3.060432190420937781e-03
6.420043674999999894e+03 8.166946461351004549e-01 3.060432190420937781e-03
6.428040645000000040e+03 8.159251176509587644e-01 3.060432190420937781e-03
6.436037615000000187e+03 8.212891879471961865e-01 3.060432190420937781e-03
6.444034585000000334e+03 8.272753468462956672e-01 3.060432190420937781e-03
6.452031555000000481e+03 8.320496609624250528e-01 3.060432190420937781e-03
6.460028524999999718e+03 8.342002597941375885e-01 3.060432190420937781e-03
6.468025494999999864e+03 8.337930005538349842e-01 3.060432190420937781e-03
6.476022465000000011e+03 8.341183163512995158e-01 3.060432190420937781e-03
6.484019435000000158e+03 8.389801640020998486e-01 3.060432190420937781e-03
6.492016405000000304e+03 8.440057782319014823e-01 3.060432190420937781e-03
6.500013375000000451e+03 8.507922929484901253e-01 3.060432190420937781e-03
6.508010345000000598e+03 8.685868743815465809e-01 3.060432190420937781e-03
6.516007314999999835e+03 8.813110579658889332e-01 3.060432190420937781e-03
6.524004284999999982e+03 8.851317055932999001e-01 3.060432190420937781e-03
6.532001255000000128e+03 8.877163199596909138e-01 3.060432190420937781e-03
6.539998225000000275e+03 8.793181435207174657e-01 3.060432190420937781e-03
6.547995194999999512e+03 8.767418044088626239e-01 3.060432190420937781e-03
6.555992164999999659e+03 8.826944260791365071e-01 3.060432190420937781e-03
6.563989134999999806e+03 8.847845981216021505e-01 3.060432190420937781e-03
6.571986104999999952e+03 8.816622980910684415e-01 3.060432190420937781e-03
6.579983075000000099e+03 8.865462653688055417e-01 3.060432190420937781e-03
6.587980045000000246e+03 8.977327823764718051e-01 3.060432190420937781e-03
6.595977015000000392e+03 9.103266967260705833e-01 3.060432190420937781e-03
6.603973985000000539e+03 9.075934664898827053e-01 3.060432190420937781e-03
6.611970954999999776e+03 9.078042147282475716e-01 3.060432190420937781e-03
6.619967924999999923e+03 8.898667589902949926e-01 3.060432190420937781e-03
6.627964895000000070e+03 8.764682586924842367e-01 3.060432190420937781e-03
6.635961865000000216e+03 8.643845104273332192e-01 3.060432190420937781e-03
6.643958834999999453e+03 8.494145666530931171e-01 3.060432190420937781e-03
6.651955804999999600e+03 8.407802426804262819e-01 3.060432190420937781e-03
6.659952774999999747e+03 8.261328574930659752e-01 3.060432190420937781e-03
6.667949744999999893e+03 8.239856696809334524e-01 3.060432190420937781e-03
6.675946715000000040e+03 8.115099894578029494e-01 3.060432190420937781e-03
6.683943685000000187e+03 8.021804182667470196e-01 3.060432190420937781e-03
6.691940655000000334e+03 7.855120966013040551e-01 3.060432190420937781e-03
6.699937624999999571e+03 7.721138923669906839e-01 3.060432190420937781e-03
6.707934594999999717e+03 7.665801678523292972e-01 3.060432190420937781e-03
6.715931564999999864e+03 7.476696357897751888e-01 3.060432190420937781e-03
6.723928535000000011e+03 7.353596207490769032e-01 3.060432190420937781e-03
6.731925505000000157e+03 7.313056811378721989e-01 3.060432190420937781e-03
6.739922474999999395e+03 7.225309824693518790e-01 3.060432190420937781e-03
6.747919444999999541e+03 7.126960376524505980e-01 3.060432190420937781e-03
6.755916414999999688e+03 7.016684425090311539e-01 3.060432190420937781e-03
6.763913384999999835e+03 6.917025881608357407e-01 3.060432190420937781e-03
6.771910354999999981e+03 6.804267709424713928e-01 3.060432190420937781e-03
6.779907325000000128e+03 6.729799941366920724e-01 3.060432190420937781e-03
6.787904295000000275e+03 6.794897277203909569e-01 3.060432190420937781e-03
6.795901264999999512e+03 6.642897797532759663e-01 3.060432190420937781e-03
6.803898234999999659e+03 6.566184777612171786e-01 3.060432190420937781e-03
6.811895204999999805e+03 6.575524791055354923e-01 3.060432190420937781e-03
6.819892174999999952e+03 6.507356057730775412e-01 3.060432190420937781e-03
6.827889145000000099e+03 6.536001018589104872e-01 3.060432190420937781e-03
6.835886114999999336e+03 6.498613605332966836e-01 3.060432190420937781e-03
6.843883084999999483e+03 6.478123911716231476e-01 3.060432190420937781e-03
6.851880054999999629e+03 6.367935153343484700e-01 3.060432190420937781e-03
6.859877024999999776e+03 6.374099673737471106e-01 3.060432190420937781e-03
6.867873994999999923e+03 6.428228698987444867e-01 3.060432190420937781e-03
6.875870965000000069e+03 6.334550867729660251e-01 3.060432190420937781e-03
6.883867935000000216e+03 6.317382502494225394e-01 3.060432190420937781e-03
6.891864904999999453e+03 6.295383537137680952e-01 3.060432190420937781e-03
6.899861874999999600e+03 6.280524859229753565e-01 3.060432190420937781e-03
6.907858844999999747e+03 6.231997655748598985e-01 3.060432190420937781e-03
6.915855814999999893e+03 6.250591925736771470e-01 3.060432190420937781e-03
6.923852784999999130e+03 6.194604067653560753e-01 3.060432190420937781e-03
6.931849754999999277e+03 6.164231178324275362e-01 3.060432190420937781e-03
6.939846724999999424e+03 6.138250769631675707e-01 3.060432190420937781e-03
6.947843694999999570e+03 6.111940113956894072e-01 3.060432190420937781e-03
6.955840664999999717e+03 6.115507005617646374e-01 3.060432190420937781e-03
6.963837634999999864e+03 6.072782020047553520e-01 3.060432190420937781e-03
6.971834605000000010e+03 6.051032621723829719e-01 3.060432190420937781e-03
6.979831575000000157e+03 6.019506039547544152e-01 3.060432190420937781e-03
6.987828544999999394e+03 6.002163079980060711e-01 3.060432190420937781e-03
6.995825514999999541e+03 5.986256218492647108e-01 3.060432190420937781e-03
