6.204125485000000481e+03 7.517237121601123562e-01 3.060432190420937781e-03
6.212122455000000627e+03 7.516314405106441221e-01 3.060432190420937781e-03
6.220119425000000774e+03 7.479822199440274710e-01 3.060432190420937781e-03
6.228116395000000011e+03 7.466483646322794598e-01 3.060432190420937781e-03
6.236113365000000158e+03 7.425848826389183088e-01 3.060432190420937781e-03
6.244110335000000305e+03 7.382870522859203977e-01 3.060432190420937781e-03
6.252107305000000451e+03 7.418741252048461909e-01 3.060432190420937781e-03
6.260104275000000598e+03 7.408605731087315460e-01 3.060432190420937781e-03
6.268101244999999835e+03 7.421424023274990622e-01 3.060432190420937781e-03
6.276098214999999982e+03 7.402715760053619753e-01 3.060432190420937781e-03
6.284095185000000129e+03 7.419482550346654381e-01 3.060432190420937781e-03
6.292092155000000275e+03 7.347256627839559018e-01 3.060432190420937781e-03
6.300089125000000422e+03 7.334847445315030301e-01 3.060432190420937781e-03
6.308086095000000569e+03 7.329723562746841559e-01 3.060432190420937781e-03
6.316083065000000715e+03 7.351959356892723285e-01 3.060432190420937781e-03
6.324080034999999953e+03 7.350205156156995878e-01 3.060432190420937781e-03
6.332077005000000099e+03 7.269797738464054415e-01 3.060432190420937781e-03
6.340073975000000246e+03 7.320216852579163325e-01 3.060432190420937781e-03
6.348070945000000393e+03 7.319725892569187709e-01 3.060432190420937781e-03
6.356067915000000539e+03 7.329973057763444766e-01 3.060432190420937781e-03
6.364064884999999776e+03 7.427570728709563808e-01 3.060432190420937781e-03
6.372061854999999923e+03 7.369616665143178258e-01 3.060432190420937781e-03
6.380058825000000070e+03 7.494475431711015156e-01 3.060432190420937781e-03
6.388055795000000217e+03 7.555831188789163821e-01 3.060432190420937781e-03
6.396052765000000363e+03 7.621048614917501629e-01 3.060432190420937781e-03
6.404049735000000510e+03 7.614969820998072070e-01 3.060432190420937781e-03
6.412046705000000657e+03 7.700507964298606289e-01 3.060432190420937781e-03
6.420043674999999894e+03 7.708333908568663073e-01 3.060432190420937781e-03
6.428040645000000040e+03 7.786766886384289821e-01 3.060432190420937781e-03
6.436037615000000187e+03 7.857063143809107642e-01 3.060432190420937781e-03
6.444034585000000334e+03 7.924877928165766638e-01 3.060432190420937781e-03
6.452031555000000481e+03 7.991301235457327623e-01 3.060432190420937781e-03
6.460028524999999718e+03 7.971963410475697565e-01 3.060432190420937781e-03
6.468025494999999864e+03 8.045521997626502442e-01 3.060432190420937781e-03
6.476022465000000011e+03 8.032759361147576715e-01 3.060432190420937781e-03
6.484019435000000158e+03 8.045933894530353792e-01 3.060432190420937781e-03
6.492016405000000304e+03 8.096400581862156498e-01 3.060432190420937781e-03
6.500013375000000451e+03 8.116710159935831559e-01 3.060432190420937781e-03
6.508010345000000598e+03 8.280213873233736033e-01 3.060432190420937781e-03
6.516007314999999835e+03 8.418185024751271284e-01 3.060432190420937781e-03
6.524004284999999982e+03 8.499264283581413615e-01 3.060432190420937781e-03
6.532001255000000128e+03 8.562217902707512929e-01 3.060432190420937781e-03
6.539998225000000275e+03 8.359877339039889499e-01 3.060432190420937781e-03
6.547995194999999512e+03 8.339774153757488762e-01 3.060432190420937781e-03
6.555992164999999659e+03 8.310369715881773534e-01 3.060432190420937781e-03
6.563989134999999806e+03 8.322791901601039877e-01 3.060432190420937781e-03
6.571986104999999952e+03 8.367513498770070557e-01 3.060432190420937781e-03
6.579983075000000099e+03 8.376698498466733644e-01 3.060432190420937781e-03
6.587980045000000246e+03 8.542670507558159931e-01 3.060432190420937781e-03
6.595977015000000392e+03 8.708017735199249376e-01 3.060432190420937781e-03
6.603973985000000539e+03 8.686951784170796609e-01 3.060432190420937781e-03
6.611970954999999776e+03 8.669426412137174465e-01 3.060432190420937781e-03
6.619967924999999923e+03 8.507655498014928819e-01 3.060432190420937781e-03
6.627964895000000070e+03 8.391149050106174734e-01 3.060432190420937781e-03
6.635961865000000216e+03 8.282035360225068477e-01 3.060432190420937781e-03
6.643958834999999453e+03 8.281402152443768649e-01 3.060432190420937781e-03
6.651955804999999600e+03 8.208550001049849110e-01 3.060432190420937781e-03
6.659952774999999747e+03 8.055367346794756189e-01 3.060432190420937781e-03
6.667949744999999893e+03 7.897802736544157209e-01 3.060432190420937781e-03
6.675946715000000040e+03 7.838578540982330534e-01 3.060432190420937781e-03
6.683943685000000187e+03 7.634564920060284976e-01 3.060432190420937781e-03
6.691940655000000334e+03 7.518862670553140282e-01 3.060432190420937781e-03
6.699937624999999571e+03 7.368917105539417589e-01 3.060432190420937781e-03
6.707934594999999717e+03 7.254457826073869020e-01 3.060432190420937781e-03
6.715931564999999864e+03 7.141335007627656051e-01 3.060432190420937781e-03
6.723928535000000011e+03 6.983097686137560434e-01 3.060432190420937781e-03
6.731925505000000157e+03 6.867649168846708951e-01 3.060432190420937781e-03
6.739922474999999395e+03 6.754584747308718384e-01 3.060432190420937781e-03
6.747919444999999541e+03 6.709015116881454910e-01 3.060432190420937781e-03
6.755916414999999688e+03 6.606169422682842685e-01 3.060432190420937781e-03
6.763913384999999835e+03 6.537100290516785206e-01 3.060432190420937781e-03
6.771910354999999981e+03 6.384926044048235827e-01 3.060432190420937781e-03
6.779907325000000128e+03 6.364872607491486312e-01 3.060432190420937781e-03
6.787904295000000275e+03 6.338474149689553583e-01 3.060432190420937781e-03
6.795901264999999512e+03 6.286856925184666212e-01 3.060432190420937781e-03
6.803898234999999659e+03 6.295917535517980834e-01 3.060432190420937781e-03
6.811895204999999805e+03 6.186270931360917658e-01 3.060432190420937781e-03
6.819892174999999952e+03 6.191713484170515702e-01 3.060432190420937781e-03
6.827889145000000099e+03 6.128302238186437156e-01 3.060432190420937781e-03
6.835886114999999336e+03 6.146915074377772292e-01 3.060432190420937781e-03
6.843883084999999483e+03 6.080895260545366998e-01 3.060432190420937781e-03
6.851880054999999629e+03 6.066811550244316509e-01 3.060432190420937781e-03
6.859877024999999776e+03 6.080719895955088994e-01 3.060432190420937781e-03
6.867873994999999923e+03 6.074301885345211316e-01 3.060432190420937781e-03
6.875870965000000069e+03 6.001202702560107793e-01 3.060432190420937781e-03
6.883867935000000216e+03 5.965252931452401652e-01 3.060432190420937781e-03
6.891864904999999453e+03 5.944036443563615046e-01 3.060432190420937781e-03
6.899861874999999600e+03 5.914943869084001715e-01 3.060432190420937781e-03
6.907858844999999747e+03 5.930525420945971238e-01 3.060432190420937781e-03
6.915855814999999893e+03 5.883850370522507589e-01 3.060432190420937781e-03
6.923852784999999130e+03 5.829560834483680232e-01 3.060432190420937781e-03
6.931849754999999277e+03 5.853890206070468949e-01 3.060432190420937781e-03
6.939846724999999424e+03 5.806920932979100503e-01 3.060432190420937781e-03
6.947843694999999570e+03 5.730651111834911271e-01 3.060432190420937781e-03
6.955840664999999717e+03 5.765142296479457418e-01 3.060432190420937781e-03
6.963837634999999864e+03 5.761004840751970946e-01 3.060432190420937781e-03
6.971834605000000010e+03 5.745318289975051007e-01 3.060432190420937781e-03
6.979831575000000157e+03 5.673015381805082136e-01 3.060432190420937781e-03
6.987828544999999394e+03 5.653949990083215749e-01 3.060432190420937781e-03
6.995825514999999541e+03 5.637101214595819920e-01 3.060432190420937781e-03
