6.204125485000000481e+03 5.374195139229591689e-01 3.060432190420937781e-03
6.212122455000000627e+03 5.350367364324626340e-01 3.060432190420937781e-03
6.220119425000000774e+03 5.406554550587340247e-01 3.060432190420937781e-03
6.228116395000000011e+03 5.398111757799061161e-01 3.060432190420937781e-03
6.236113365000000158e+03 5.436033090252921918e-01 3.060432190420937781e-03
6.244110335000000305e+03 5.358401528975144101e-01 3.060432190420937781e-03
6.252107305000000451e+03 5.366246915566418307e-01 3.060432190420937781e-03
6.260104275000000598e+03 5.398457189793498534e-01 3.060432190420937781e-03
6.268101244999999835e+03 5.285506539784625701e-01 3.060432190420937781e-03
6.276098214999999982e+03 5.295698656418970085e-01 3.060432190420937781e-03
6.284095185000000129e+03 5.327758046414708959e-01 3.060432190420937781e-03
6.292092155000000275e+03 5.304577515732645798e-01 3.060432190420937781e-03
6.300089125000000422e+03 5.293568937371678773e-01 3.060432190420937781e-03
6.308086095000000569e+03 5.276175135508424097e-01 3.060432190420937781e-03
6.316083065000000715e+03 5.340266154623545258e-01 3.060432190420937781e-03
6.324080034999999953e+03 5.296416194082619322e-01 3.060432190420937781e-03
6.332077005000000099e+03 5.288486352388573897e-01 3.060432190420937781e-03
6.340073975000000246e+03 5.335031533705794082e-01 3.060432190420937781e-03
6.348070945000000393e+03 5.333288114458314411e-01 3.060432190420937781e-03
6.356067915000000539e+03 5.320100231986015782e-01 3.060432190420937781e-03
6.364064884999999776e+03 5.415742403999282972e-01 3.060432190420937781e-03
6.372061854999999923e+03 5.404259892294680512e-01 3.060432190420937781e-03
6.380058825000000070e+03 5.457650480160779471e-01 3.060432190420937781e-03
6.388055795000000217e+03 5.470308661550108420e-01 3.060432190420937781e-03
6.396052765000000363e+03 5.553574138956249850e-01 3.060432190420937781e-03
6.404049735000000510e+03 5.645051682612898247e-01 3.060432190420937781e-03
6.412046705000000657e+03 5.617081718055163542e-01 3.060432190420937781e-03
6.420043674999999894e+03 5.722383463644090673e-01 3.060432190420937781e-03
6.428040645000000040e+03 5.722724099309499657e-01 3.060432190420937781e-03
6.436037615000000187e+03 5.804539052839247093e-01 3.060432190420937781e-03
6.444034585000000334e+03 5.833720357510865373e-01 3.060432190420937781e-03
6.452031555000000481e+03 5.877005396549248584e-01 3.060432190420937781e-03
6.460028524999999718e+03 5.952946318924619007e-01 3.060432190420937781e-03
6.468025494999999864e+03 5.968060849342696761e-01 3.060432190420937781e-03
6.476022465000000011e+03 6.002664651992818401e-01 3.060432190420937781e-03
6.484019435000000158e+03 6.055729522016016775e-01 3.060432190420937781e-03
6.492016405000000304e+03 6.116688713562211666e-01 3.060432190420937781e-03
6.500013375000000451e+03 6.268072480054854845e-01 3.060432190420937781e-03
6.508010345000000598e+03 6.384911837956396274e-01 3.060432190420937781e-03
6.516007314999999835e+03 6.553486381514879167e-01 3.060432190420937781e-03
6.524004284999999982e+03 6.714001069027473179e-01 3.060432190420937781e-03
6.532001255000000128e+03 6.625046315805150909e-01 3.060432190420937781e-03
6.539998225000000275e+03 6.503089655759768384e-01 3.060432190420937781e-03
6.547995194999999512e+03 6.491091483724199529e-01 3.060432190420937781e-03
6.555992164999999659e+03 6.475699130644555490e-01 3.060432190420937781e-03
6.563989134999999806e+03 6.501913139662420793e-01 3.060432190420937781e-03
6.571986104999999952e+03 6.514172595009249944e-01 3.060432190420937781e-03
6.579983075000000099e+03 6.470368551770041554e-01 3.060432190420937781e-03
6.587980045000000246e+03 6.616453976502714163e-01 3.060432190420937781e-03
6.595977015000000392e+03 6.806169932678860501e-01 3.060432190420937781e-03
6.603973985000000539e+03 6.800887840543682339e-01 3.060432190420937781e-03
6.611970954999999776e+03 6.806970632664679499e-01 3.060432190420937781e-03
6.619967924999999923e+03 6.589534812629860294e-01 3.060432190420937781e-03
6.627964895000000070e+03 6.492973975249676233e-01 3.060432190420937781e-03
6.635961865000000216e+03 6.421670478362725420e-01 3.060432190420937781e-03
6.643958834999999453e+03 6.329646722816075766e-01 3.060432190420937781e-03
6.651955804999999600e+03 6.170490783033312221e-01 3.060432190420937781e-03
6.659952774999999747e+03 6.087541810187213631e-01 3.060432190420937781e-03
6.667949744999999893e+03 5.950443171346201376e-01 3.060432190420937781e-03
6.675946715000000040e+03 5.839714099358238597e-01 3.060432190420937781e-03
6.683943685000000187e+03 5.708955793181336169e-01 3.060432190420937781e-03
6.691940655000000334e+03 5.600479197428209766e-01 3.060432190420937781e-03
6.699937624999999571e+03 5.458698289977824691e-01 3.060432190420937781e-03
6.707934594999999717e+03 5.322025533561952626e-01 3.060432190420937781e-03
6.715931564999999864e+03 5.263572549990416238e-01 3.060432190420937781e-03
6.723928535000000011e+03 5.257100125879307084e-01 3.060432190420937781e-03
6.731925505000000157e+03 5.074319831229787692e-01 3.060432190420937781e-03
6.739922474999999395e+03 4.978043910666102301e-01 3.060432190420937781e-03
6.747919444999999541e+03 4.964659367438172821e-01 3.060432190420937781e-03
6.755916414999999688e+03 4.769794313069623537e-01 3.060432190420937781e-03
6.763913384999999835e+03 4.757338550694060753e-01 3.060432190420937781e-03
6.771910354999999981e+03 4.704595643937380389e-01 3.060432190420937781e-03
6.779907325000000128e+03 4.670027712590442137e-01 3.060432190420937781e-03
6.787904295000000275e+03 4.578707371303081808e-01 3.060432190420937781e-03
6.795901264999999512e+03 4.591715996161879199e-01 3.060432190420937781e-03
6.803898234999999659e+03 4.531966736792186201e-01 3.060432190420937781e-03
6.811895204999999805e+03 4.517245426557991994e-01 3.060432190420937781e-03
6.819892174999999952e+03 4.464978037808352007e-01 3.060432190420937781e-03
6.827889145000000099e+03 4.440321258608193600e-01 3.060432190420937781e-03
6.835886114999999336e+03 4.437749783637565115e-01 3.060432190420937781e-03
6.843883084999999483e+03 4.419418661795539438e-01 3.060432190420937781e-03
6.851880054999999629e+03 4.352984043747332721e-01 3.060432190420937781e-03
6.859877024999999776e+03 4.306925561750526987e-01 3.060432190420937781e-03
6.867873994999999923e+03 4.334265267492400930e-01 3.060432190420937781e-03
6.875870965000000069e+03 4.352979546070851469e-01 3.060432190420937781e-03
6.883867935000000216e+03 4.306954947533840894e-01 3.060432190420937781e-03
6.891864904999999453e+03 4.306583304115537136e-01 3.060432190420937781e-03
6.899861874999999600e+03 4.282031439194936007e-01 3.060432190420937781e-03
6.907858844999999747e+03 4.264824648990721001e-01 3.060432190420937781e-03
6.915855814999999893e+03 4.257847089269327090e-01 3.060432190420937781e-03
6.923852784999999130e+03 4.218584388811131847e-01 3.060432190420937781e-03
6.931849754999999277e+03 4.172710142717058757e-01 3.060432190420937781e-03
6.939846724999999424e+03 4.180098810353233829e-01 3.060432190420937781e-03
6.947843694999999570e+03 4.172714823353073643e-01 3.060432190420937781e-03
6.955840664999999717e+03 4.160150262863789306e-01 3.060432190420937781e-03
6.963837634999999864e+03 4.119773122616698369e-01 3.060432190420937781e-03
6.971834605000000010e+03 4.122233781024562393e-01 3.060432190420937781e-03
6.979831575000000157e+03 4.086718755464898156e-01 3.060432190420937781e-03
6.987828544999999394e+03 4.098086947736857555e-01 3.060432190420937781e-03
6.995825514999999541e+03 4.074518397690116145e-01 3.060432190420937781e-03
