6.204125485000000481e+03 7.159660692577040075e-01 3.060432190420937781e-03
6.212122455000000627e+03 7.161647600618201714e-01 3.060432190420937781e-03
6.220119425000000774e+03 7.152990558627727591e-01 3.060432190420937781e-03
6.228116395000000011e+03 7.156859318237799306e-01 3.060432190420937781e-03
6.236113365000000158e+03 7.146224183329069612e-01 3.060432190420937781e-03
6.244110335000000305e+03 7.134520985123375958e-01 3.060432190420937781e-03
6.252107305000000451e+03 7.073266214283231434e-01 3.060432190420937781e-03
6.260104275000000598e+03 7.038063090576007763e-01 3.060432190420937781e-03
6.268101244999999835e+03 7.078052632578952785e-01 3.060432190420937781e-03
6.276098214999999982e+03 7.072934002988053859e-01 3.060432190420937781e-03
6.284095185000000129e+03 7.002432513431403605e-01 3.060432190420937781e-03
6.292092155000000275e+03 7.061657743273870302e-01 3.060432190420937781e-03
6.300089125000000422e+03 6.987956916577018340e-01 3.060432190420937781e-03
6.308086095000000569e+03 7.006892858271591695e-01 3.060432190420937781e-03
6.316083065000000715e+03 6.968373987119724777e-01 3.060432190420937781e-03
6.324080034999999953e+03 7.006809849050553707e-01 3.060432190420937781e-03
6.332077005000000099e+03 6.969544836730605653e-01 3.060432190420937781e-03
6.340073975000000246e+03 6.963511746849571082e-01 3.060432190420937781e-03
6.348070945000000393e+03 6.978563878336979664e-01 3.060432190420937781e-03
6.356067915000000539e+03 6.999213901644233404e-01 3.060432190420937781e-03
6.364064884999999776e+03 7.096958812789541104e-01 3.060432190420937781e-03
6.372061854999999923e+03 7.104787556596344755e-01 3.060432190420937781e-03
6.380058825000000070e+03 7.143759763999777412e-01 3.060432190420937781e-03
6.388055795000000217e+03 7.162536254659990220e-01 3.060432190420937781e-03
6.396052765000000363e+03 7.235724167922600314e-01 3.060432190420937781e-03
6.404049735000000510e+03 7.278629401059848458e-01 3.060432190420937781e-03
6.412046705000000657e+03 7.344896024681711877e-01 3.060432190420937781e-03
6.420043674999999894e+03 7.335527212631332006e-01 3.060432190420937781e-03
6.428040645000000040e+03 7.374179427944638210e-01 3.060432190420937781e-03
6.436037615000000187e+03 7.485497243637535547e-01 3.060432190420937781e-03
6.444034585000000334e+03 7.568100809645889049e-01 3.060432190420937781e-03
6.452031555000000481e+03 7.614505568314005046e-01 3.060432190420937781e-03
6.460028524999999718e+03 7.747292761308575137e-01 3.060432190420937781e-03
6.468025494999999864e+03 7.746948725735328667e-01 3.060432190420937781e-03
6.476022465000000011e+03 7.853137568537529312e-01 3.060432190420937781e-03
6.484019435000000158e+03 7.909174365249028726e-01 3.060432190420937781e-03
6.492016405000000304e+03 7.897415932310092312e-01 3.060432190420937781e-03
6.500013375000000451e+03 7.939776755084693161e-01 3.060432190420937781e-03
6.508010345000000598e+03 8.128531619016337029e-01 3.060432190420937781e-03
6.516007314999999835e+03 8.213076505382090886e-01 3.060432190420937781e-03
6.524004284999999982e+03 8.305598100582232135e-01 3.060432190420937781e-03
6.532001255000000128e+03 8.337111387440769850e-01 3.060432190420937781e-03
6.539998225000000275e+03 8.181191969740734260e-01 3.060432190420937781e-03
6.547995194999999512e+03 8.087796149988932815e-01 3.060432190420937781e-03
6.555992164999999659e+03 8.095792922399440705e-01 3.060432190420937781e-03
6.563989134999999806e+03 8.098005811806116006e-01 3.060432190420937781e-03
6.571986104999999952e+03 8.047360857963490322e-01 3.060432190420937781e-03
6.579983075000000099e+03 8.148498206975212099e-01 3.060432190420937781e-03
6.587980045000000246e+03 8.261475312334807253e-01 3.060432190420937781e-03
6.595977015000000392e+03 8.434967391205321352e-01 3.060432190420937781e-03
6.603973985000000539e+03 8.493039085400310162e-01 3.060432190420937781e-03
6.611970954999999776e+03 8.374001206473288272e-01 3.060432190420937781e-03
6.619967924999999923e+03 8.334382632083585651e-01 3.060432190420937781e-03
6.627964895000000070e+03 8.211503948975195089e-01 3.060432190420937781e-03
6.635961865000000216e+03 8.131641483111826663e-01 3.060432190420937781e-03
6.643958834999999453e+03 8.085029755449463229e-01 3.060432190420937781e-03
6.651955804999999600e+03 7.956337065057599300e-01 3.060432190420937781e-03
6.659952774999999747e+03 7.792617555198121382e-01 3.060432190420937781e-03
6.667949744999999893e+03 7.675375634949186399e-01 3.060432190420937781e-03
6.675946715000000040e+03 7.506172560756848577e-01 3.060432190420937781e-03
6.683943685000000187e+03 7.336860460556046126e-01 3.060432190420937781e-03
6.691940655000000334e+03 7.139498012964546891e-01 3.060432190420937781e-03
6.699937624999999571e+03 7.071982996430118407e-01 3.060432190420937781e-03
6.707934594999999717e+03 6.898181747684259957e-01 3.060432190420937781e-03
6.715931564999999864e+03 6.814619838279191155e-01 3.060432190420937781e-03
6.723928535000000011e+03 6.732851826291302855e-01 3.060432190420937781e-03
6.731925505000000157e+03 6.586914982083873493e-01 3.060432190420937781e-03
6.739922474999999395e+03 6.539328254124809892e-01 3.060432190420937781e-03
6.747919444999999541e+03 6.406151000015554153e-01 3.060432190420937781e-03
6.755916414999999688e+03 6.335501828462400953e-01 3.060432190420937781e-03
6.763913384999999835e+03 6.178588964079620993e-01 3.060432190420937781e-03
6.771910354999999981e+03 6.160278658538734797e-01 3.060432190420937781e-03
6.779907325000000128e+03 6.156723062230629040e-01 3.060432190420937781e-03
6.787904295000000275e+03 6.055153864758316962e-01 3.060432190420937781e-03
6.795901264999999512e+03 6.001616909207083683e-01 3.060432190420937781e-03
6.803898234999999659e+03 5.905677940854889840e-01 3.060432190420937781e-03
6.811895204999999805e+03 5.951411990795404394e-01 3.060432190420937781e-03
6.819892174999999952e+03 5.859081470223006516e-01 3.060432190420937781e-03
6.827889145000000099e+03 5.842039127431525314e-01 3.060432190420937781e-03
6.835886114999999336e+03 5.856635762057227357e-01 3.060432190420937781e-03
6.843883084999999483e+03 5.769701913745759470e-01 3.060432190420937781e-03
6.851880054999999629e+03 5.835435070493441012e-01 3.060432190420937781e-03
6.859877024999999776e+03 5.776671200449459143e-01 3.060432190420937781e-03
6.867873994999999923e+03 5.729070514381966461e-01 3.060432190420937781e-03
6.875870965000000069e+03 5.744984762385809685e-01 3.060432190420937781e-03
6.883867935000000216e+03 5.723458607271909582e-01 3.060432190420937781e-03
6.891864904999999453e+03 5.719191973604818013e-01 3.060432190420937781e-03
6.899861874999999600e+03 5.693429262243141498e-01 3.060432190420937781e-03
6.907858844999999747e+03 5.640789498257984258e-01 3.060432190420937781e-03
6.915855814999999893e+03 5.637409206922633365e-01 3.060432190420937781e-03
6.923852784999999130e+03 5.600988733961332899e-01 3.060432190420937781e-03
6.931849754999999277e+03 5.549331335197545956e-01 3.060432190420937781e-03
6.939846724999999424e+03 5.538160736204938983e-01 3.060432190420937781e-03
6.947843694999999570e+03 5.539745419135446713e-01 3.060432190420937781e-03
6.955840664999999717e+03 5.504613278212655558e-01 3.060432190420937781e-03
6.963837634999999864e+03 5.434909261942274528e-01 3.060432190420937781e-03
6.971834605000000010e+03 5.478711697008865622e-01 3.060432190420937781e-03
6.979831575000000157e+03 5.424994761105536023e-01 3.060432190420937781e-03
6.987828544999999394e+03 5.437686082853521174e-01 3.060432190420937781e-03
6.995825514999999541e+03 5.373862699656185571e-01 3.060432190420937781e-03
