6.204125485000000481e+03 8.607679255895500647e-01 3.060432190420937781e-03
6.212122455000000627e+03 8.601204179490656854e-01 3.060432190420937781e-03
6.220119425000000774e+03 8.570655865069748414e-01 3.060432190420937781e-03
6.228116395000000011e+03 8.554810798040188846e-01 3.060432190420937781e-03
6.236113365000000158e+03 8.532464271466434491e-01 3.060432190420937781e-03
6.244110335000000305e+03 8.549430033414641139e-01 3.060432190420937781e-03
6.252107305000000451e+03 8.492584827566443950e-01 3.060432190420937781e-03
6.260104275000000598e+03 8.549175641687780658e-01 3.060432190420937781e-03
6.268101244999999835e+03 8.501016001218593132e-01 3.060432190420937781e-03
6.276098214999999982e+03 8.473983256112149753e-01 3.060432190420937781e-03
6.284095185000000129e+03 8.460057072638822451e-01 3.060432190420937781e-03
6.292092155000000275e+03 8.460503751445884735e-01 3.060432190420937781e-03
6.300089125000000422e+03 8.441491167578447641e-01 3.060432190420937781e-03
6.308086095000000569e+03 8.429638414265387958e-01 3.060432190420937781e-03
6.316083065000000715e+03 8.422953982651122384e-01 3.060432190420937781e-03
6.324080034999999953e+03 8.347067825681205866e-01 3.060432190420937781e-03
6.332077005000000099e+03 8.360980903724961610e-01 3.060432190420937781e-03
6.340073975000000246e+03 8.404011491101870401e-01 3.060432190420937781e-03
6.348070945000000393e+03 8.387388212632790330e-01 3.060432190420937781e-03
6.356067915000000539e+03 8.410114635240492076e-01 3.060432190420937781e-03
6.364064884999999776e+03 8.474825659762036389e-01 3.060432190420937781e-03
6.372061854999999923e+03 8.544309616858023482e-01 3.060432190420937781e-03
6.380058825000000070e+03 8.640176540197285204e-01 3.060432190420937781e-03
6.388055795000000217e+03 8.715710278080616158e-01 3.060432190420937781e-03
6.396052765000000363e+03 8.697044853935564923e-01 3.060432190420937781e-03
6.404049735000000510e+03 8.820416087064965049e-01 3.060432190420937781e-03
6.412046705000000657e+03 8.834022088653206151e-01 3.060432190420937781e-03
6.420043674999999894e+03 8.886765770400572029e-01 3.060432190420937781e-03
6.428040645000000040e+03 8.946669910350266708e-01 3.060432190420937781e-03
6.436037615000000187e+03 9.026437171870441700e-01 3.060432190420937781e-03
6.444034585000000334e+03 9.071011389860945684e-01 3.060432190420937781e-03
6.452031555000000481e+03 9.108468923671171336e-01 3.060432190420937781e-03
6.460028524999999718e+03 9.192921582586792706e-01 3.060432190420937781e-03
6.468025494999999864e+03 9.189750351705677778e-01 3.060432190420937781e-03
6.476022465000000011e+03 9.115266886281475633e-01 3.060432190420937781e-03
6.484019435000000158e+03 9.195869275036208101e-01 3.060432190420937781e-03
6.492016405000000304e+03 9.169646431844851175e-01 3.060432190420937781e-03
6.500013375000000451e+03 9.248644964124295154e-01 3.060432190420937781e-03
6.508010345000000598e+03 9.433026408316890210e-01 3.060432190420937781e-03
6.516007314999999835e+03 9.440468243051171049e-01 3.060432190420937781e-03
6.524004284999999982e+03 9.579813922831276196e-01 3.060432190420937781e-03
6.532001255000000128e+03 9.562174091348080163e-01 3.060432190420937781e-03
6.539998225000000275e+03 9.476606179883535486e-01 3.060432190420937781e-03
6.547995194999999512e+03 9.437667850933825209e-01 3.060432190420937781e-03
6.555992164999999659e+03 9.417193184807708395e-01 3.060432190420937781e-03
6.563989134999999806e+03 9.446669169135117894e-01 3.060432190420937781e-03
6.571986104999999952e+03 9.501541213059663260e-01 3.060432190420937781e-03
6.579983075000000099e+03 9.460497740594238092e-01 3.060432190420937781e-03
6.587980045000000246e+03 9.619673243856537992e-01 3.060432190420937781e-03
6.595977015000000392e+03 9.868631265906115946e-01 3.060432190420937781e-03
6.603973985000000539e+03 9.837024011593392681e-01 3.060432190420937781e-03
6.611970954999999776e+03 9.760629417115962436e-01 3.060432190420937781e-03
6.619967924999999923e+03 9.646384671235478381e-01 3.060432190420937781e-03
6.627964895000000070e+03 9.508726183127468312e-01 3.060432190420937781e-03
6.635961865000000216e+03 9.379954533964716124e-01 3.060432190420937781e-03
6.643958834999999453e+03 9.461677282542793055e-01 3.060432190420937781e-03
6.651955804999999600e+03 9.300199449768954407e-01 3.060432190420937781e-03
6.659952774999999747e+03 9.197586177108258987e-01 3.060432190420937781e-03
6.667949744999999893e+03 9.053305145527913433e-01 3.060432190420937781e-03
6.675946715000000040e+03 8.947872347727948705e-01 3.060432190420937781e-03
6.683943685000000187e+03 8.753512311500984966e-01 3.060432190420937781e-03
6.691940655000000334e+03 8.693997053215021253e-01 3.060432190420937781e-03
6.699937624999999571e+03 8.511526572111351996e-01 3.060432190420937781e-03
6.707934594999999717e+03 8.313683194815204569e-01 3.060432190420937781e-03
6.715931564999999864e+03 8.244694607745940429e-01 3.060432190420937781e-03
6.723928535000000011e+03 8.102445110651791405e-01 3.060432190420937781e-03
6.731925505000000157e+03 7.918894291428133503e-01 3.060432190420937781e-03
6.739922474999999395e+03 7.794808155748540468e-01 3.060432190420937781e-03
6.747919444999999541e+03 7.703816253891342392e-01 3.060432190420937781e-03
6.755916414999999688e+03 7.601363687793463164e-01 3.060432190420937781e-03
6.763913384999999835e+03 7.502165687505895075e-01 3.060432190420937781e-03
6.771910354999999981e+03 7.355256542956000176e-01 3.060432190420937781e-03
6.779907325000000128e+03 7.312101932886405642e-01 3.060432190420937781e-03
6.787904295000000275e+03 7.217889130931818276e-01 3.060432190420937781e-03
6.795901264999999512e+03 7.259459126705086751e-01 3.060432190420937781e-03
6.803898234999999659e+03 7.110180827933312298e-01 3.060432190420937781e-03
6.811895204999999805e+03 7.081266554713484540e-01 3.060432190420937781e-03
6.819892174999999952e+03 7.072740259696340681e-01 3.060432190420937781e-03
6.827889145000000099e+03 6.989762890899137160e-01 3.060432190420937781e-03
6.835886114999999336e+03 6.998135278783074176e-01 3.060432190420937781e-03
6.843883084999999483e+03 6.967478704502046982e-01 3.060432190420937781e-03
6.851880054999999629e+03 6.952622960960069820e-01 3.060432190420937781e-03
6.859877024999999776e+03 6.922846641600233220e-01 3.060432190420937781e-03
6.867873994999999923e+03 6.885531894530624308e-01 3.060432190420937781e-03
6.875870965000000069e+03 6.888051181413699098e-01 3.060432190420937781e-03
6.883867935000000216e+03 6.891018773230054295e-01 3.060432190420937781e-03
6.891864904999999453e+03 6.822698387918149088e-01 3.060432190420937781e-03
6.899861874999999600e+03 6.807114506902601780e-01 3.060432190420937781e-03
6.907858844999999747e+03 6.776519478044078504e-01 3.060432190420937781e-03
6.915855814999999893e+03 6.696363082646233922e-01 3.060432190420937781e-03
6.923852784999999130e+03 6.776568243000616887e-01 3.060432190420937781e-03
6.931849754999999277e+03 6.664927596397192122e-01 3.060432190420937781e-03
6.939846724999999424e+03 6.685059310575919289e-01 3.060432190420937781e-03
6.947843694999999570e+03 6.646269721858936164e-01 3.060432190420937781e-03
6.955840664999999717e+03 6.611766835170025391e-01 3.060432190420937781e-03
6.963837634999999864e+03 6.595979749341339682e-01 3.060432190420937781e-03
6.971834605000000010e+03 6.527733384780080028e-01 3.060432190420937781e-03
6.979831575000000157e+03 6.532180643727152347e-01 3.060432190420937781e-03
6.987828544999999394e+03 6.540884333383739646e-01 3.060432190420937781e-03
6.995825514999999541e+03 6.491618334694965187e-01 3.060432190420937781e-03
