6.204125485000000481e+03 8.616488791761324206e-01 3.060432190420937781e-03
6.212122455000000627e+03 8.608112903092719481e-01 3.060432190420937781e-03
6.220119425000000774e+03 8.647526663661184720e-01 3.060432190420937781e-03
6.228116395000000011e+03 8.599218784344162536e-01 3.060432190420937781e-03
6.236113365000000158e+03 8.637775014834838672e-01 3.060432190420937781e-03
6.244110335000000305e+03 8.571804047890155820e-01 3.060432190420937781e-03
6.252107305000000451e+03 8.537355648667134256e-01 3.060432190420937781e-03
6.260104275000000598e+03 8.519201589066185409e-01 3.060432190420937781e-03
6.268101244999999835e+03 8.509952994968783546e-01 3.060432190420937781e-03
6.276098214999999982e+03 8.549589023630237428e-01 3.060432190420937781e-03
6.284095185000000129e+03 8.503447485851541865e-01 3.060432190420937781e-03
6.292092155000000275e+03 8.480422001227915230e-01 3.060432190420937781e-03
6.300089125000000422e+03 8.427921387178652912e-01 3.060432190420937781e-03
6.308086095000000569e+03 8.436814726817079002e-01 3.060432190420937781e-03
6.316083065000000715e+03 8.418172344053909129e-01 3.060432190420937781e-03
6.324080034999999953e+03 8.427393930126398924e-01 3.060432190420937781e-03
6.332077005000000099e+03 8.442478547635012820e-01 3.060432190420937781e-03
6.340073975000000246e+03 8.383989702419308854e-01 3.060432190420937781e-03
6.348070945000000393e+03 8.454502393580873854e-01 3.060432190420937781e-03
6.356067915000000539e+03 8.466381452606061009e-01 3.060432190420937781e-03
6.364064884999999776e+03 8.465970183995056297e-01 3.060432190420937781e-03
6.372061854999999923e+03 8.507483337822917546e-01 3.060432190420937781e-03
6.380058825000000070e+03 8.565558382352360667e-01 3.060432190420937781e-03
6.388055795000000217e+03 8.593485616450493580e-01 3.060432190420937781e-03
6.396052765000000363e+03 8.605850138169701680e-01 3.060432190420937781e-03
6.404049735000000510e+03 8.698101921911681744e-01 3.060432190420937781e-03
6.412046705000000657e+03 8.698147569338293694e-01 3.060432190420937781e-03
6.420043674999999894e+03 8.803234777319108861e-01 3.060432190420937781e-03
6.428040645000000040e+03 8.908605073067225044e-01 3.060432190420937781e-03
6.436037615000000187e+03 8.881600887620204610e-01 3.060432190420937781e-03
6.444034585000000334e+03 8.930056039315552585e-01 3.060432190420937781e-03
6.452031555000000481e+03 8.962576567012575657e-01 3.060432190420937781e-03
6.460028524999999718e+03 9.077628290911478048e-01 3.060432190420937781e-03
6.468025494999999864e+03 9.082953949373684388e-01 3.060432190420937781e-03
6.476022465000000011e+03 9.116346437303267658e-01 3.060432190420937781e-03
6.484019435000000158e+03 9.141248454969240766e-01 3.060432190420937781e-03
6.492016405000000304e+03 9.140353995815246879e-01 3.060432190420937781e-03
6.500013375000000451e+03 9.176657499885350067e-01 3.060432190420937781e-03
6.508010345000000598e+03 9.324532486629344419e-01 3.060432190420937781e-03
6.516007314999999835e+03 9.432677814853251963e-01 3.060432190420937781e-03
6.524004284999999982e+03 9.500988046860143754e-01 3.060432190420937781e-03
6.532001255000000128e+03 9.565367159095778948e-01 3.060432190420937781e-03
6.539998225000000275e+03 9.430099589276015326e-01 3.060432190420937781e-03
6.547995194999999512e+03 9.360107086391168396e-01 3.060432190420937781e-03
6.555992164999999659e+03 9.389043816013000754e-01 3.060432190420937781e-03
6.563989134999999806e+03 9.337360881622140951e-01 3.060432190420937781e-03
6.571986104999999952e+03 9.398234449284189607e-01 3.060432190420937781e-03
6.579983075000000099e+03 9.461733715461763117e-01 3.060432190420937781e-03
6.587980045000000246e+03 9.564486557979391401e-01 3.060432190420937781e-03
6.595977015000000392e+03 9.725625881302090159e-01 3.060432190420937781e-03
6.603973985000000539e+03 9.723989158849785097e-01 3.060432190420937781e-03
6.611970954999999776e+03 9.712293115121977127e-01 3.060432190420937781e-03
6.619967924999999923e+03 9.453235899534409015e-01 3.060432190420937781e-03
6.627964895000000070e+03 9.367877731012771436e-01 3.060432190420937781e-03
6.635961865000000216e+03 9.339225620911336678e-01 3.060432190420937781e-03
6.643958834999999453e+03 9.239985116465376791e-01 3.060432190420937781e-03
6.651955804999999600e+03 9.150182152734422925e-01 3.060432190420937781e-03
6.659952774999999747e+03 9.025716008509476751e-01 3.060432190420937781e-03
6.667949744999999893e+03 8.893197302756259415e-01 3.060432190420937781e-03
6.675946715000000040e+03 8.817753362355628122e-01 3.060432190420937781e-03
6.683943685000000187e+03 8.628043300737130439e-01 3.060432190420937781e-03
6.691940655000000334e+03 8.474804992899213074e-01 3.060432190420937781e-03
6.699937624999999571e+03 8.307497024747789727e-01 3.060432190420937781e-03
6.707934594999999717e+03 8.192963638416406180e-01 3.060432190420937781e-03
6.715931564999999864e+03 8.117715259121284221e-01 3.060432190420937781e-03
6.723928535000000011e+03 7.967963125475954200e-01 3.060432190420937781e-03
6.731925505000000157e+03 7.872489213998996593e-01 3.060432190420937781e-03
6.739922474999999395e+03 7.807510099242391810e-01 3.060432190420937781e-03
6.747919444999999541e+03 7.643629066997050803e-01 3.060432190420937781e-03
6.755916414999999688e+03 7.542311746685472773e-01 3.060432190420937781e-03
6.763913384999999835e+03 7.497098426161244999e-01 3.060432190420937781e-03
6.771910354999999981e+03 7.358960643586314188e-01 3.060432190420937781e-03
6.779907325000000128e+03 7.329051720299663009e-01 3.060432190420937781e-03
6.787904295000000275e+03 7.267742632313285434e-01 3.060432190420937781e-03
6.795901264999999512e+03 7.277617838939249850e-01 3.060432190420937781e-03
6.803898234999999659e+03 7.163404562945897558e-01 3.060432190420937781e-03
6.811895204999999805e+03 7.139115365619391751e-01 3.060432190420937781e-03
6.819892174999999952e+03 7.077914720567467510e-01 3.060432190420937781e-03
6.827889145000000099e+03 7.089534564904274028e-01 3.060432190420937781e-03
6.835886114999999336e+03 7.043682239932980149e-01 3.060432190420937781e-03
6.843883084999999483e+03 7.074915975039038907e-01 3.060432190420937781e-03
6.851880054999999629e+03 6.993049089344965941e-01 3.060432190420937781e-03
6.859877024999999776e+03 6.972840609052194383e-01 3.060432190420937781e-03
6.867873994999999923e+03 6.961927760109252183e-01 3.060432190420937781e-03
6.875870965000000069e+03 6.886062803454292558e-01 3.060432190420937781e-03
6.883867935000000216e+03 6.925576742070325142e-01 3.060432190420937781e-03
6.891864904999999453e+03 6.809845718541912563e-01 3.060432190420937781e-03
6.899861874999999600e+03 6.816540308654981395e-01 3.060432190420937781e-03
6.907858844999999747e+03 6.769156794450442716e-01 3.060432190420937781e-03
6.915855814999999893e+03 6.771959609291047233e-01 3.060432190420937781e-03
6.923852784999999130e+03 6.733422946974563228e-01 3.060432190420937781e-03
6.931849754999999277e+03 6.725991998518457970e-01 3.060432190420937781e-03
6.939846724999999424e+03 6.678797207669752156e-01 3.060432190420937781e-03
6.947843694999999570e+03 6.670775469413428027e-01 3.060432190420937781e-03
6.955840664999999717e+03 6.706807696429420984e-01 3.060432190420937781e-03
6.963837634999999864e+03 6.592712057573824058e-01 3.060432190420937781e-03
6.971834605000000010e+03 6.581798463109999053e-01 3.060432190420937781e-03
6.979831575000000157e+03 6.560875933669879645e-01 3.060432190420937781e-03
6.987828544999999394e+03 6.509612456092505051e-01 3.060432190420937781e-03
6.995825514999999541e+03 6.529201287813998222e-01 3.060432190420937781e-03
