6.204125485000000481e+03 5.316233745307678005e-01 3.060432190420937781e-03
6.212122455000000627e+03 5.318799098880141463e-01 3.060432190420937781e-03
6.220119425000000774e+03 5.324475351757894659e-01 3.060432190420937781e-03
6.228116395000000011e+03 5.408823414878061175e-01 3.060432190420937781e-03
6.236113365000000158e+03 5.324515632048195668e-01 3.060432190420937781e-03
6.244110335000000305e+03 5.271853672647591749e-01 3.060432190420937781e-03
6.252107305000000451e+03 5.304552208871928798e-01 3.060432190420937781e-03
6.260104275000000598e+03 5.299353043947753195e-01 3.060432190420937781e-03
6.268101244999999835e+03 5.222832594589787991e-01 3.060432190420937781e-03
6.276098214999999982e+03 5.259088634656173822e-01 3.060432190420937781e-03
6.284095185000000129e+03 5.270622821262770374e-01 3.060432190420937781e-03
6.292092155000000275e+03 5.225016146616334733e-01 3.060432190420937781e-03
6.300089125000000422e+03 5.293004850115979876e-01 3.060432190420937781e-03
6.308086095000000569e+03 5.248440753995928798e-01 3.060432190420937781e-03
6.316083065000000715e+03 5.286358989377715201e-01 3.060432190420937781e-03
6.324080034999999953e+03 5.202380697342157134e-01 3.060432190420937781e-03
6.332077005000000099e+03 5.204942653881838854e-01 3.060432190420937781e-03
6.340073975000000246e+03 5.256530570189178464e-01 3.060432190420937781e-03
6.348070945000000393e+03 5.244237674928968751e-01 3.060432190420937781e-03
6.356067915000000539e+03 5.291991562761657608e-01 3.060432190420937781e-03
6.364064884999999776e+03 5.298588365652528998e-01 3.060432190420937781e-03
6.372061854999999923e+03 5.354218305435456404e-01 3.060432190420937781e-03
6.380058825000000070e+03 5.397066893054076608e-01 3.060432190420937781e-03
6.388055795000000217e+03 5.435156906644880159e-01 3.060432190420937781e-03
6.396052765000000363e+03 5.561941807546620931e-01 3.060432190420937781e-03
6.404049735000000510e+03 5.535288854521211999e-01 3.060432190420937781e-03
6.412046705000000657e+03 5.580177478305912153e-01 3.060432190420937781e-03
6.420043674999999894e+03 5.620389843191239132e-01 3.060432190420937781e-03
6.428040645000000040e+03 5.664998930601973237e-01 3.060432190420937781e-03
6.436037615000000187e+03 5.778768614010508786e-01 3.060432190420937781e-03
6.444034585000000334e+03 5.843728037690342214e-01 3.060432190420937781e-03
6.452031555000000481e+03 5.867287482677299160e-01 3.060432190420937781e-03
6.460028524999999718e+03 5.924614533682981410e-01 3.060432190420937781e-03
6.468025494999999864e+03 6.004006420970012803e-01 3.060432190420937781e-03
6.476022465000000011e+03 5.987724877932408818e-01 3.060432190420937781e-03
6.484019435000000158e+03 5.999585797987596614e-01 3.060432190420937781e-03
6.492016405000000304e+03 6.135042180468246453e-01 3.060432190420937781e-03
6.500013375000000451e+03 6.205920746204179883e-01 3.060432190420937781e-03
6.508010345000000598e+03 6.347612373260044238e-01 3.060432190420937781e-03
6.516007314999999835e+03 6.437980159661647050e-01 3.060432190420937781e-03
6.524004284999999982e+03 6.645272453236513721e-01 3.060432190420937781e-03
6.532001255000000128e+03 6.603545403572156358e-01 3.060432190420937781e-03
6.539998225000000275e+03 6.421846587826623987e-01 3.060432190420937781e-03
6.547995194999999512e+03 6.445860919547201640e-01 3.060432190420937781e-03
6.555992164999999659e+03 6.447655945437037461e-01 3.060432190420937781e-03
6.563989134999999806e+03 6.490835809801276390e-01 3.060432190420937781e-03
6.571986104999999952e+03 6.469215446490556021e-01 3.060432190420937781e-03
6.579983075000000099e+03 6.540396317486492084e-01 3.060432190420937781e-03
6.587980045000000246e+03 6.576170329612699428e-01 3.060432190420937781e-03
6.595977015000000392e+03 6.795384935020040151e-01 3.060432190420937781e-03
6.603973985000000539e+03 6.756613927831640609e-01 3.060432190420937781e-03
6.611970954999999776e+03 6.754989232893751083e-01 3.060432190420937781e-03
6.619967924999999923e+03 6.627578691669907540e-01 3.060432190420937781e-03
6.627964895000000070e+03 6.500017218315917722e-01 3.060432190420937781e-03
6.635961865000000216e+03 6.367927493770344505e-01 3.060432190420937781e-03
6.643958834999999453e+03 6.272742605870977872e-01 3.060432190420937781e-03
6.651955804999999600e+03 6.218803046278860158e-01 3.060432190420937781e-03
6.659952774999999747e+03 6.029683306964263023e-01 3.060432190420937781e-03
6.667949744999999893e+03 5.931128593430649021e-01 3.060432190420937781e-03
6.675946715000000040e+03 5.779297840064345770e-01 3.060432190420937781e-03
6.683943685000000187e+03 5.730655042476447969e-01 3.060432190420937781e-03
6.691940655000000334e+03 5.627348905344884411e-01 3.060432190420937781e-03
6.699937624999999571e+03 5.476603875324956849e-01 3.060432190420937781e-03
6.707934594999999717e+03 5.323561232865284820e-01 3.060432190420937781e-03
6.715931564999999864e+03 5.259682834752515967e-01 3.060432190420937781e-03
6.723928535000000011e+03 5.178764514482984138e-01 3.060432190420937781e-03
6.731925505000000157e+03 5.084714069273688075e-01 3.060432190420937781e-03
6.739922474999999395e+03 4.958695730110454503e-01 3.060432190420937781e-03
6.747919444999999541e+03 4.912760051201488509e-01 3.060432190420937781e-03
6.755916414999999688e+03 4.829757727503058984e-01 3.060432190420937781e-03
6.763913384999999835e+03 4.723199582148047693e-01 3.060432190420937781e-03
6.771910354999999981e+03 4.677891189653120563e-01 3.060432190420937781e-03
6.779907325000000128e+03 4.609886491846522105e-01 3.060432190420937781e-03
6.787904295000000275e+03 4.600290003750478474e-01 3.060432190420937781e-03
6.795901264999999512e+03 4.570640391367720712e-01 3.060432190420937781e-03
6.803898234999999659e+03 4.479537882794418224e-01 3.060432190420937781e-03
6.811895204999999805e+03 4.428969807234345302e-01 3.060432190420937781e-03
6.819892174999999952e+03 4.382122508246324433e-01 3.060432190420937781e-03
6.827889145000000099e+03 4.368399371389077857e-01 3.060432190420937781e-03
6.835886114999999336e+03 4.430846628851232150e-01 3.060432190420937781e-03
6.843883084999999483e+03 4.315569121033923095e-01 3.060432190420937781e-03
6.851880054999999629e+03 4.360285801807244344e-01 3.060432190420937781e-03
6.859877024999999776e+03 4.321311948838563177e-01 3.060432190420937781e-03
6.867873994999999923e+03 4.292290498194485937e-01 3.060432190420937781e-03
6.875870965000000069e+03 4.244183375117971391e-01 3.060432190420937781e-03
6.883867935000000216e+03 4.260738707643717538e-01 3.060432190420937781e-03
6.891864904999999453e+03 4.260814377397120212e-01 3.060432190420937781e-03
6.899861874999999600e+03 4.194674493720725317e-01 3.060432190420937781e-03
6.907858844999999747e+03 4.191597746294628557e-01 3.060432190420937781e-03
6.915855814999999893e+03 4.203381076915843062e-01 3.060432190420937781e-03
6.923852784999999130e+03 4.178186680626099214e-01 3.060432190420937781e-03
6.931849754999999277e+03 4.122396072866147398e-01 3.060432190420937781e-03
6.939846724999999424e+03 4.139211792213352559e-01 3.060432190420937781e-03
6.947843694999999570e+03 4.137796411945816044e-01 3.060432190420937781e-03
6.955840664999999717e+03 4.120852214991148066e-01 3.060432190420937781e-03
6.963837634999999864e+03 4.055802438086173467e-01 3.060432190420937781e-03
6.971834605000000010e+03 4.107359656010023952e-01 3.060432190420937781e-03
6.979831575000000157e+03 4.052697664949365675e-01 3.060432190420937781e-03
6.987828544999999394e+03 4.116988188934800896e-01 3.060432190420937781e-03
6.995825514999999541e+03 4.000033371108425717e-01 3.060432190420937781e-03
