6.204125485000000481e+03 6.331081709418436843e-01 3.060432190420937781e-03
6.212122455000000627e+03 6.313798088071422843e-01 3.060432190420937781e-03
6.220119425000000774e+03 6.272219572086512596e-01 3.060432190420937781e-03
6.228116395000000011e+03 6.336183108629804828e-01 3.060432190420937781e-03
6.236113365000000158e+03 6.268035961112377041e-01 3.060432190420937781e-03
6.244110335000000305e+03 6.254592149193802797e-01 3.060432190420937781e-03
6.252107305000000451e+03 6.234350274284732318e-01 3.060432190420937781e-03
6.260104275000000598e+03 6.199812565349067661e-01 3.060432190420937781e-03
6.268101244999999835e+03 6.165230696279352385e-01 3.060432190420937781e-03
6.276098214999999982e+03 6.206787452495038382e-01 3.060432190420937781e-03
6.284095185000000129e+03 6.228190594414396708e-01 3.060432190420937781e-03
6.292092155000000275e+03 6.211665799782799535e-01 3.060432190420937781e-03
6.300089125000000422e+03 6.194649901855813212e-01 3.060432190420937781e-03
6.308086095000000569e+03 6.115741112402978130e-01 3.060432190420937781e-03
6.316083065000000715e+03 6.094353838529111833e-01 3.060432190420937781e-03
6.324080034999999953e+03 6.175229194615088346e-01 3.060432190420937781e-03
6.332077005000000099e+03 6.131628258220841454e-01 3.060432190420937781e-03
6.340073975000000246e+03 6.198263303777766797e-01 3.060432190420937781e-03
6.348070945000000393e+03 6.199079875086865865e-01 3.060432190420937781e-03
6.356067915000000539e+03 6.196323092255299203e-01 3.060432190420937781e-03
6.364064884999999776e+03 6.258489487699171461e-01 3.060432190420937781e-03
6.372061854999999923e+03 6.292101665219136386e-01 3.060432190420937781e-03
6.380058825000000070e+03 6.407589125381892847e-01 3.060432190420937781e-03
6.388055795000000217e+03 6.441131753208694244e-01 3.060432190420937781e-03
6.396052765000000363e+03 6.485964701325875881e-01 3.060432190420937781e-03
6.404049735000000510e+03 6.546964166928275208e-01 3.060432190420937781e-03
6.412046705000000657e+03 6.677538635897549701e-01 3.060432190420937781e-03
6.420043674999999894e+03 6.710934262450914956e-01 3.060432190420937781e-03
6.428040645000000040e+03 6.716200885144503196e-01 3.060432190420937781e-03
6.436037615000000187e+03 6.929907634729536303e-01 3.060432190420937781e-03
6.444034585000000334e+03 6.893991341524129401e-01 3.060432190420937781e-03
6.452031555000000481e+03 7.006861287721498632e-01 3.060432190420937781e-03
6.460028524999999718e+03 7.101878228133079451e-01 3.060432190420937781e-03
6.468025494999999864e+03 7.161016816760414905e-01 3.060432190420937781e-03
6.476022465000000011e+03 7.094765240081599700e-01 3.060432190420937781e-03
6.484019435000000158e+03 7.064230082928865118e-01 3.060432190420937781e-03
6.492016405000000304e+03 7.141088644659292495e-01 3.060432190420937781e-03
6.500013375000000451e+03 7.221719512727251544e-01 3.060432190420937781e-03
6.508010345000000598e+03 7.266112669458586470e-01 3.060432190420937781e-03
6.516007314999999835e+03 7.442524375913880386e-01 3.060432190420937781e-03
6.524004284999999982e+03 7.510941463705781418e-01 3.060432190420937781e-03
6.532001255000000128e+03 7.488169397256462245e-01 3.060432190420937781e-03
6.539998225000000275e+03 7.366440805145260118e-01 3.060432190420937781e-03
6.547995194999999512e+03 7.331656562563401147e-01 3.060432190420937781e-03
6.555992164999999659e+03 7.321778718278483256e-01 3.060432190420937781e-03
6.563989134999999806e+03 7.394488536466464756e-01 3.060432190420937781e-03
6.571986104999999952e+03 7.398845008228185360e-01 3.060432190420937781e-03
6.579983075000000099e+03 7.380325483167383682e-01 3.060432190420937781e-03
6.587980045000000246e+03 7.540554897530007405e-01 3.060432190420937781e-03
6.595977015000000392e+03 7.783839757828140415e-01 3.060432190420937781e-03
6.603973985000000539e+03 7.781415634442713225e-01 3.060432190420937781e-03
6.611970954999999776e+03 7.737887979650969195e-01 3.060432190420937781e-03
6.619967924999999923e+03 7.560696622695881608e-01 3.060432190420937781e-03
6.627964895000000070e+03 7.475413270564406076e-01 3.060432190420937781e-03
6.635961865000000216e+03 7.444360835147624256e-01 3.060432190420937781e-03
6.643958834999999453e+03 7.514182271401298463e-01 3.060432190420937781e-03
6.651955804999999600e+03 7.420840543305908810e-01 3.060432190420937781e-03
6.659952774999999747e+03 7.297112896079640532e-01 3.060432190420937781e-03
6.667949744999999893e+03 7.064888211506843430e-01 3.060432190420937781e-03
6.675946715000000040e+03 6.979397813536938333e-01 3.060432190420937781e-03
6.683943685000000187e+03 6.862507341763496305e-01 3.060432190420937781e-03
6.691940655000000334e+03 6.669344589219871056e-01 3.060432190420937781e-03
6.699937624999999571e+03 6.461797759879809311e-01 3.060432190420937781e-03
6.707934594999999717e+03 6.309252727845312547e-01 3.060432190420937781e-03
6.715931564999999864e+03 6.174813542411941025e-01 3.060432190420937781e-03
6.723928535000000011e+03 6.070096133765527924e-01 3.060432190420937781e-03
6.731925505000000157e+03 6.030391792327369771e-01 3.060432190420937781e-03
6.739922474999999395e+03 5.815122498975555665e-01 3.060432190420937781e-03
6.747919444999999541e+03 5.761602497982176718e-01 3.060432190420937781e-03
6.755916414999999688e+03 5.705284569793177551e-01 3.060432190420937781e-03
6.763913384999999835e+03 5.507027044298228313e-01 3.060432190420937781e-03
6.771910354999999981e+03 5.436793226860235917e-01 3.060432190420937781e-03
6.779907325000000128e+03 5.404591674519656497e-01 3.060432190420937781e-03
6.787904295000000275e+03 5.378372496944269221e-01 3.060432190420937781e-03
6.795901264999999512e+03 5.300115728120157188e-01 3.060432190420937781e-03
6.803898234999999659e+03 5.261958555819856720e-01 3.060432190420937781e-03
6.811895204999999805e+03 5.190402013055853692e-01 3.060432190420937781e-03
6.819892174999999952e+03 5.231993242471350003e-01 3.060432190420937781e-03
6.827889145000000099e+03 5.235969991042442873e-01 3.060432190420937781e-03
6.835886114999999336e+03 5.147228267136957358e-01 3.060432190420937781e-03
6.843883084999999483e+03 5.137812573594410237e-01 3.060432190420937781e-03
6.851880054999999629e+03 5.120038834211885215e-01 3.060432190420937781e-03
6.859877024999999776e+03 5.129430939546821833e-01 3.060432190420937781e-03
6.867873994999999923e+03 5.112573327757304886e-01 3.060432190420937781e-03
6.875870965000000069e+03 5.010948545457776238e-01 3.060432190420937781e-03
6.883867935000000216e+03 5.022354715511382350e-01 3.060432190420937781e-03
6.891864904999999453e+03 5.028727699933895900e-01 3.060432190420937781e-03
6.899861874999999600e+03 5.010315833951853870e-01 3.060432190420937781e-03
6.907858844999999747e+03 4.923406399587719751e-01 3.060432190420937781e-03
6.915855814999999893e+03 4.944190484452691825e-01 3.060432190420937781e-03
6.923852784999999130e+03 4.948758642582578582e-01 3.060432190420937781e-03
6.931849754999999277e+03 4.939994807549547562e-01 3.060432190420937781e-03
6.939846724999999424e+03 4.858192884847317150e-01 3.060432190420937781e-03
6.947843694999999570e+03 4.842179968802709511e-01 3.060432190420937781e-03
6.955840664999999717e+03 4.840720628916050372e-01 3.060432190420937781e-03
6.963837634999999864e+03 4.806802340641585514e-01 3.060432190420937781e-03
6.971834605000000010e+03 4.821904914981479662e-01 3.060432190420937781e-03
6.979831575000000157e+03 4.742875098267753664e-01 3.060432190420937781e-03
6.987828544999999394e+03 4.695800919051046907e-01 3.060432190420937781e-03
6.995825514999999541e+03 4.729823566486450193e-01 3.060432190420937781e-03
