6.204125485000000481e+03 7.553320267842780211e-01 3.060432190420937781e-03
6.212122455000000627e+03 7.507834337103410638e-01 3.060432190420937781e-03
6.220119425000000774e+03 7.509105875650385897e-01 3.060432190420937781e-03
6.228116395000000011e+03 7.478734621295581864e-01 3.060432190420937781e-03
6.236113365000000158e+03 7.451235830217726175e-01 3.060432190420937781e-03
6.244110335000000305e+03 7.512056593096314572e-01 3.060432190420937781e-03
6.252107305000000451e+03 7.405819386784386893e-01 3.060432190420937781e-03
6.260104275000000598e+03 7.409452846145316851e-01 3.060432190420937781e-03
6.268101244999999835e+03 7.418269549152266551e-01 3.060432190420937781e-03
6.276098214999999982e+03 7.407544695157185499e-01 3.060432190420937781e-03
6.284095185000000129e+03 7.413003156951580852e-01 3.060432190420937781e-03
6.292092155000000275e+03 7.469836423623534838e-01 3.060432190420937781e-03
6.300089125000000422e+03 7.386159750125466106e-01 3.060432190420937781e-03
6.308086095000000569e+03 7.367151874502751996e-01 3.060432190420937781e-03
6.316083065000000715e+03 7.355769865651246020e-01 3.060432190420937781e-03
6.324080034999999953e+03 7.333570256123813635e-01 3.060432190420937781e-03
6.332077005000000099e+03 7.318924896955564252e-01 3.060432190420937781e-03
6.340073975000000246e+03 7.280476933705757325e-01 3.060432190420937781e-03
6.348070945000000393e+03 7.246800672035106361e-01 3.060432190420937781e-03
6.356067915000000539e+03 7.353507526911482461e-01 3.060432190420937781e-03
6.364064884999999776e+03 7.402937792527307659e-01 3.060432190420937781e-03
6.372061854999999923e+03 7.490623089413996905e-01 3.060432190420937781e-03
6.380058825000000070e+03 7.479244438309253784e-01 3.060432190420937781e-03
6.388055795000000217e+03 7.528951114653474885e-01 3.060432190420937781e-03
6.396052765000000363e+03 7.654770574031622976e-01 3.060432190420937781e-03
6.404049735000000510e+03 7.680326219655302378e-01 3.060432190420937781e-03
6.412046705000000657e+03 7.735568665546483924e-01 3.060432190420937781e-03
6.420043674999999894e+03 7.742229280146424308e-01 3.060432190420937781e-03
6.428040645000000040e+03 7.728458069322758917e-01 3.060432190420937781e-03
6.436037615000000187e+03 7.836444373317683620e-01 3.060432190420937781e-03
6.444034585000000334e+03 7.865687955031482881e-01 3.060432190420937781e-03
6.452031555000000481e+03 7.935332398296172096e-01 3.060432190420937781e-03
6.460028524999999718e+03 8.030023880887603438e-01 3.060432190420937781e-03
6.468025494999999864e+03 7.991283447499447634e-01 3.060432190420937781e-03
6.476022465000000011e+03 7.990188794310292275e-01 3.060432190420937781e-03
6.484019435000000158e+03 7.994660425439414908e-01 3.060432190420937781e-03
6.492016405000000304e+03 8.079010047841650444e-01 3.060432190420937781e-03
6.500013375000000451e+03 8.093929328769580156e-01 3.060432190420937781e-03
6.508010345000000598e+03 8.341436480449543334e-01 3.060432190420937781e-03
6.516007314999999835e+03 8.417218839799228691e-01 3.060432190420937781e-03
6.524004284999999982e+03 8.507682575533299651e-01 3.060432190420937781e-03
6.532001255000000128e+03 8.512028241968009334e-01 3.060432190420937781e-03
6.539998225000000275e+03 8.385219568781182575e-01 3.060432190420937781e-03
6.547995194999999512e+03 8.383297624396148784e-01 3.060432190420937781e-03
6.555992164999999659e+03 8.401580742349765707e-01 3.060432190420937781e-03
6.563989134999999806e+03 8.325932843067581635e-01 3.060432190420937781e-03
6.571986104999999952e+03 8.404136125763401743e-01 3.060432190420937781e-03
6.579983075000000099e+03 8.478175349972847386e-01 3.060432190420937781e-03
6.587980045000000246e+03 8.545245397253318220e-01 3.060432190420937781e-03
6.595977015000000392e+03 8.741437605626948271e-01 3.060432190420937781e-03
6.603973985000000539e+03 8.702164910737975045e-01 3.060432190420937781e-03
6.611970954999999776e+03 8.645722657531619282e-01 3.060432190420937781e-03
6.619967924999999923e+03 8.530898428641601194e-01 3.060432190420937781e-03
6.627964895000000070e+03 8.425391638517064630e-01 3.060432190420937781e-03
6.635961865000000216e+03 8.292448849738559558e-01 3.060432190420937781e-03
6.643958834999999453e+03 8.282569325409309124e-01 3.060432190420937781e-03
6.651955804999999600e+03 8.076968461240628949e-01 3.060432190420937781e-03
6.659952774999999747e+03 7.994722634196924638e-01 3.060432190420937781e-03
6.667949744999999893e+03 7.856095545378148914e-01 3.060432190420937781e-03
6.675946715000000040e+03 7.792402584517040820e-01 3.060432190420937781e-03
6.683943685000000187e+03 7.674254006240345261e-01 3.060432190420937781e-03
6.691940655000000334e+03 7.537912149631238456e-01 3.060432190420937781e-03
6.699937624999999571e+03 7.438785801339635739e-01 3.060432190420937781e-03
6.707934594999999717e+03 7.297484462544624462e-01 3.060432190420937781e-03
6.715931564999999864e+03 7.186545551330686399e-01 3.060432190420937781e-03
6.723928535000000011e+03 7.129794173646951672e-01 3.060432190420937781e-03
6.731925505000000157e+03 6.983885445369749645e-01 3.060432190420937781e-03
6.739922474999999395e+03 6.891215717436928179e-01 3.060432190420937781e-03
6.747919444999999541e+03 6.737130444902069693e-01 3.060432190420937781e-03
6.755916414999999688e+03 6.649791149733503826e-01 3.060432190420937781e-03
6.763913384999999835e+03 6.548592731947461276e-01 3.060432190420937781e-03
6.771910354999999981e+03 6.488188936739396340e-01 3.060432190420937781e-03
6.779907325000000128e+03 6.427712517997352659e-01 3.060432190420937781e-03
6.787904295000000275e+03 6.310479682048143468e-01 3.060432190420937781e-03
6.795901264999999512e+03 6.257205090077272436e-01 3.060432190420937781e-03
6.803898234999999659e+03 6.263859715838586695e-01 3.060432190420937781e-03
6.811895204999999805e+03 6.215999877721335443e-01 3.060432190420937781e-03
6.819892174999999952e+03 6.197163778159274772e-01 3.060432190420937781e-03
6.827889145000000099e+03 6.186660586877972268e-01 3.060432190420937781e-03
6.835886114999999336e+03 6.161868881924741359e-01 3.060432190420937781e-03
6.843883084999999483e+03 6.092451283981211718e-01 3.060432190420937781e-03
6.851880054999999629e+03 6.080195590444714693e-01 3.060432190420937781e-03
6.859877024999999776e+03 6.089015605520892160e-01 3.060432190420937781e-03
6.867873994999999923e+03 6.022508496479641593e-01 3.060432190420937781e-03
6.875870965000000069e+03 6.040379428272493190e-01 3.060432190420937781e-03
6.883867935000000216e+03 5.986011025476757341e-01 3.060432190420937781e-03
6.891864904999999453e+03 5.981356016367387340e-01 3.060432190420937781e-03
6.899861874999999600e+03 5.927343275438162751e-01 3.060432190420937781e-03
6.907858844999999747e+03 5.881873016226727424e-01 3.060432190420937781e-03
6.915855814999999893e+03 5.939571442401525569e-01 3.060432190420937781e-03
6.923852784999999130e+03 5.866521377099727097e-01 3.060432190420937781e-03
6.931849754999999277e+03 5.861170275632433535e-01 3.060432190420937781e-03
6.939846724999999424e+03 5.847182829824727479e-01 3.060432190420937781e-03
6.947843694999999570e+03 5.813653316652723779e-01 3.060432190420937781e-03
6.955840664999999717e+03 5.722367179884053634e-01 3.060432190420937781e-03
6.963837634999999864e+03 5.753238674604289615e-01 3.060432190420937781e-03
6.971834605000000010e+03 5.684654836654289278e-01 3.060432190420937781e-03
6.979831575000000157e+03 5.698298616922696791e-01 3.060432190420937781e-03
6.987828544999999394e+03 5.655283100874788360e-01 3.060432190420937781e-03
6.995825514999999541e+03 5.697412520820068771e-01 3.060432190420937781e-03
