6.204125485000000481e+03 9.774410665432877732e-01 3.060432190420937781e-03
6.212122455000000627e+03 9.786019993493525471e-01 3.060432190420937781e-03
6.220119425000000774e+03 9.799657121632436851e-01 3.060432190420937781e-03
6.228116395000000011e+03 9.777751933872906864e-01 3.060432190420937781e-03
6.236113365000000158e+03 9.726488684406204843e-01 3.060432190420937781e-03
6.244110335000000305e+03 9.695388091030908706e-01 3.060432190420937781e-03
6.252107305000000451e+03 9.695707460924022358e-01 3.060432190420937781e-03
6.260104275000000598e+03 9.646488854282565528e-01 3.060432190420937781e-03
6.268101244999999835e+03 9.611270576879420435e-01 3.060432190420937781e-03
6.276098214999999982e+03 9.683262872284872369e-01 3.060432190420937781e-03
6.284095185000000129e+03 9.664438560367103470e-01 3.060432190420937781e-03
6.292092155000000275e+03 9.612212051211490582e-01 3.060432190420937781e-03
6.300089125000000422e+03 9.563621899598117038e-01 3.060432190420937781e-03
6.308086095000000569e+03 9.532026471631513953e-01 3.060432190420937781e-03
6.316083065000000715e+03 9.568837411353735556e-01 3.060432190420937781e-03
6.324080034999999953e+03 9.520014751692449373e-01 3.060432190420937781e-03
6.332077005000000099e+03 9.540952102510837918e-01 3.060432190420937781e-03
6.340073975000000246e+03 9.577355270818737054e-01 3.060432190420937781e-03
6.348070945000000393e+03 9.544418824861087280e-01 3.060432190420937781e-03
6.356067915000000539e+03 9.534950862654748560e-01 3.060432190420937781e-03
6.364064884999999776e+03 9.581016469213157194e-01 3.060432190420937781e-03
6.372061854999999923e+03 9.628799080292846924e-01 3.060432190420937781e-03
6.380058825000000070e+03 9.704407826011502980e-01 3.060432190420937781e-03
6.388055795000000217e+03 9.740039805202270751e-01 3.060432190420937781e-03
6.396052765000000363e+03 9.828039787388805903e-01 3.060432190420937781e-03
6.404049735000000510e+03 9.905838627095638893e-01 3.060432190420937781e-03
6.412046705000000657e+03 9.902348604692684519e-01 3.060432190420937781e-03
6.420043674999999894e+03 9.925021053911050606e-01 3.060432190420937781e-03
6.428040645000000040e+03 9.965383739584632306e-01 3.060432190420937781e-03
6.436037615000000187e+03 9.998750349535953097e-01 3.060432190420937781e-03
6.444034585000000334e+03 1.008446652909771535e+00 3.060432190420937781e-03
6.452031555000000481e+03 1.013928507006645718e+00 3.060432190420937781e-03
6.460028524999999718e+03 1.014681677213262079e+00 3.060432190420937781e-03
6.468025494999999864e+03 1.022494527802558117e+00 3.060432190420937781e-03
6.476022465000000011e+03 1.023570934281643696e+00 3.060432190420937781e-03
6.484019435000000158e+03 1.023270391338085616e+00 3.060432190420937781e-03
6.492016405000000304e+03 1.028182918565061055e+00 3.060432190420937781e-03
6.500013375000000451e+03 1.027670285217112900e+00 3.060432190420937781e-03
6.508010345000000598e+03 1.054178802635371115e+00 3.060432190420937781e-03
6.516007314999999835e+03 1.057293184227435345e+00 3.060432190420937781e-03
6.524004284999999982e+03 1.058045953657371419e+00 3.060432190420937781e-03
6.532001255000000128e+03 1.060995101253947581e+00 3.060432190420937781e-03
6.539998225000000275e+03 1.044759413410035753e+00 3.060432190420937781e-03
6.547995194999999512e+03 1.050459485702587958e+00 3.060432190420937781e-03
6.555992164999999659e+03 1.049734328781413151e+00 3.060432190420937781e-03
6.563989134999999806e+03 1.052667165140143357e+00 3.060432190420937781e-03
6.571986104999999952e+03 1.051939954990982917e+00 3.060432190420937781e-03
6.579983075000000099e+03 1.056763308549986569e+00 3.060432190420937781e-03
6.587980045000000246e+03 1.063253082612507505e+00 3.060432190420937781e-03
6.595977015000000392e+03 1.082443816582191021e+00 3.060432190420937781e-03
6.603973985000000539e+03 1.079209643408957309e+00 3.060432190420937781e-03
6.611970954999999776e+03 1.072975486683072299e+00 3.060432190420937781e-03
6.619967924999999923e+03 1.063951029326399844e+00 3.060432190420937781e-03
6.627964895000000070e+03 1.056518368426681453e+00 3.060432190420937781e-03
6.635961865000000216e+03 1.041337747713267259e+00 3.060432190420937781e-03
6.643958834999999453e+03 1.033987968529187507e+00 3.060432190420937781e-03
6.651955804999999600e+03 1.024277793798465064e+00 3.060432190420937781e-03
6.659952774999999747e+03 1.009897628214031062e+00 3.060432190420937781e-03
6.667949744999999893e+03 1.002844533395347737e+00 3.060432190420937781e-03
6.675946715000000040e+03 9.825786784808864249e-01 3.060432190420937781e-03
6.683943685000000187e+03 9.705238499434339916e-01 3.060432190420937781e-03
6.691940655000000334e+03 9.589935714270471090e-01 3.060432190420937781e-03
6.699937624999999571e+03 9.367603648860021170e-01 3.060432190420937781e-03
6.707934594999999717e+03 9.247473693964061159e-01 3.060432190420937781e-03
6.715931564999999864e+03 9.171846340311586854e-01 3.060432190420937781e-03
6.723928535000000011e+03 8.986259309471386070e-01 3.060432190420937781e-03
6.731925505000000157e+03 8.874622691351690129e-01 3.060432190420937781e-03
6.739922474999999395e+03 8.774558125832192523e-01 3.060432190420937781e-03
6.747919444999999541e+03 8.673755554291068259e-01 3.060432190420937781e-03
6.755916414999999688e+03 8.518712086764891334e-01 3.060432190420937781e-03
6.763913384999999835e+03 8.470500866017892649e-01 3.060432190420937781e-03
6.771910354999999981e+03 8.372270908006539392e-01 3.060432190420937781e-03
6.779907325000000128e+03 8.322984736321689114e-01 3.060432190420937781e-03
6.787904295000000275e+03 8.148640858751509120e-01 3.060432190420937781e-03
6.795901264999999512e+03 8.159477388222143857e-01 3.060432190420937781e-03
6.803898234999999659e+03 8.135987275842300193e-01 3.060432190420937781e-03
6.811895204999999805e+03 8.014700522453148679e-01 3.060432190420937781e-03
6.819892174999999952e+03 8.015444147554335874e-01 3.060432190420937781e-03
6.827889145000000099e+03 8.002774591593726505e-01 3.060432190420937781e-03
6.835886114999999336e+03 7.955648407626844110e-01 3.060432190420937781e-03
6.843883084999999483e+03 7.949704147740696003e-01 3.060432190420937781e-03
6.851880054999999629e+03 7.932479136163737010e-01 3.060432190420937781e-03
6.859877024999999776e+03 7.845336467983151651e-01 3.060432190420937781e-03
6.867873994999999923e+03 7.834996672596959977e-01 3.060432190420937781e-03
6.875870965000000069e+03 7.877798253585164279e-01 3.060432190420937781e-03
6.883867935000000216e+03 7.873918473790982864e-01 3.060432190420937781e-03
6.891864904999999453e+03 7.789636078347906833e-01 3.060432190420937781e-03
6.899861874999999600e+03 7.687182599818851436e-01 3.060432190420937781e-03
6.907858844999999747e+03 7.673986445983781435e-01 3.060432190420937781e-03
6.915855814999999893e+03 7.644192232785872454e-01 3.060432190420937781e-03
6.923852784999999130e+03 7.667683892856538286e-01 3.060432190420937781e-03
6.931849754999999277e+03 7.605508877889187724e-01 3.060432190420937781e-03
6.939846724999999424e+03 7.605260907626752998e-01 3.060432190420937781e-03
6.947843694999999570e+03 7.570954947507984034e-01 3.060432190420937781e-03
6.955840664999999717e+03 7.561722319303056938e-01 3.060432190420937781e-03
6.963837634999999864e+03 7.489284863136097536e-01 3.060432190420937781e-03
6.971834605000000010e+03 7.470364640590475558e-01 3.060432190420937781e-03
6.979831575000000157e+03 7.425921165446502936e-01 3.060432190420937781e-03
6.987828544999999394e+03 7.426936783733366632e-01 3.060432190420937781e-03
6.995825514999999541e+03 7.336484633850743897e-01 3.060432190420937781e-03
