6.204125485000000481e+03 7.421842315781992383e-01 3.060432190420937781e-03
6.212122455000000627e+03 7.472010962930796252e-01 3.060432190420937781e-03
6.220119425000000774e+03 7.410288313632840129e-01 3.060432190420937781e-03
6.228116395000000011e+03 7.430867192785044484e-01 3.060432190420937781e-03
6.236113365000000158e+03 7.378110219468384523e-01 3.060432190420937781e-03
6.244110335000000305e+03 7.393907548680597186e-01 3.060432190420937781e-03
6.252107305000000451e+03 7.350074565007804761e-01 3.060432190420937781e-03
6.260104275000000598e+03 7.373736390237232152e-01 3.060432190420937781e-03
6.268101244999999835e+03 7.348229882769964361e-01 3.060432190420937781e-03
6.276098214999999982e+03 7.328404464507819460e-01 3.060432190420937781e-03
6.284095185000000129e+03 7.317644503596897332e-01 3.060432190420937781e-03
6.292092155000000275e+03 7.254907509762809070e-01 3.060432190420937781e-03
6.300089125000000422e+03 7.322778024314039458e-01 3.060432190420937781e-03
6.308086095000000569e+03 7.254387088739949752e-01 3.060432190420937781e-03
6.316083065000000715e+03 7.238807565477265449e-01 3.060432190420937781e-03
6.324080034999999953e+03 7.259163930329237679e-01 3.060432190420937781e-03
6.332077005000000099e+03 7.188100062376647781e-01 3.060432190420937781e-03
6.340073975000000246e+03 7.254012142433431398e-01 3.060432190420937781e-03
6.348070945000000393e+03 7.282624241544715105e-01 3.060432190420937781e-03
6.356067915000000539e+03 7.256969637436792020e-01 3.060432190420937781e-03
6.364064884999999776e+03 7.338606319858292926e-01 3.060432190420937781e-03
6.372061854999999923e+03 7.336983742319003188e-01 3.060432190420937781e-03
6.380058825000000070e+03 7.346901507322460834e-01 3.060432190420937781e-03
6.388055795000000217e+03 7.352086430821225260e-01 3.060432190420937781e-03
6.396052765000000363e+03 7.424943351652011359e-01 3.060432190420937781e-03
6.404049735000000510e+03 7.446294346127447783e-01 3.060432190420937781e-03
6.412046705000000657e+03 7.566720055502546005e-01 3.060432190420937781e-03
6.420043674999999894e+03 7.621371292191768676e-01 3.060432190420937781e-03
6.428040645000000040e+03 7.667772199756206497e-01 3.060432190420937781e-03
6.436037615000000187e+03 7.670571917892957670e-01 3.060432190420937781e-03
6.444034585000000334e+03 7.691391318909841512e-01 3.060432190420937781e-03
6.452031555000000481e+03 7.759779969023994362e-01 3.060432190420937781e-03
6.460028524999999718e+03 7.738522554817962584e-01 3.060432190420937781e-03
6.468025494999999864e+03 7.804758021236256615e-01 3.060432190420937781e-03
6.476022465000000011e+03 7.872014335162722531e-01 3.060432190420937781e-03
6.484019435000000158e+03 7.879048741214644824e-01 3.060432190420937781e-03
6.492016405000000304e+03 7.921243885180028199e-01 3.060432190420937781e-03
6.500013375000000451e+03 8.072456944495889353e-01 3.060432190420937781e-03
6.508010345000000598e+03 8.284615776871329107e-01 3.060432190420937781e-03
6.516007314999999835e+03 8.362678740694773349e-01 3.060432190420937781e-03
6.524004284999999982e+03 8.427367456204850615e-01 3.060432190420937781e-03
6.532001255000000128e+03 8.382288403233615348e-01 3.060432190420937781e-03
6.539998225000000275e+03 8.272285823691040152e-01 3.060432190420937781e-03
6.547995194999999512e+03 8.322114385145837900e-01 3.060432190420937781e-03
6.555992164999999659e+03 8.293688834811143717e-01 3.060432190420937781e-03
6.563989134999999806e+03 8.270321930623134588e-01 3.060432190420937781e-03
6.571986104999999952e+03 8.306626977335214157e-01 3.060432190420937781e-03
6.579983075000000099e+03 8.381417129083118533e-01 3.060432190420937781e-03
6.587980045000000246e+03 8.371121687779432552e-01 3.060432190420937781e-03
6.595977015000000392e+03 8.575625527876198362e-01 3.060432190420937781e-03
6.603973985000000539e+03 8.555543618818254314e-01 3.060432190420937781e-03
6.611970954999999776e+03 8.497178065266148828e-01 3.060432190420937781e-03
6.619967924999999923e+03 8.435446239830171056e-01 3.060432190420937781e-03
6.627964895000000070e+03 8.168183002662665615e-01 3.060432190420937781e-03
6.635961865000000216e+03 8.075542040038361513e-01 3.060432190420937781e-03
6.643958834999999453e+03 7.986005280538347462e-01 3.060432190420937781e-03
6.651955804999999600e+03 7.868996178527444263e-01 3.060432190420937781e-03
6.659952774999999747e+03 7.722644327180621104e-01 3.060432190420937781e-03
6.667949744999999893e+03 7.619367934026270994e-01 3.060432190420937781e-03
6.675946715000000040e+03 7.528120582577362274e-01 3.060432190420937781e-03
6.683943685000000187e+03 7.439933282900248468e-01 3.060432190420937781e-03
6.691940655000000334e+03 7.278887215858489412e-01 3.060432190420937781e-03
6.699937624999999571e+03 7.178452094393271699e-01 3.060432190420937781e-03
6.707934594999999717e+03 7.075353206254063609e-01 3.060432190420937781e-03
6.715931564999999864e+03 7.066880060409276298e-01 3.060432190420937781e-03
6.723928535000000011e+03 6.852848224211044448e-01 3.060432190420937781e-03
6.731925505000000157e+03 6.796153985305276590e-01 3.060432190420937781e-03
6.739922474999999395e+03 6.642928547770028391e-01 3.060432190420937781e-03
6.747919444999999541e+03 6.642771343955475860e-01 3.060432190420937781e-03
6.755916414999999688e+03 6.522574730065850979e-01 3.060432190420937781e-03
6.763913384999999835e+03 6.481397000557871380e-01 3.060432190420937781e-03
6.771910354999999981e+03 6.409035365600648237e-01 3.060432190420937781e-03
6.779907325000000128e+03 6.302998598306333022e-01 3.060432190420937781e-03
6.787904295000000275e+03 6.268128514456403622e-01 3.060432190420937781e-03
6.795901264999999512e+03 6.259391723500341564e-01 3.060432190420937781e-03
6.803898234999999659e+03 6.191804161375868976e-01 3.060432190420937781e-03
6.811895204999999805e+03 6.195182034173584151e-01 3.060432190420937781e-03
6.819892174999999952e+03 6.112376616462350531e-01 3.060432190420937781e-03
6.827889145000000099e+03 6.117245104797024435e-01 3.060432190420937781e-03
6.835886114999999336e+03 5.992265060401344989e-01 3.060432190420937781e-03
6.843883084999999483e+03 6.094823833568816518e-01 3.060432190420937781e-03
6.851880054999999629e+03 6.009683039406813476e-01 3.060432190420937781e-03
6.859877024999999776e+03 6.054647682107067164e-01 3.060432190420937781e-03
6.867873994999999923e+03 5.927049902994074859e-01 3.060432190420937781e-03
6.875870965000000069e+03 5.926172522175872093e-01 3.060432190420937781e-03
6.883867935000000216e+03 5.918263879235566849e-01 3.060432190420937781e-03
6.891864904999999453e+03 5.928475657498962770e-01 3.060432190420937781e-03
6.899861874999999600e+03 5.864657803485789911e-01 3.060432190420937781e-03
6.907858844999999747e+03 5.870140957829367290e-01 3.060432190420937781e-03
6.915855814999999893e+03 5.858205487116028287e-01 3.060432190420937781e-03
6.923852784999999130e+03 5.748124583058438208e-01 3.060432190420937781e-03
6.931849754999999277e+03 5.792056418242583771e-01 3.060432190420937781e-03
6.939846724999999424e+03 5.761397351211314799e-01 3.060432190420937781e-03
6.947843694999999570e+03 5.749253626998985789e-01 3.060432190420937781e-03
6.955840664999999717e+03 5.713116914660717471e-01 3.060432190420937781e-03
6.963837634999999864e+03 5.665331237561090916e-01 3.060432190420937781e-03
6.971834605000000010e+03 5.726439952460714577e-01 3.060432190420937781e-03
6.979831575000000157e+03 5.666277226413695134e-01 3.060432190420937781e-03
6.987828544999999394e+03 5.653293164941354254e-01 3.060432190420937781e-03
6.995825514999999541e+03 5.605388065310129564e-01 3.060432190420937781e-03
