6.204125485000000481e+03 7.267711326754123791e-01 3.060432190420937781e-03
6.212122455000000627e+03 7.271512775938530071e-01 3.060432190420937781e-03
6.220119425000000774e+03 7.249769804392303119e-01 3.060432190420937781e-03
6.228116395000000011e+03 7.271242750258196663e-01 3.060432190420937781e-03
6.236113365000000158e+03 7.246060177128359481e-01 3.060432190420937781e-03
6.244110335000000305e+03 7.237345730992079673e-01 3.060432190420937781e-03
6.252107305000000451e+03 7.229145313296944098e-01 3.060432190420937781e-03
6.260104275000000598e+03 7.122628425228287874e-01 3.060432190420937781e-03
6.268101244999999835e+03 7.164127479122003317e-01 3.060432190420937781e-03
6.276098214999999982e+03 7.209748290331824405e-01 3.060432190420937781e-03
6.284095185000000129e+03 7.191561829872934464e-01 3.060432190420937781e-03
6.292092155000000275e+03 7.194272814671784921e-01 3.060432190420937781e-03
6.300089125000000422e+03 7.117541175605371917e-01 3.060432190420937781e-03
6.308086095000000569e+03 7.151145821512511214e-01 3.060432190420937781e-03
6.316083065000000715e+03 7.083625501704138294e-01 3.060432190420937781e-03
6.324080034999999953e+03 7.096504363288053119e-01 3.060432190420937781e-03
6.332077005000000099e+03 7.046292581270472422e-01 3.060432190420937781e-03
6.340073975000000246e+03 7.078738449805881405e-01 3.060432190420937781e-03
6.348070945000000393e+03 7.106918696210821063e-01 3.060432190420937781e-03
6.356067915000000539e+03 7.157616177535524038e-01 3.060432190420937781e-03
6.364064884999999776e+03 7.173954054082967158e-01 3.060432190420937781e-03
6.372061854999999923e+03 7.246969057151908533e-01 3.060432190420937781e-03
6.380058825000000070e+03 7.241629005761944793e-01 3.060432190420937781e-03
6.388055795000000217e+03 7.299244232837864832e-01 3.060432190420937781e-03
6.396052765000000363e+03 7.369772962038309005e-01 3.060432190420937781e-03
6.404049735000000510e+03 7.482963396917658994e-01 3.060432190420937781e-03
6.412046705000000657e+03 7.445430860518005289e-01 3.060432190420937781e-03
6.420043674999999894e+03 7.545555469401997728e-01 3.060432190420937781e-03
6.428040645000000040e+03 7.559175260136657970e-01 3.060432190420937781e-03
6.436037615000000187e+03 7.669634411664492113e-01 3.060432190420937781e-03
6.444034585000000334e+03 7.668949464162798657e-01 3.060432190420937781e-03
6.452031555000000481e+03 7.752667090915897896e-01 3.060432190420937781e-03
6.460028524999999718e+03 7.743389718864788218e-01 3.060432190420937781e-03
6.468025494999999864e+03 7.834364579064170275e-01 3.060432190420937781e-03
6.476022465000000011e+03 7.816077593971695325e-01 3.060432190420937781e-03
6.484019435000000158e+03 7.799158539011190605e-01 3.060432190420937781e-03
6.492016405000000304e+03 7.853263376599793899e-01 3.060432190420937781e-03
6.500013375000000451e+03 7.897856177358679730e-01 3.060432190420937781e-03
6.508010345000000598e+03 8.070540152490472963e-01 3.060432190420937781e-03
6.516007314999999835e+03 8.162273152896293293e-01 3.060432190420937781e-03
6.524004284999999982e+03 8.208880726402941752e-01 3.060432190420937781e-03
6.532001255000000128e+03 8.401999711142558169e-01 3.060432190420937781e-03
6.539998225000000275e+03 8.146717750433255523e-01 3.060432190420937781e-03
6.547995194999999512e+03 8.084183785670986389e-01 3.060432190420937781e-03
6.555992164999999659e+03 8.192272620121966442e-01 3.060432190420937781e-03
6.563989134999999806e+03 8.200540382482517376e-01 3.060432190420937781e-03
6.571986104999999952e+03 8.194709398914277187e-01 3.060432190420937781e-03
6.579983075000000099e+03 8.284615656808005379e-01 3.060432190420937781e-03
6.587980045000000246e+03 8.327480622879389616e-01 3.060432190420937781e-03
6.595977015000000392e+03 8.531051604099706420e-01 3.060432190420937781e-03
6.603973985000000539e+03 8.566772782233007533e-01 3.060432190420937781e-03
6.611970954999999776e+03 8.424597510406061085e-01 3.060432190420937781e-03
6.619967924999999923e+03 8.315038589745197273e-01 3.060432190420937781e-03
6.627964895000000070e+03 8.163777451549769637e-01 3.060432190420937781e-03
6.635961865000000216e+03 8.108361849446223957e-01 3.060432190420937781e-03
6.643958834999999453e+03 8.040262389596607440e-01 3.060432190420937781e-03
6.651955804999999600e+03 7.944278580977933713e-01 3.060432190420937781e-03
6.659952774999999747e+03 7.819552231905377848e-01 3.060432190420937781e-03
6.667949744999999893e+03 7.728884671339849577e-01 3.060432190420937781e-03
6.675946715000000040e+03 7.578924153330571789e-01 3.060432190420937781e-03
6.683943685000000187e+03 7.492349765109262982e-01 3.060432190420937781e-03
6.691940655000000334e+03 7.356248206655597865e-01 3.060432190420937781e-03
6.699937624999999571e+03 7.167394338580774793e-01 3.060432190420937781e-03
6.707934594999999717e+03 7.089975072795912103e-01 3.060432190420937781e-03
6.715931564999999864e+03 7.047469392987255610e-01 3.060432190420937781e-03
6.723928535000000011e+03 6.912850360085731616e-01 3.060432190420937781e-03
6.731925505000000157e+03 6.737918604767665354e-01 3.060432190420937781e-03
6.739922474999999395e+03 6.650798654773422136e-01 3.060432190420937781e-03
6.747919444999999541e+03 6.554232690288437357e-01 3.060432190420937781e-03
6.755916414999999688e+03 6.419934198652781365e-01 3.060432190420937781e-03
6.763913384999999835e+03 6.427915599444360417e-01 3.060432190420937781e-03
6.771910354999999981e+03 6.203439177134636440e-01 3.060432190420937781e-03
6.779907325000000128e+03 6.212430864343519987e-01 3.060432190420937781e-03
6.787904295000000275e+03 6.154791133492545363e-01 3.060432190420937781e-03
6.795901264999999512e+03 6.090442801301592102e-01 3.060432190420937781e-03
6.803898234999999659e+03 6.059786665649636861e-01 3.060432190420937781e-03
6.811895204999999805e+03 6.012961227577995338e-01 3.060432190420937781e-03
6.819892174999999952e+03 5.955504517722784996e-01 3.060432190420937781e-03
6.827889145000000099e+03 5.912886370785445100e-01 3.060432190420937781e-03
6.835886114999999336e+03 5.981781137699860862e-01 3.060432190420937781e-03
6.843883084999999483e+03 5.937524718351373521e-01 3.060432190420937781e-03
6.851880054999999629e+03 5.918255182554819083e-01 3.060432190420937781e-03
6.859877024999999776e+03 5.882086122287996099e-01 3.060432190420937781e-03
6.867873994999999923e+03 5.857454572340804466e-01 3.060432190420937781e-03
6.875870965000000069e+03 5.739544816483190814e-01 3.060432190420937781e-03
6.883867935000000216e+03 5.783403776113661410e-01 3.060432190420937781e-03
6.891864904999999453e+03 5.780860621813860289e-01 3.060432190420937781e-03
6.899861874999999600e+03 5.740766217797218518e-01 3.060432190420937781e-03
6.907858844999999747e+03 5.758715745227506178e-01 3.060432190420937781e-03
6.915855814999999893e+03 5.718083831988112209e-01 3.060432190420937781e-03
6.923852784999999130e+03 5.623306732486594850e-01 3.060432190420937781e-03
6.931849754999999277e+03 5.628486348485047808e-01 3.060432190420937781e-03
6.939846724999999424e+03 5.634111382138848878e-01 3.060432190420937781e-03
6.947843694999999570e+03 5.572333723310581854e-01 3.060432190420937781e-03
6.955840664999999717e+03 5.599129445547669226e-01 3.060432190420937781e-03
6.963837634999999864e+03 5.585124039037613342e-01 3.060432190420937781e-03
6.971834605000000010e+03 5.523554303953094324e-01 3.060432190420937781e-03
6.979831575000000157e+03 5.508918917924063852e-01 3.060432190420937781e-03
6.987828544999999394e+03 5.470111847990553056e-01 3.060432190420937781e-03
6.995825514999999541e+03 5.448173439321620792e-01 3.060432190420937781e-03
