6.204125485000000481e+03 7.218853163883742763e-01 3.060432190420937781e-03
6.212122455000000627e+03 7.236991214991799204e-01 3.060432190420937781e-03
6.220119425000000774e+03 7.242131284412165471e-01 3.060432190420937781e-03
6.228116395000000011e+03 7.228302940277814281e-01 3.060432190420937781e-03
6.236113365000000158e+03 7.226100285974815796e-01 3.060432190420937781e-03
6.244110335000000305e+03 7.201958160712916834e-01 3.060432190420937781e-03
6.252107305000000451e+03 7.133656316992860180e-01 3.060432190420937781e-03
6.260104275000000598e+03 7.167602298271547046e-01 3.060432190420937781e-03
6.268101244999999835e+03 7.117811488648791984e-01 3.060432190420937781e-03
6.276098214999999982e+03 7.094594148782185083e-01 3.060432190420937781e-03
6.284095185000000129e+03 7.117170490914852543e-01 3.060432190420937781e-03
6.292092155000000275e+03 7.155917302925213219e-01 3.060432190420937781e-03
6.300089125000000422e+03 7.001162974704582265e-01 3.060432190420937781e-03
6.308086095000000569e+03 7.040459678131032462e-01 3.060432190420937781e-03
6.316083065000000715e+03 7.034589794432297705e-01 3.060432190420937781e-03
6.324080034999999953e+03 7.093950295095500236e-01 3.060432190420937781e-03
6.332077005000000099e+03 7.056159694453874032e-01 3.060432190420937781e-03
6.340073975000000246e+03 7.073983478368537359e-01 3.060432190420937781e-03
6.348070945000000393e+03 7.033884945423363177e-01 3.060432190420937781e-03
6.356067915000000539e+03 7.130762126794054634e-01 3.060432190420937781e-03
6.364064884999999776e+03 7.183594876872952950e-01 3.060432190420937781e-03
6.372061854999999923e+03 7.153221960994985418e-01 3.060432190420937781e-03
6.380058825000000070e+03 7.256889222940038353e-01 3.060432190420937781e-03
6.388055795000000217e+03 7.295025788989428772e-01 3.060432190420937781e-03
6.396052765000000363e+03 7.317824955418354982e-01 3.060432190420937781e-03
6.404049735000000510e+03 7.429177244773378375e-01 3.060432190420937781e-03
6.412046705000000657e+03 7.393936472314616148e-01 3.060432190420937781e-03
6.420043674999999894e+03 7.510060949026299282e-01 3.060432190420937781e-03
6.428040645000000040e+03 7.522974452444909366e-01 3.060432190420937781e-03
6.436037615000000187e+03 7.608715503160430327e-01 3.060432190420937781e-03
6.444034585000000334e+03 7.641030365385983458e-01 3.060432190420937781e-03
6.452031555000000481e+03 7.670930577828233288e-01 3.060432190420937781e-03
6.460028524999999718e+03 7.690852029294463765e-01 3.060432190420937781e-03
6.468025494999999864e+03 7.816978195993827816e-01 3.060432190420937781e-03
6.476022465000000011e+03 7.784450113304705043e-01 3.060432190420937781e-03
6.484019435000000158e+03 7.857409085834565765e-01 3.060432190420937781e-03
6.492016405000000304e+03 7.918067119924878661e-01 3.060432190420937781e-03
6.500013375000000451e+03 7.893800850410149783e-01 3.060432190420937781e-03
6.508010345000000598e+03 8.093442148877028064e-01 3.060432190420937781e-03
6.516007314999999835e+03 8.224267225707421192e-01 3.060432190420937781e-03
6.524004284999999982e+03 8.270835702726128114e-01 3.060432190420937781e-03
6.532001255000000128e+03 8.247428549274010701e-01 3.060432190420937781e-03
6.539998225000000275e+03 8.163267482171878697e-01 3.060432190420937781e-03
6.547995194999999512e+03 8.145820617592978152e-01 3.060432190420937781e-03
6.555992164999999659e+03 8.192736494791130752e-01 3.060432190420937781e-03
6.563989134999999806e+03 8.188170503150881130e-01 3.060432190420937781e-03
6.571986104999999952e+03 8.182098026308692873e-01 3.060432190420937781e-03
6.579983075000000099e+03 8.195553032685237715e-01 3.060432190420937781e-03
6.587980045000000246e+03 8.311036042040556016e-01 3.060432190420937781e-03
6.595977015000000392e+03 8.508474371188229357e-01 3.060432190420937781e-03
6.603973985000000539e+03 8.502776307276929124e-01 3.060432190420937781e-03
6.611970954999999776e+03 8.450624988235979629e-01 3.060432190420937781e-03
6.619967924999999923e+03 8.347203163445627849e-01 3.060432190420937781e-03
6.627964895000000070e+03 8.224026498999400525e-01 3.060432190420937781e-03
6.635961865000000216e+03 8.078113253122415349e-01 3.060432190420937781e-03
6.643958834999999453e+03 8.035511266559269838e-01 3.060432190420937781e-03
6.651955804999999600e+03 7.983875066354009231e-01 3.060432190420937781e-03
6.659952774999999747e+03 7.850065467774300920e-01 3.060432190420937781e-03
6.667949744999999893e+03 7.713575065529900687e-01 3.060432190420937781e-03
6.675946715000000040e+03 7.629185118701239388e-01 3.060432190420937781e-03
6.683943685000000187e+03 7.444097501078373869e-01 3.060432190420937781e-03
6.691940655000000334e+03 7.306870538274878868e-01 3.060432190420937781e-03
6.699937624999999571e+03 7.159501663857247289e-01 3.060432190420937781e-03
6.707934594999999717e+03 6.978148817458074138e-01 3.060432190420937781e-03
6.715931564999999864e+03 6.897730775479848919e-01 3.060432190420937781e-03
6.723928535000000011e+03 6.819822005904929707e-01 3.060432190420937781e-03
6.731925505000000157e+03 6.676257136212260246e-01 3.060432190420937781e-03
6.739922474999999395e+03 6.629226519050928079e-01 3.060432190420937781e-03
6.747919444999999541e+03 6.496221170677765056e-01 3.060432190420937781e-03
6.755916414999999688e+03 6.444728431106626632e-01 3.060432190420937781e-03
6.763913384999999835e+03 6.353381829528719216e-01 3.060432190420937781e-03
6.771910354999999981e+03 6.235372963561015558e-01 3.060432190420937781e-03
6.779907325000000128e+03 6.170397151725744989e-01 3.060432190420937781e-03
6.787904295000000275e+03 6.107089770686663366e-01 3.060432190420937781e-03
6.795901264999999512e+03 6.040569960055537369e-01 3.060432190420937781e-03
6.803898234999999659e+03 5.989785924119689353e-01 3.060432190420937781e-03
6.811895204999999805e+03 5.951658628011188279e-01 3.060432190420937781e-03
6.819892174999999952e+03 5.972932067586997906e-01 3.060432190420937781e-03
6.827889145000000099e+03 5.925921230694066733e-01 3.060432190420937781e-03
6.835886114999999336e+03 5.910055204776943905e-01 3.060432190420937781e-03
6.843883084999999483e+03 5.817687654728344038e-01 3.060432190420937781e-03
6.851880054999999629e+03 5.837929634670719903e-01 3.060432190420937781e-03
6.859877024999999776e+03 5.779126919111170491e-01 3.060432190420937781e-03
6.867873994999999923e+03 5.751354062783823329e-01 3.060432190420937781e-03
6.875870965000000069e+03 5.824148544315025378e-01 3.060432190420937781e-03
6.883867935000000216e+03 5.723311052397036525e-01 3.060432190420937781e-03
6.891864904999999453e+03 5.672568320781824491e-01 3.060432190420937781e-03
6.899861874999999600e+03 5.758633039080521820e-01 3.060432190420937781e-03
6.907858844999999747e+03 5.641783168718891295e-01 3.060432190420937781e-03
6.915855814999999893e+03 5.650058495101070166e-01 3.060432190420937781e-03
6.923852784999999130e+03 5.664406897542813013e-01 3.060432190420937781e-03
6.931849754999999277e+03 5.646834413904170402e-01 3.060432190420937781e-03
6.939846724999999424e+03 5.578200515041541463e-01 3.060432190420937781e-03
6.947843694999999570e+03 5.568706327299146608e-01 3.060432190420937781e-03
6.955840664999999717e+03 5.560867432204181782e-01 3.060432190420937781e-03
6.963837634999999864e+03 5.561135732223539963e-01 3.060432190420937781e-03
6.971834605000000010e+03 5.506118355939418896e-01 3.060432190420937781e-03
6.979831575000000157e+03 5.470605649476624199e-01 3.060432190420937781e-03
6.987828544999999394e+03 5.448405900151989112e-01 3.060432190420937781e-03
6.995825514999999541e+03 5.409928003697261900e-01 3.060432190420937781e-03
