6.204125485000000481e+03 6.564456090788997056e-01 3.060432190420937781e-03
6.212122455000000627e+03 6.504521752001425350e-01 3.060432190420937781e-03
6.220119425000000774e+03 6.491777876229940514e-01 3.060432190420937781e-03
6.228116395000000011e+03 6.468194512846289213e-01 3.060432190420937781e-03
6.236113365000000158e+03 6.512224813992610883e-01 3.060432190420937781e-03
6.244110335000000305e+03 6.474142986744438888e-01 3.060432190420937781e-03
6.252107305000000451e+03 6.449584115465389900e-01 3.060432190420937781e-03
6.260104275000000598e+03 6.393619157762843175e-01 3.060432190420937781e-03
6.268101244999999835e+03 6.395861858330729177e-01 3.060432190420937781e-03
6.276098214999999982e+03 6.450759287424878696e-01 3.060432190420937781e-03
6.284095185000000129e+03 6.454432729697019422e-01 3.060432190420937781e-03
6.292092155000000275e+03 6.350659550349114779e-01 3.060432190420937781e-03
6.300089125000000422e+03 6.377414883974598103e-01 3.060432190420937781e-03
6.308086095000000569e+03 6.382006378144819969e-01 3.060432190420937781e-03
6.316083065000000715e+03 6.340738974329757083e-01 3.060432190420937781e-03
6.324080034999999953e+03 6.340948447090347662e-01 3.060432190420937781e-03
6.332077005000000099e+03 6.368581253052085778e-01 3.060432190420937781e-03
6.340073975000000246e+03 6.363071047991032403e-01 3.060432190420937781e-03
6.348070945000000393e+03 6.347024554010193276e-01 3.060432190420937781e-03
6.356067915000000539e+03 6.370872140314846055e-01 3.060432190420937781e-03
6.364064884999999776e+03 6.423760043274702181e-01 3.060432190420937781e-03
6.372061854999999923e+03 6.451754756371590460e-01 3.060432190420937781e-03
6.380058825000000070e+03 6.516971746375369579e-01 3.060432190420937781e-03
6.388055795000000217e+03 6.542888008282266021e-01 3.060432190420937781e-03
6.396052765000000363e+03 6.651436987118729549e-01 3.060432190420937781e-03
6.404049735000000510e+03 6.599461298260917985e-01 3.060432190420937781e-03
6.412046705000000657e+03 6.692184592864847126e-01 3.060432190420937781e-03
6.420043674999999894e+03 6.727603242280253415e-01 3.060432190420937781e-03
6.428040645000000040e+03 6.792706449448767669e-01 3.060432190420937781e-03
6.436037615000000187e+03 6.763178352022825024e-01 3.060432190420937781e-03
6.444034585000000334e+03 6.806401980538175911e-01 3.060432190420937781e-03
6.452031555000000481e+03 6.948678420236130693e-01 3.060432190420937781e-03
6.460028524999999718e+03 6.925720371046087953e-01 3.060432190420937781e-03
6.468025494999999864e+03 6.950751848773615293e-01 3.060432190420937781e-03
6.476022465000000011e+03 7.061057339785568043e-01 3.060432190420937781e-03
6.484019435000000158e+03 7.055212978192672013e-01 3.060432190420937781e-03
6.492016405000000304e+03 7.163403951447470108e-01 3.060432190420937781e-03
6.500013375000000451e+03 7.219255630006097268e-01 3.060432190420937781e-03
6.508010345000000598e+03 7.486758296247263411e-01 3.060432190420937781e-03
6.516007314999999835e+03 7.539957992918085994e-01 3.060432190420937781e-03
6.524004284999999982e+03 7.605396793611064465e-01 3.060432190420937781e-03
6.532001255000000128e+03 7.658087890686856580e-01 3.060432190420937781e-03
6.539998225000000275e+03 7.535034466694140454e-01 3.060432190420937781e-03
6.547995194999999512e+03 7.456902142803171207e-01 3.060432190420937781e-03
6.555992164999999659e+03 7.527807585921943989e-01 3.060432190420937781e-03
6.563989134999999806e+03 7.489686737038324660e-01 3.060432190420937781e-03
6.571986104999999952e+03 7.465221788408625825e-01 3.060432190420937781e-03
6.579983075000000099e+03 7.531108148247067646e-01 3.060432190420937781e-03
6.587980045000000246e+03 7.547409614061908467e-01 3.060432190420937781e-03
6.595977015000000392e+03 7.745379094613019655e-01 3.060432190420937781e-03
6.603973985000000539e+03 7.691469864864668438e-01 3.060432190420937781e-03
6.611970954999999776e+03 7.776446925586029124e-01 3.060432190420937781e-03
6.619967924999999923e+03 7.649420555566504021e-01 3.060432190420937781e-03
6.627964895000000070e+03 7.466334298183266993e-01 3.060432190420937781e-03
6.635961865000000216e+03 7.325221775193521134e-01 3.060432190420937781e-03
6.643958834999999453e+03 7.135551273526479221e-01 3.060432190420937781e-03
6.651955804999999600e+03 7.053023291824969121e-01 3.060432190420937781e-03
6.659952774999999747e+03 6.997120055561463214e-01 3.060432190420937781e-03
6.667949744999999893e+03 6.885979619545811170e-01 3.060432190420937781e-03
6.675946715000000040e+03 6.750748970528915871e-01 3.060432190420937781e-03
6.683943685000000187e+03 6.650742537130238663e-01 3.060432190420937781e-03
6.691940655000000334e+03 6.528594285404609732e-01 3.060432190420937781e-03
6.699937624999999571e+03 6.390568436854323631e-01 3.060432190420937781e-03
6.707934594999999717e+03 6.251821541128583792e-01 3.060432190420937781e-03
6.715931564999999864e+03 6.188609925979153825e-01 3.060432190420937781e-03
6.723928535000000011e+03 6.132824471827822421e-01 3.060432190420937781e-03
6.731925505000000157e+03 5.996971931358987540e-01 3.060432190420937781e-03
6.739922474999999395e+03 5.919547439481189777e-01 3.060432190420937781e-03
6.747919444999999541e+03 5.806917207973391060e-01 3.060432190420937781e-03
6.755916414999999688e+03 5.772598890563274132e-01 3.060432190420937781e-03
6.763913384999999835e+03 5.711178924977983185e-01 3.060432190420937781e-03
6.771910354999999981e+03 5.650613886821888032e-01 3.060432190420937781e-03
6.779907325000000128e+03 5.607029356864950964e-01 3.060432190420937781e-03
6.787904295000000275e+03 5.518090646828484047e-01 3.060432190420937781e-03
6.795901264999999512e+03 5.467661292970708020e-01 3.060432190420937781e-03
6.803898234999999659e+03 5.366174798636773602e-01 3.060432190420937781e-03
6.811895204999999805e+03 5.393739956642460420e-01 3.060432190420937781e-03
6.819892174999999952e+03 5.377800694166412487e-01 3.060432190420937781e-03
6.827889145000000099e+03 5.314245933588356285e-01 3.060432190420937781e-03
6.835886114999999336e+03 5.309384844857287788e-01 3.060432190420937781e-03
6.843883084999999483e+03 5.278399127417252590e-01 3.060432190420937781e-03
6.851880054999999629e+03 5.265636501407566783e-01 3.060432190420937781e-03
6.859877024999999776e+03 5.275263658339515160e-01 3.060432190420937781e-03
6.867873994999999923e+03 5.245587305022547664e-01 3.060432190420937781e-03
6.875870965000000069e+03 5.176589710591474880e-01 3.060432190420937781e-03
6.883867935000000216e+03 5.203774398897675901e-01 3.060432190420937781e-03
6.891864904999999453e+03 5.184399496071870894e-01 3.060432190420937781e-03
6.899861874999999600e+03 5.095296664352576554e-01 3.060432190420937781e-03
6.907858844999999747e+03 5.123356089765562782e-01 3.060432190420937781e-03
6.915855814999999893e+03 5.077827232383083089e-01 3.060432190420937781e-03
6.923852784999999130e+03 5.122141594226756744e-01 3.060432190420937781e-03
6.931849754999999277e+03 5.106324890209983369e-01 3.060432190420937781e-03
6.939846724999999424e+03 4.980378337749631346e-01 3.060432190420937781e-03
6.947843694999999570e+03 5.024875516406389631e-01 3.060432190420937781e-03
6.955840664999999717e+03 4.977836666451874725e-01 3.060432190420937781e-03
6.963837634999999864e+03 4.947636666656019533e-01 3.060432190420937781e-03
6.971834605000000010e+03 4.999406440761304804e-01 3.060432190420937781e-03
6.979831575000000157e+03 4.952821928039475852e-01 3.060432190420937781e-03
6.987828544999999394e+03 4.856359925803260258e-01 3.060432190420937781e-03
6.995825514999999541e+03 4.960184893868163081e-01 3.060432190420937781e-03
