6.204125485000000481e+03 9.847147231086410546e-01 3.060432190420937781e-03
6.212122455000000627e+03 9.819491808220622842e-01 3.060432190420937781e-03
6.220119425000000774e+03 9.880575079170620389e-01 3.060432190420937781e-03
6.228116395000000011e+03 9.843180563651553472e-01 3.060432190420937781e-03
6.236113365000000158e+03 9.832207760583646650e-01 3.060432190420937781e-03
6.244110335000000305e+03 9.789110794178758068e-01 3.060432190420937781e-03
6.252107305000000451e+03 9.784863916493122815e-01 3.060432190420937781e-03
6.260104275000000598e+03 9.745757986291502251e-01 3.060432190420937781e-03
6.268101244999999835e+03 9.695616253426513342e-01 3.060432190420937781e-03
6.276098214999999982e+03 9.681920881196401929e-01 3.060432190420937781e-03
6.284095185000000129e+03 9.730641605734025035e-01 3.060432190420937781e-03
6.292092155000000275e+03 9.695994101137687116e-01 3.060432190420937781e-03
6.300089125000000422e+03 9.665132331936973076e-01 3.060432190420937781e-03
6.308086095000000569e+03 9.623295504745753570e-01 3.060432190420937781e-03
6.316083065000000715e+03 9.598593084151911814e-01 3.060432190420937781e-03
6.324080034999999953e+03 9.587740457114891646e-01 3.060432190420937781e-03
6.332077005000000099e+03 9.518353570559842103e-01 3.060432190420937781e-03
6.340073975000000246e+03 9.545699420141444680e-01 3.060432190420937781e-03
6.348070945000000393e+03 9.590223601580515345e-01 3.060432190420937781e-03
6.356067915000000539e+03 9.653258743003836351e-01 3.060432190420937781e-03
6.364064884999999776e+03 9.704340535397218970e-01 3.060432190420937781e-03
6.372061854999999923e+03 9.702514819903070853e-01 3.060432190420937781e-03
6.380058825000000070e+03 9.715698150890196283e-01 3.060432190420937781e-03
6.388055795000000217e+03 9.839484703020675571e-01 3.060432190420937781e-03
6.396052765000000363e+03 9.806570015398445861e-01 3.060432190420937781e-03
6.404049735000000510e+03 9.883151801914196177e-01 3.060432190420937781e-03
6.412046705000000657e+03 9.899562448999620345e-01 3.060432190420937781e-03
6.420043674999999894e+03 9.949851039388568630e-01 3.060432190420937781e-03
6.428040645000000040e+03 9.948186574295729834e-01 3.060432190420937781e-03
6.436037615000000187e+03 1.000037822260275711e+00 3.060432190420937781e-03
6.444034585000000334e+03 1.008410570621914637e+00 3.060432190420937781e-03
6.452031555000000481e+03 1.013566882736995911e+00 3.060432190420937781e-03
6.460028524999999718e+03 1.015536013588535624e+00 3.060432190420937781e-03
6.468025494999999864e+03 1.021633126338091779e+00 3.060432190420937781e-03
6.476022465000000011e+03 1.026614874987576753e+00 3.060432190420937781e-03
6.484019435000000158e+03 1.024446402812766443e+00 3.060432190420937781e-03
6.492016405000000304e+03 1.033344453009445107e+00 3.060432190420937781e-03
6.500013375000000451e+03 1.030183982941356602e+00 3.060432190420937781e-03
6.508010345000000598e+03 1.045913468690714110e+00 3.060432190420937781e-03
6.516007314999999835e+03 1.058894309231659392e+00 3.060432190420937781e-03
6.524004284999999982e+03 1.066494999703165414e+00 3.060432190420937781e-03
6.532001255000000128e+03 1.066145668711879990e+00 3.060432190420937781e-03
6.539998225000000275e+03 1.055433786804644836e+00 3.060432190420937781e-03
6.547995194999999512e+03 1.052811329507667981e+00 3.060432190420937781e-03
6.555992164999999659e+03 1.046867887226973881e+00 3.060432190420937781e-03
6.563989134999999806e+03 1.049171647039632393e+00 3.060432190420937781e-03
6.571986104999999952e+03 1.054427916665857001e+00 3.060432190420937781e-03
6.579983075000000099e+03 1.056012978354744725e+00 3.060432190420937781e-03
6.587980045000000246e+03 1.063225562514870548e+00 3.060432190420937781e-03
6.595977015000000392e+03 1.090713692759998299e+00 3.060432190420937781e-03
6.603973985000000539e+03 1.087144900772456069e+00 3.060432190420937781e-03
6.611970954999999776e+03 1.070979676183626106e+00 3.060432190420937781e-03
6.619967924999999923e+03 1.061315175681601275e+00 3.060432190420937781e-03
6.627964895000000070e+03 1.052727763485662438e+00 3.060432190420937781e-03
6.635961865000000216e+03 1.041082249721165809e+00 3.060432190420937781e-03
6.643958834999999453e+03 1.031568366933516057e+00 3.060432190420937781e-03
6.651955804999999600e+03 1.015986329506095576e+00 3.060432190420937781e-03
6.659952774999999747e+03 1.007110197822615127e+00 3.060432190420937781e-03
6.667949744999999893e+03 9.972325297247641718e-01 3.060432190420937781e-03
6.675946715000000040e+03 9.800908683489149009e-01 3.060432190420937781e-03
6.683943685000000187e+03 9.641578319415994303e-01 3.060432190420937781e-03
6.691940655000000334e+03 9.559920064160898345e-01 3.060432190420937781e-03
6.699937624999999571e+03 9.394438823499833280e-01 3.060432190420937781e-03
6.707934594999999717e+03 9.259359680300748296e-01 3.060432190420937781e-03
6.715931564999999864e+03 9.140175607292937432e-01 3.060432190420937781e-03
6.723928535000000011e+03 9.039034684805103970e-01 3.060432190420937781e-03
6.731925505000000157e+03 8.917166985807634116e-01 3.060432190420937781e-03
6.739922474999999395e+03 8.758593923758428712e-01 3.060432190420937781e-03
6.747919444999999541e+03 8.700174865372610755e-01 3.060432190420937781e-03
6.755916414999999688e+03 8.574303269235211689e-01 3.060432190420937781e-03
6.763913384999999835e+03 8.495290772885164543e-01 3.060432190420937781e-03
6.771910354999999981e+03 8.351151217814345440e-01 3.060432190420937781e-03
6.779907325000000128e+03 8.380739982837078772e-01 3.060432190420937781e-03
6.787904295000000275e+03 8.254001560717931785e-01 3.060432190420937781e-03
6.795901264999999512e+03 8.276961088977191627e-01 3.060432190420937781e-03
6.803898234999999659e+03 8.166147340308138602e-01 3.060432190420937781e-03
6.811895204999999805e+03 8.148151322728716117e-01 3.060432190420937781e-03
6.819892174999999952e+03 8.063866337844217691e-01 3.060432190420937781e-03
6.827889145000000099e+03 8.097973356130337974e-01 3.060432190420937781e-03
6.835886114999999336e+03 8.040259375878716641e-01 3.060432190420937781e-03
6.843883084999999483e+03 7.986660770282768551e-01 3.060432190420937781e-03
6.851880054999999629e+03 7.993940571250828242e-01 3.060432190420937781e-03
6.859877024999999776e+03 7.906268606348999528e-01 3.060432190420937781e-03
6.867873994999999923e+03 7.897603743488453842e-01 3.060432190420937781e-03
6.875870965000000069e+03 7.913026827219693526e-01 3.060432190420937781e-03
6.883867935000000216e+03 7.866978538551138156e-01 3.060432190420937781e-03
6.891864904999999453e+03 7.874787042563711204e-01 3.060432190420937781e-03
6.899861874999999600e+03 7.723444050213481571e-01 3.060432190420937781e-03
6.907858844999999747e+03 7.704485726958101299e-01 3.060432190420937781e-03
6.915855814999999893e+03 7.732637634634073054e-01 3.060432190420937781e-03
6.923852784999999130e+03 7.721971669294754870e-01 3.060432190420937781e-03
6.931849754999999277e+03 7.641185721644998541e-01 3.060432190420937781e-03
6.939846724999999424e+03 7.608876280271633652e-01 3.060432190420937781e-03
6.947843694999999570e+03 7.646077562624430390e-01 3.060432190420937781e-03
6.955840664999999717e+03 7.554783933856819012e-01 3.060432190420937781e-03
6.963837634999999864e+03 7.516281118286460838e-01 3.060432190420937781e-03
6.971834605000000010e+03 7.506245139250556919e-01 3.060432190420937781e-03
6.979831575000000157e+03 7.516636788961561511e-01 3.060432190420937781e-03
6.987828544999999394e+03 7.424710034350400223e-01 3.060432190420937781e-03
6.995825514999999541e+03 7.436987349442175654e-01 3.060432190420937781e-03
