6.204125485000000481e+03 8.205854815791275847e-01 3.060432190420937781e-03
6.212122455000000627e+03 8.219790454546378466e-01 3.060432190420937781e-03
6.220119425000000774e+03 8.222897200114134275e-01 3.060432190420937781e-03
6.228116395000000011e+03 8.218747740445785377e-01 3.060432190420937781e-03
6.236113365000000158e+03 8.188981202408353033e-01 3.060432190420937781e-03
6.244110335000000305e+03 8.173043935138222249e-01 3.060432190420937781e-03
6.252107305000000451e+03 8.149639034926527970e-01 3.060432190420937781e-03
6.260104275000000598e+03 8.137522866076114525e-01 3.060432190420937781e-03
6.268101244999999835e+03 8.090858820646643634e-01 3.060432190420937781e-03
6.276098214999999982e+03 8.128635817741213243e-01 3.060432190420937781e-03
6.284095185000000129e+03 8.131766197220945402e-01 3.060432190420937781e-03
6.292092155000000275e+03 8.129322490919353994e-01 3.060432190420937781e-03
6.300089125000000422e+03 8.077553038037413868e-01 3.060432190420937781e-03
6.308086095000000569e+03 8.032775042687418932e-01 3.060432190420937781e-03
6.316083065000000715e+03 7.966608893388434920e-01 3.060432190420937781e-03
6.324080034999999953e+03 7.955815947945085176e-01 3.060432190420937781e-03
6.332077005000000099e+03 7.983963686900613643e-01 3.060432190420937781e-03
6.340073975000000246e+03 8.005957600637523264e-01 3.060432190420937781e-03
6.348070945000000393e+03 8.006710421276219680e-01 3.060432190420937781e-03
6.356067915000000539e+03 8.027617021832539335e-01 3.060432190420937781e-03
6.364064884999999776e+03 8.117609228175716174e-01 3.060432190420937781e-03
6.372061854999999923e+03 8.115285277340971160e-01 3.060432190420937781e-03
6.380058825000000070e+03 8.159270007846644024e-01 3.060432190420937781e-03
6.388055795000000217e+03 8.204189393029477362e-01 3.060432190420937781e-03
6.396052765000000363e+03 8.255356293320451622e-01 3.060432190420937781e-03
6.404049735000000510e+03 8.288703570522334418e-01 3.060432190420937781e-03
6.412046705000000657e+03 8.297474737158038183e-01 3.060432190420937781e-03
6.420043674999999894e+03 8.437586880918122034e-01 3.060432190420937781e-03
6.428040645000000040e+03 8.415776694411900571e-01 3.060432190420937781e-03
6.436037615000000187e+03 8.486585524275799264e-01 3.060432190420937781e-03
6.444034585000000334e+03 8.519660328198150889e-01 3.060432190420937781e-03
6.452031555000000481e+03 8.491311020040840374e-01 3.060432190420937781e-03
6.460028524999999718e+03 8.547612873903142061e-01 3.060432190420937781e-03
6.468025494999999864e+03 8.574951048419682254e-01 3.060432190420937781e-03
6.476022465000000011e+03 8.585106593504826522e-01 3.060432190420937781e-03
6.484019435000000158e+03 8.693983951739038263e-01 3.060432190420937781e-03
6.492016405000000304e+03 8.703064055711555724e-01 3.060432190420937781e-03
6.500013375000000451e+03 8.769912629704830209e-01 3.060432190420937781e-03
6.508010345000000598e+03 8.973128529315973489e-01 3.060432190420937781e-03
6.516007314999999835e+03 9.080087453651802809e-01 3.060432190420937781e-03
6.524004284999999982e+03 9.173361186657792432e-01 3.060432190420937781e-03
6.532001255000000128e+03 9.132762664139590925e-01 3.060432190420937781e-03
6.539998225000000275e+03 9.018340467342375044e-01 3.060432190420937781e-03
6.547995194999999512e+03 9.019806692381802105e-01 3.060432190420937781e-03
6.555992164999999659e+03 9.050999851402798946e-01 3.060432190420937781e-03
6.563989134999999806e+03 9.033554570331608913e-01 3.060432190420937781e-03
6.571986104999999952e+03 9.116383767330725751e-01 3.060432190420937781e-03
6.579983075000000099e+03 9.123741565971481560e-01 3.060432190420937781e-03
6.587980045000000246e+03 9.194303427108465598e-01 3.060432190420937781e-03
6.595977015000000392e+03 9.365716363578797665e-01 3.060432190420937781e-03
6.603973985000000539e+03 9.346424279126435142e-01 3.060432190420937781e-03
6.611970954999999776e+03 9.287984803054285532e-01 3.060432190420937781e-03
6.619967924999999923e+03 9.193095782340915401e-01 3.060432190420937781e-03
6.627964895000000070e+03 8.939379228414965350e-01 3.060432190420937781e-03
6.635961865000000216e+03 8.871006903071166905e-01 3.060432190420937781e-03
6.643958834999999453e+03 8.765350961091963322e-01 3.060432190420937781e-03
6.651955804999999600e+03 8.648479486351057233e-01 3.060432190420937781e-03
6.659952774999999747e+03 8.512338353273581903e-01 3.060432190420937781e-03
6.667949744999999893e+03 8.454806831001245859e-01 3.060432190420937781e-03
6.675946715000000040e+03 8.329174276794553133e-01 3.060432190420937781e-03
6.683943685000000187e+03 8.196218771235092015e-01 3.060432190420937781e-03
6.691940655000000334e+03 8.112582935378384041e-01 3.060432190420937781e-03
6.699937624999999571e+03 8.018423017378842887e-01 3.060432190420937781e-03
6.707934594999999717e+03 7.883582816252766579e-01 3.060432190420937781e-03
6.715931564999999864e+03 7.780354473643803503e-01 3.060432190420937781e-03
6.723928535000000011e+03 7.689916062603119329e-01 3.060432190420937781e-03
6.731925505000000157e+03 7.564405938137748198e-01 3.060432190420937781e-03
6.739922474999999395e+03 7.406102723308729541e-01 3.060432190420937781e-03
6.747919444999999541e+03 7.313159497532483178e-01 3.060432190420937781e-03
6.755916414999999688e+03 7.192227348011890342e-01 3.060432190420937781e-03
6.763913384999999835e+03 7.143252390521164230e-01 3.060432190420937781e-03
6.771910354999999981e+03 7.031070913389150245e-01 3.060432190420937781e-03
6.779907325000000128e+03 7.011614607618570361e-01 3.060432190420937781e-03
6.787904295000000275e+03 6.868714392849037953e-01 3.060432190420937781e-03
6.795901264999999512e+03 6.922972464534867809e-01 3.060432190420937781e-03
6.803898234999999659e+03 6.801616835350717816e-01 3.060432190420937781e-03
6.811895204999999805e+03 6.835179082393413319e-01 3.060432190420937781e-03
6.819892174999999952e+03 6.782352513497916791e-01 3.060432190420937781e-03
6.827889145000000099e+03 6.709036592747752437e-01 3.060432190420937781e-03
6.835886114999999336e+03 6.716647957153019100e-01 3.060432190420937781e-03
6.843883084999999483e+03 6.687145185130957126e-01 3.060432190420937781e-03
6.851880054999999629e+03 6.692214352738173888e-01 3.060432190420937781e-03
6.859877024999999776e+03 6.606440021812242103e-01 3.060432190420937781e-03
6.867873994999999923e+03 6.544786310134182994e-01 3.060432190420937781e-03
6.875870965000000069e+03 6.574510429116117161e-01 3.060432190420937781e-03
6.883867935000000216e+03 6.607073970421316611e-01 3.060432190420937781e-03
6.891864904999999453e+03 6.558317861094010714e-01 3.060432190420937781e-03
6.899861874999999600e+03 6.482119055434767407e-01 3.060432190420937781e-03
6.907858844999999747e+03 6.456115593272625519e-01 3.060432190420937781e-03
6.915855814999999893e+03 6.471133064153953285e-01 3.060432190420937781e-03
6.923852784999999130e+03 6.372608401382038323e-01 3.060432190420937781e-03
6.931849754999999277e+03 6.407110436417994270e-01 3.060432190420937781e-03
6.939846724999999424e+03 6.322409531477685141e-01 3.060432190420937781e-03
6.947843694999999570e+03 6.377390648655233418e-01 3.060432190420937781e-03
6.955840664999999717e+03 6.297213394683492949e-01 3.060432190420937781e-03
6.963837634999999864e+03 6.257800650562496125e-01 3.060432190420937781e-03
6.971834605000000010e+03 6.258911493117876867e-01 3.060432190420937781e-03
6.979831575000000157e+03 6.212265560122229857e-01 3.060432190420937781e-03
6.987828544999999394e+03 6.224038046574885685e-01 3.060432190420937781e-03
6.995825514999999541e+03 6.199317956231463755e-01 3.060432190420937781e-03
