6.204125485000000481e+03 7.558757792063898195e-01 3.060432190420937781e-03
6.212122455000000627e+03 7.641577330762480136e-01 3.060432190420937781e-03
6.220119425000000774e+03 7.595823521366943387e-01 3.060432190420937781e-03
6.228116395000000011e+03 7.599313954177703279e-01 3.060432190420937781e-03
6.236113365000000158e+03 7.518752172373182052e-01 3.060432190420937781e-03
6.244110335000000305e+03 7.597056659116492305e-01 3.060432190420937781e-03
6.252107305000000451e+03 7.471822104156606859e-01 3.060432190420937781e-03
6.260104275000000598e+03 7.495442834052813419e-01 3.060432190420937781e-03
6.268101244999999835e+03 7.534945235251064855e-01 3.060432190420937781e-03
6.276098214999999982e+03 7.491578544616687152e-01 3.060432190420937781e-03
6.284095185000000129e+03 7.487882505420585533e-01 3.060432190420937781e-03
6.292092155000000275e+03 7.432313794491349768e-01 3.060432190420937781e-03
6.300089125000000422e+03 7.409728865752640559e-01 3.060432190420937781e-03
6.308086095000000569e+03 7.431599496036240815e-01 3.060432190420937781e-03
6.316083065000000715e+03 7.376960632724065547e-01 3.060432190420937781e-03
6.324080034999999953e+03 7.441035016479443653e-01 3.060432190420937781e-03
6.332077005000000099e+03 7.416388525529739040e-01 3.060432190420937781e-03
6.340073975000000246e+03 7.420289591506247229e-01 3.060432190420937781e-03
6.348070945000000393e+03 7.433876044589939891e-01 3.060432190420937781e-03
6.356067915000000539e+03 7.499034596550112619e-01 3.060432190420937781e-03
6.364064884999999776e+03 7.447729244847576258e-01 3.060432190420937781e-03
6.372061854999999923e+03 7.500531530778239420e-01 3.060432190420937781e-03
6.380058825000000070e+03 7.568958374256097299e-01 3.060432190420937781e-03
6.388055795000000217e+03 7.626580139636468525e-01 3.060432190420937781e-03
6.396052765000000363e+03 7.662519263072659070e-01 3.060432190420937781e-03
6.404049735000000510e+03 7.731051421046943872e-01 3.060432190420937781e-03
6.412046705000000657e+03 7.773658150067704886e-01 3.060432190420937781e-03
6.420043674999999894e+03 7.819966556768233046e-01 3.060432190420937781e-03
6.428040645000000040e+03 7.888039529104877712e-01 3.060432190420937781e-03
6.436037615000000187e+03 7.930869335966491684e-01 3.060432190420937781e-03
6.444034585000000334e+03 7.944168252996963719e-01 3.060432190420937781e-03
6.452031555000000481e+03 8.062195157099938392e-01 3.060432190420937781e-03
6.460028524999999718e+03 8.107747395537036050e-01 3.060432190420937781e-03
6.468025494999999864e+03 8.084476639601106962e-01 3.060432190420937781e-03
6.476022465000000011e+03 8.103414980212804153e-01 3.060432190420937781e-03
6.484019435000000158e+03 8.175407645720099703e-01 3.060432190420937781e-03
6.492016405000000304e+03 8.277283384025188040e-01 3.060432190420937781e-03
6.500013375000000451e+03 8.305928985882312654e-01 3.060432190420937781e-03
6.508010345000000598e+03 8.436404941917401423e-01 3.060432190420937781e-03
6.516007314999999835e+03 8.569494242389493754e-01 3.060432190420937781e-03
6.524004284999999982e+03 8.584061020539686115e-01 3.060432190420937781e-03
6.532001255000000128e+03 8.612357206193006487e-01 3.060432190420937781e-03
6.539998225000000275e+03 8.553749362498566100e-01 3.060432190420937781e-03
6.547995194999999512e+03 8.433711254902417354e-01 3.060432190420937781e-03
6.555992164999999659e+03 8.509046413390530805e-01 3.060432190420937781e-03
6.563989134999999806e+03 8.446061618692519701e-01 3.060432190420937781e-03
6.571986104999999952e+03 8.545124614799212148e-01 3.060432190420937781e-03
6.579983075000000099e+03 8.504431263104715866e-01 3.060432190420937781e-03
6.587980045000000246e+03 8.694646988970229362e-01 3.060432190420937781e-03
6.595977015000000392e+03 8.820723108634398457e-01 3.060432190420937781e-03
6.603973985000000539e+03 8.804260502877131467e-01 3.060432190420937781e-03
6.611970954999999776e+03 8.764502373392155654e-01 3.060432190420937781e-03
6.619967924999999923e+03 8.646469716050159127e-01 3.060432190420937781e-03
6.627964895000000070e+03 8.492876997678445727e-01 3.060432190420937781e-03
6.635961865000000216e+03 8.488595785674124539e-01 3.060432190420937781e-03
6.643958834999999453e+03 8.379560636037630683e-01 3.060432190420937781e-03
6.651955804999999600e+03 8.203280159928676429e-01 3.060432190420937781e-03
6.659952774999999747e+03 8.130865219286852463e-01 3.060432190420937781e-03
6.667949744999999893e+03 8.011161660927204053e-01 3.060432190420937781e-03
6.675946715000000040e+03 7.829142141970957258e-01 3.060432190420937781e-03
6.683943685000000187e+03 7.718324171164177017e-01 3.060432190420937781e-03
6.691940655000000334e+03 7.611496018648874484e-01 3.060432190420937781e-03
6.699937624999999571e+03 7.430388390059198267e-01 3.060432190420937781e-03
6.707934594999999717e+03 7.306891896103394624e-01 3.060432190420937781e-03
6.715931564999999864e+03 7.273464830173101969e-01 3.060432190420937781e-03
6.723928535000000011e+03 7.127196776371789166e-01 3.060432190420937781e-03
6.731925505000000157e+03 7.004386731004887956e-01 3.060432190420937781e-03
6.739922474999999395e+03 6.882354141742416109e-01 3.060432190420937781e-03
6.747919444999999541e+03 6.784433135974914375e-01 3.060432190420937781e-03
6.755916414999999688e+03 6.653972039888568224e-01 3.060432190420937781e-03
6.763913384999999835e+03 6.571689334848159758e-01 3.060432190420937781e-03
6.771910354999999981e+03 6.530377101684643470e-01 3.060432190420937781e-03
6.779907325000000128e+03 6.511591012983889426e-01 3.060432190420937781e-03
6.787904295000000275e+03 6.370716673142529096e-01 3.060432190420937781e-03
6.795901264999999512e+03 6.330017604073223669e-01 3.060432190420937781e-03
6.803898234999999659e+03 6.337048815146660852e-01 3.060432190420937781e-03
6.811895204999999805e+03 6.281278759767281450e-01 3.060432190420937781e-03
6.819892174999999952e+03 6.198015013654847305e-01 3.060432190420937781e-03
6.827889145000000099e+03 6.240532239611319421e-01 3.060432190420937781e-03
6.835886114999999336e+03 6.207197587490957957e-01 3.060432190420937781e-03
6.843883084999999483e+03 6.140970851022773402e-01 3.060432190420937781e-03
6.851880054999999629e+03 6.129146320404399439e-01 3.060432190420937781e-03
6.859877024999999776e+03 6.096504701193510289e-01 3.060432190420937781e-03
6.867873994999999923e+03 6.092989329173285062e-01 3.060432190420937781e-03
6.875870965000000069e+03 6.063070350654925500e-01 3.060432190420937781e-03
6.883867935000000216e+03 6.058864798497056725e-01 3.060432190420937781e-03
6.891864904999999453e+03 5.991781323543214910e-01 3.060432190420937781e-03
6.899861874999999600e+03 6.066417776387511562e-01 3.060432190420937781e-03
6.907858844999999747e+03 5.975145666792974763e-01 3.060432190420937781e-03
6.915855814999999893e+03 6.035768931337497367e-01 3.060432190420937781e-03
6.923852784999999130e+03 5.835989631161273561e-01 3.060432190420937781e-03
6.931849754999999277e+03 5.914976295132171602e-01 3.060432190420937781e-03
6.939846724999999424e+03 5.909152475894137169e-01 3.060432190420937781e-03
6.947843694999999570e+03 5.832666562970598712e-01 3.060432190420937781e-03
6.955840664999999717e+03 5.863628414782262599e-01 3.060432190420937781e-03
6.963837634999999864e+03 5.799878638245186124e-01 3.060432190420937781e-03
6.971834605000000010e+03 5.773518896486308227e-01 3.060432190420937781e-03
6.979831575000000157e+03 5.738486005501129972e-01 3.060432190420937781e-03
6.987828544999999394e+03 5.737797107176351163e-01 3.060432190420937781e-03
6.995825514999999541e+03 5.634341853600348671e-01 3.060432190420937781e-03
