6.204125485000000481e+03 7.561376339545577974e-01 3.060432190420937781e-03
6.212122455000000627e+03 7.560954848374608073e-01 3.060432190420937781e-03
6.220119425000000774e+03 7.586308602656837152e-01 3.060432190420937781e-03
6.228116395000000011e+03 7.522404241326940966e-01 3.060432190420937781e-03
6.236113365000000158e+03 7.526553260279510438e-01 3.060432190420937781e-03
6.244110335000000305e+03 7.499185877091902874e-01 3.060432190420937781e-03
6.252107305000000451e+03 7.402389488824444586e-01 3.060432190420937781e-03
6.260104275000000598e+03 7.473384151889960192e-01 3.060432190420937781e-03
6.268101244999999835e+03 7.537758248550101570e-01 3.060432190420937781e-03
6.276098214999999982e+03 7.504704578631458123e-01 3.060432190420937781e-03
6.284095185000000129e+03 7.401961522828472972e-01 3.060432190420937781e-03
6.292092155000000275e+03 7.429249975751245350e-01 3.060432190420937781e-03
6.300089125000000422e+03 7.454617457538006420e-01 3.060432190420937781e-03
6.308086095000000569e+03 7.392340612880325956e-01 3.060432190420937781e-03
6.316083065000000715e+03 7.310450974086341036e-01 3.060432190420937781e-03
6.324080034999999953e+03 7.342381999489031585e-01 3.060432190420937781e-03
6.332077005000000099e+03 7.281438125630966818e-01 3.060432190420937781e-03
6.340073975000000246e+03 7.400248209768063301e-01 3.060432190420937781e-03
6.348070945000000393e+03 7.409016357731676994e-01 3.060432190420937781e-03
6.356067915000000539e+03 7.382175824027104039e-01 3.060432190420937781e-03
6.364064884999999776e+03 7.399273013591940451e-01 3.060432190420937781e-03
6.372061854999999923e+03 7.542581903559992806e-01 3.060432190420937781e-03
6.380058825000000070e+03 7.492310149921370677e-01 3.060432190420937781e-03
6.388055795000000217e+03 7.589488106083068786e-01 3.060432190420937781e-03
6.396052765000000363e+03 7.581349934673884405e-01 3.060432190420937781e-03
6.404049735000000510e+03 7.657026784987921442e-01 3.060432190420937781e-03
6.412046705000000657e+03 7.646682824141552981e-01 3.060432190420937781e-03
6.420043674999999894e+03 7.664045682046720653e-01 3.060432190420937781e-03
6.428040645000000040e+03 7.761289710035781386e-01 3.060432190420937781e-03
6.436037615000000187e+03 7.738848485688184509e-01 3.060432190420937781e-03
6.444034585000000334e+03 7.855114902325660564e-01 3.060432190420937781e-03
6.452031555000000481e+03 7.861234425467334974e-01 3.060432190420937781e-03
6.460028524999999718e+03 7.936777412523039477e-01 3.060432190420937781e-03
6.468025494999999864e+03 7.865050405371422082e-01 3.060432190420937781e-03
6.476022465000000011e+03 7.881648119220371340e-01 3.060432190420937781e-03
6.484019435000000158e+03 7.996162340868306906e-01 3.060432190420937781e-03
6.492016405000000304e+03 8.005771921218653997e-01 3.060432190420937781e-03
6.500013375000000451e+03 8.136575386946108823e-01 3.060432190420937781e-03
6.508010345000000598e+03 8.349063665885357866e-01 3.060432190420937781e-03
6.516007314999999835e+03 8.425892934929213318e-01 3.060432190420937781e-03
6.524004284999999982e+03 8.537909057026397130e-01 3.060432190420937781e-03
6.532001255000000128e+03 8.575236748960212152e-01 3.060432190420937781e-03
6.539998225000000275e+03 8.462621151314354551e-01 3.060432190420937781e-03
6.547995194999999512e+03 8.415361710299266162e-01 3.060432190420937781e-03
6.555992164999999659e+03 8.418534231744647656e-01 3.060432190420937781e-03
6.563989134999999806e+03 8.437157908890324798e-01 3.060432190420937781e-03
6.571986104999999952e+03 8.447105406960162544e-01 3.060432190420937781e-03
6.579983075000000099e+03 8.454219673747924713e-01 3.060432190420937781e-03
6.587980045000000246e+03 8.572442002524784943e-01 3.060432190420937781e-03
6.595977015000000392e+03 8.687774075816051544e-01 3.060432190420937781e-03
6.603973985000000539e+03 8.693580636830779973e-01 3.060432190420937781e-03
6.611970954999999776e+03 8.573266867223026111e-01 3.060432190420937781e-03
6.619967924999999923e+03 8.485529845096091428e-01 3.060432190420937781e-03
6.627964895000000070e+03 8.276386103778567982e-01 3.060432190420937781e-03
6.635961865000000216e+03 8.185169414651695119e-01 3.060432190420937781e-03
6.643958834999999453e+03 8.062755387091382620e-01 3.060432190420937781e-03
6.651955804999999600e+03 7.986512538813735906e-01 3.060432190420937781e-03
6.659952774999999747e+03 7.823103386349956612e-01 3.060432190420937781e-03
6.667949744999999893e+03 7.798394263204018184e-01 3.060432190420937781e-03
6.675946715000000040e+03 7.632533801094680825e-01 3.060432190420937781e-03
6.683943685000000187e+03 7.520776028379321243e-01 3.060432190420937781e-03
6.691940655000000334e+03 7.465515868222490914e-01 3.060432190420937781e-03
6.699937624999999571e+03 7.325711845657063570e-01 3.060432190420937781e-03
6.707934594999999717e+03 7.253634841172434955e-01 3.060432190420937781e-03
6.715931564999999864e+03 7.106012566591600743e-01 3.060432190420937781e-03
6.723928535000000011e+03 7.030278546204187240e-01 3.060432190420937781e-03
6.731925505000000157e+03 6.943937104545484518e-01 3.060432190420937781e-03
6.739922474999999395e+03 6.796554363990842118e-01 3.060432190420937781e-03
6.747919444999999541e+03 6.779772983580523160e-01 3.060432190420937781e-03
6.755916414999999688e+03 6.644660357379371662e-01 3.060432190420937781e-03
6.763913384999999835e+03 6.578487319146497647e-01 3.060432190420937781e-03
6.771910354999999981e+03 6.503458921574043483e-01 3.060432190420937781e-03
6.779907325000000128e+03 6.452688878035414133e-01 3.060432190420937781e-03
6.787904295000000275e+03 6.402834073901854106e-01 3.060432190420937781e-03
6.795901264999999512e+03 6.355900401372819308e-01 3.060432190420937781e-03
6.803898234999999659e+03 6.261557807136235443e-01 3.060432190420937781e-03
6.811895204999999805e+03 6.268326932429955090e-01 3.060432190420937781e-03
6.819892174999999952e+03 6.243917633051240257e-01 3.060432190420937781e-03
6.827889145000000099e+03 6.155911406112727358e-01 3.060432190420937781e-03
6.835886114999999336e+03 6.134175490370199491e-01 3.060432190420937781e-03
6.843883084999999483e+03 6.131238843724889920e-01 3.060432190420937781e-03
6.851880054999999629e+03 6.134380920261344183e-01 3.060432190420937781e-03
6.859877024999999776e+03 6.087409524953680817e-01 3.060432190420937781e-03
6.867873994999999923e+03 6.057735238234672748e-01 3.060432190420937781e-03
6.875870965000000069e+03 6.062281670806386469e-01 3.060432190420937781e-03
6.883867935000000216e+03 6.060792439529095743e-01 3.060432190420937781e-03
6.891864904999999453e+03 6.059650054267559094e-01 3.060432190420937781e-03
6.899861874999999600e+03 5.962114108888963981e-01 3.060432190420937781e-03
6.907858844999999747e+03 5.985499862518054437e-01 3.060432190420937781e-03
6.915855814999999893e+03 5.940710444996770700e-01 3.060432190420937781e-03
6.923852784999999130e+03 5.915525999183308681e-01 3.060432190420937781e-03
6.931849754999999277e+03 5.897957109917049134e-01 3.060432190420937781e-03
6.939846724999999424e+03 5.849265916834510692e-01 3.060432190420937781e-03
6.947843694999999570e+03 5.868215167359077666e-01 3.060432190420937781e-03
6.955840664999999717e+03 5.795216491546223425e-01 3.060432190420937781e-03
6.963837634999999864e+03 5.794409987903498260e-01 3.060432190420937781e-03
6.971834605000000010e+03 5.751073260645224172e-01 3.060432190420937781e-03
6.979831575000000157e+03 5.739717021799189967e-01 3.060432190420937781e-03
6.987828544999999394e+03 5.706039156892364073e-01 3.060432190420937781e-03
6.995825514999999541e+03 5.723950089059405277e-01 3.060432190420937781e-03
