6.204125485000000481e+03 7.547324660878672598e-01 3.060432190420937781e-03
6.212122455000000627e+03 7.511184990537966844e-01 3.060432190420937781e-03
6.220119425000000774e+03 7.540604336395546614e-01 3.060432190420937781e-03
6.228116395000000011e+03 7.482265352902532918e-01 3.060432190420937781e-03
6.236113365000000158e+03 7.484178475656425578e-01 3.060432190420937781e-03
6.244110335000000305e+03 7.537737532900437021e-01 3.060432190420937781e-03
6.252107305000000451e+03 7.462340241386942186e-01 3.060432190420937781e-03
6.260104275000000598e+03 7.474385724403859177e-01 3.060432190420937781e-03
6.268101244999999835e+03 7.454069382931240995e-01 3.060432190420937781e-03
6.276098214999999982e+03 7.419603993777067474e-01 3.060432190420937781e-03
6.284095185000000129e+03 7.446333813615960695e-01 3.060432190420937781e-03
6.292092155000000275e+03 7.400257083733470242e-01 3.060432190420937781e-03
6.300089125000000422e+03 7.324164973212553553e-01 3.060432190420937781e-03
6.308086095000000569e+03 7.359132795985261488e-01 3.060432190420937781e-03
6.316083065000000715e+03 7.372262671176668114e-01 3.060432190420937781e-03
6.324080034999999953e+03 7.283583410122621560e-01 3.060432190420937781e-03
6.332077005000000099e+03 7.334600856215741649e-01 3.060432190420937781e-03
6.340073975000000246e+03 7.352526616146132232e-01 3.060432190420937781e-03
6.348070945000000393e+03 7.341005339844210997e-01 3.060432190420937781e-03
6.356067915000000539e+03 7.359506042558329186e-01 3.060432190420937781e-03
6.364064884999999776e+03 7.471590825410385772e-01 3.060432190420937781e-03
6.372061854999999923e+03 7.431218892089330730e-01 3.060432190420937781e-03
6.380058825000000070e+03 7.579171009156744354e-01 3.060432190420937781e-03
6.388055795000000217e+03 7.595929803190555329e-01 3.060432190420937781e-03
6.396052765000000363e+03 7.633871565238599111e-01 3.060432190420937781e-03
6.404049735000000510e+03 7.668530613426516318e-01 3.060432190420937781e-03
6.412046705000000657e+03 7.673171077060664258e-01 3.060432190420937781e-03
6.420043674999999894e+03 7.752739283427485528e-01 3.060432190420937781e-03
6.428040645000000040e+03 7.890699588050454905e-01 3.060432190420937781e-03
6.436037615000000187e+03 7.916276061233462613e-01 3.060432190420937781e-03
6.444034585000000334e+03 7.977501224219192277e-01 3.060432190420937781e-03
6.452031555000000481e+03 8.012350022312720865e-01 3.060432190420937781e-03
6.460028524999999718e+03 8.028990050737265793e-01 3.060432190420937781e-03
6.468025494999999864e+03 8.084271294436911059e-01 3.060432190420937781e-03
6.476022465000000011e+03 8.074430444658556860e-01 3.060432190420937781e-03
6.484019435000000158e+03 8.090205416993595522e-01 3.060432190420937781e-03
6.492016405000000304e+03 8.132802532774536797e-01 3.060432190420937781e-03
6.500013375000000451e+03 8.172901350411372334e-01 3.060432190420937781e-03
6.508010345000000598e+03 8.434570386583930546e-01 3.060432190420937781e-03
6.516007314999999835e+03 8.457331593335232212e-01 3.060432190420937781e-03
6.524004284999999982e+03 8.516185836805736376e-01 3.060432190420937781e-03
6.532001255000000128e+03 8.465139161243215860e-01 3.060432190420937781e-03
6.539998225000000275e+03 8.425129747065003283e-01 3.060432190420937781e-03
6.547995194999999512e+03 8.402727072568009214e-01 3.060432190420937781e-03
6.555992164999999659e+03 8.401903796196725782e-01 3.060432190420937781e-03
6.563989134999999806e+03 8.345756072056023100e-01 3.060432190420937781e-03
6.571986104999999952e+03 8.417006695976895214e-01 3.060432190420937781e-03
6.579983075000000099e+03 8.419546267463257072e-01 3.060432190420937781e-03
6.587980045000000246e+03 8.570412346430842376e-01 3.060432190420937781e-03
6.595977015000000392e+03 8.718224545579071894e-01 3.060432190420937781e-03
6.603973985000000539e+03 8.778581048361654426e-01 3.060432190420937781e-03
6.611970954999999776e+03 8.692856366855969963e-01 3.060432190420937781e-03
6.619967924999999923e+03 8.616625021771807669e-01 3.060432190420937781e-03
6.627964895000000070e+03 8.479102914962116655e-01 3.060432190420937781e-03
6.635961865000000216e+03 8.426471491884870435e-01 3.060432190420937781e-03
6.643958834999999453e+03 8.368319068022217477e-01 3.060432190420937781e-03
6.651955804999999600e+03 8.243201882060275931e-01 3.060432190420937781e-03
6.659952774999999747e+03 8.124109654538987924e-01 3.060432190420937781e-03
6.667949744999999893e+03 7.987686478257834954e-01 3.060432190420937781e-03
6.675946715000000040e+03 7.889092732555113008e-01 3.060432190420937781e-03
6.683943685000000187e+03 7.728027943380508802e-01 3.060432190420937781e-03
6.691940655000000334e+03 7.596034981454958812e-01 3.060432190420937781e-03
6.699937624999999571e+03 7.416233260485054490e-01 3.060432190420937781e-03
6.707934594999999717e+03 7.293380949082225451e-01 3.060432190420937781e-03
6.715931564999999864e+03 7.212257941394621952e-01 3.060432190420937781e-03
6.723928535000000011e+03 7.083038230761091736e-01 3.060432190420937781e-03
6.731925505000000157e+03 7.016104708415615843e-01 3.060432190420937781e-03
6.739922474999999395e+03 6.889679767732705962e-01 3.060432190420937781e-03
6.747919444999999541e+03 6.767167477019413457e-01 3.060432190420937781e-03
6.755916414999999688e+03 6.685547348959719471e-01 3.060432190420937781e-03
6.763913384999999835e+03 6.563485978070370264e-01 3.060432190420937781e-03
6.771910354999999981e+03 6.510746497605049976e-01 3.060432190420937781e-03
6.779907325000000128e+03 6.399120030299911832e-01 3.060432190420937781e-03
6.787904295000000275e+03 6.397053165249600992e-01 3.060432190420937781e-03
6.795901264999999512e+03 6.344425655477893278e-01 3.060432190420937781e-03
6.803898234999999659e+03 6.241386680433973488e-01 3.060432190420937781e-03
6.811895204999999805e+03 6.261569653006712199e-01 3.060432190420937781e-03
6.819892174999999952e+03 6.196175634216808392e-01 3.060432190420937781e-03
6.827889145000000099e+03 6.206289451340649688e-01 3.060432190420937781e-03
6.835886114999999336e+03 6.141673976921603328e-01 3.060432190420937781e-03
6.843883084999999483e+03 6.131053389906340190e-01 3.060432190420937781e-03
6.851880054999999629e+03 6.137852417319732412e-01 3.060432190420937781e-03
6.859877024999999776e+03 6.027017771706397742e-01 3.060432190420937781e-03
6.867873994999999923e+03 6.070123534245865926e-01 3.060432190420937781e-03
6.875870965000000069e+03 6.000012887017078800e-01 3.060432190420937781e-03
6.883867935000000216e+03 5.994558845553080717e-01 3.060432190420937781e-03
6.891864904999999453e+03 5.975279189001684310e-01 3.060432190420937781e-03
6.899861874999999600e+03 5.950834884946714087e-01 3.060432190420937781e-03
6.907858844999999747e+03 5.909926982780070448e-01 3.060432190420937781e-03
6.915855814999999893e+03 5.881937206422440667e-01 3.060432190420937781e-03
6.923852784999999130e+03 5.900641386795197896e-01 3.060432190420937781e-03
6.931849754999999277e+03 5.929002623958629092e-01 3.060432190420937781e-03
6.939846724999999424e+03 5.848931466542838242e-01 3.060432190420937781e-03
6.947843694999999570e+03 5.779525140329012656e-01 3.060432190420937781e-03
6.955840664999999717e+03 5.829042913318193131e-01 3.060432190420937781e-03
6.963837634999999864e+03 5.759277653966556887e-01 3.060432190420937781e-03
6.971834605000000010e+03 5.765620697385621662e-01 3.060432190420937781e-03
6.979831575000000157e+03 5.690555748842941464e-01 3.060432190420937781e-03
6.987828544999999394e+03 5.642416157552685441e-01 3.060432190420937781e-03
6.995825514999999541e+03 5.663239911756461353e-01 3.060432190420937781e-03
