6.204125485000000481e+03 7.249897310218493818e-01 3.060432190420937781e-03
6.212122455000000627e+03 7.295968551857288098e-01 3.060432190420937781e-03
6.220119425000000774e+03 7.221945290463923639e-01 3.060432190420937781e-03
6.228116395000000011e+03 7.234026467775097613e-01 3.060432190420937781e-03
6.236113365000000158e+03 7.187677959101055336e-01 3.060432190420937781e-03
6.244110335000000305e+03 7.233515141720497921e-01 3.060432190420937781e-03
6.252107305000000451e+03 7.162690235399562511e-01 3.060432190420937781e-03
6.260104275000000598e+03 7.158798352972459700e-01 3.060432190420937781e-03
6.268101244999999835e+03 7.171864575279661702e-01 3.060432190420937781e-03
6.276098214999999982e+03 7.099884279475425775e-01 3.060432190420937781e-03
6.284095185000000129e+03 7.026458321612449875e-01 3.060432190420937781e-03
6.292092155000000275e+03 7.136524547183122902e-01 3.060432190420937781e-03
6.300089125000000422e+03 7.046048790467394074e-01 3.060432190420937781e-03
6.308086095000000569e+03 7.113819349269833170e-01 3.060432190420937781e-03
6.316083065000000715e+03 7.079950393993114099e-01 3.060432190420937781e-03
6.324080034999999953e+03 7.011672205962504734e-01 3.060432190420937781e-03
6.332077005000000099e+03 7.047669698595560028e-01 3.060432190420937781e-03
6.340073975000000246e+03 7.041299146319675017e-01 3.060432190420937781e-03
6.348070945000000393e+03 7.033726089109733071e-01 3.060432190420937781e-03
6.356067915000000539e+03 7.070225459215527808e-01 3.060432190420937781e-03
6.364064884999999776e+03 7.083437036988057267e-01 3.060432190420937781e-03
6.372061854999999923e+03 7.113780285833567474e-01 3.060432190420937781e-03
6.380058825000000070e+03 7.151403573457167928e-01 3.060432190420937781e-03
6.388055795000000217e+03 7.166127164539555228e-01 3.060432190420937781e-03
6.396052765000000363e+03 7.265118227748316171e-01 3.060432190420937781e-03
6.404049735000000510e+03 7.279142023688320862e-01 3.060432190420937781e-03
6.412046705000000657e+03 7.323657835297980867e-01 3.060432190420937781e-03
6.420043674999999894e+03 7.238090480879120214e-01 3.060432190420937781e-03
6.428040645000000040e+03 7.351295045399135475e-01 3.060432190420937781e-03
6.436037615000000187e+03 7.408868961119933205e-01 3.060432190420937781e-03
6.444034585000000334e+03 7.457903095972665541e-01 3.060432190420937781e-03
6.452031555000000481e+03 7.501920768965189001e-01 3.060432190420937781e-03
6.460028524999999718e+03 7.539606750006471181e-01 3.060432190420937781e-03
6.468025494999999864e+03 7.610104029524455971e-01 3.060432190420937781e-03
6.476022465000000011e+03 7.587904753201158981e-01 3.060432190420937781e-03
6.484019435000000158e+03 7.774178560824586137e-01 3.060432190420937781e-03
6.492016405000000304e+03 7.737363912059803672e-01 3.060432190420937781e-03
6.500013375000000451e+03 7.886659019650816838e-01 3.060432190420937781e-03
6.508010345000000598e+03 8.102707741115601214e-01 3.060432190420937781e-03
6.516007314999999835e+03 8.169215650321489663e-01 3.060432190420937781e-03
6.524004284999999982e+03 8.278120766164501765e-01 3.060432190420937781e-03
6.532001255000000128e+03 8.265120800228553666e-01 3.060432190420937781e-03
6.539998225000000275e+03 8.166236461820878256e-01 3.060432190420937781e-03
6.547995194999999512e+03 8.099279165633396227e-01 3.060432190420937781e-03
6.555992164999999659e+03 8.078274016019795223e-01 3.060432190420937781e-03
6.563989134999999806e+03 8.097720145980833450e-01 3.060432190420937781e-03
6.571986104999999952e+03 8.085808010097981224e-01 3.060432190420937781e-03
6.579983075000000099e+03 8.139197280775560817e-01 3.060432190420937781e-03
6.587980045000000246e+03 8.215090416595113298e-01 3.060432190420937781e-03
6.595977015000000392e+03 8.419125600084276240e-01 3.060432190420937781e-03
6.603973985000000539e+03 8.385287676438948345e-01 3.060432190420937781e-03
6.611970954999999776e+03 8.331513015961630186e-01 3.060432190420937781e-03
6.619967924999999923e+03 8.169073671824240712e-01 3.060432190420937781e-03
6.627964895000000070e+03 8.000072306377331577e-01 3.060432190420937781e-03
6.635961865000000216e+03 7.924297352848865827e-01 3.060432190420937781e-03
6.643958834999999453e+03 7.787025617861484950e-01 3.060432190420937781e-03
6.651955804999999600e+03 7.635172166762994594e-01 3.060432190420937781e-03
6.659952774999999747e+03 7.582728086765125886e-01 3.060432190420937781e-03
6.667949744999999893e+03 7.469368002388381278e-01 3.060432190420937781e-03
6.675946715000000040e+03 7.305381206624047552e-01 3.060432190420937781e-03
6.683943685000000187e+03 7.231611337194400191e-01 3.060432190420937781e-03
6.691940655000000334e+03 7.102049466971291913e-01 3.060432190420937781e-03
6.699937624999999571e+03 6.986633888385659352e-01 3.060432190420937781e-03
6.707934594999999717e+03 6.830289153290599602e-01 3.060432190420937781e-03
6.715931564999999864e+03 6.809862581567966977e-01 3.060432190420937781e-03
6.723928535000000011e+03 6.663330244792760038e-01 3.060432190420937781e-03
6.731925505000000157e+03 6.599654051244983055e-01 3.060432190420937781e-03
6.739922474999999395e+03 6.548223210310164522e-01 3.060432190420937781e-03
6.747919444999999541e+03 6.427613059604252443e-01 3.060432190420937781e-03
6.755916414999999688e+03 6.389530669312035727e-01 3.060432190420937781e-03
6.763913384999999835e+03 6.273665795128164913e-01 3.060432190420937781e-03
6.771910354999999981e+03 6.226760336166790033e-01 3.060432190420937781e-03
6.779907325000000128e+03 6.183793413892396673e-01 3.060432190420937781e-03
6.787904295000000275e+03 6.071251837396743900e-01 3.060432190420937781e-03
6.795901264999999512e+03 6.067746185923397206e-01 3.060432190420937781e-03
6.803898234999999659e+03 5.976840126577526169e-01 3.060432190420937781e-03
6.811895204999999805e+03 5.980928682339250457e-01 3.060432190420937781e-03
6.819892174999999952e+03 5.932649859237240086e-01 3.060432190420937781e-03
6.827889145000000099e+03 5.914001161470957557e-01 3.060432190420937781e-03
6.835886114999999336e+03 5.905560504148308354e-01 3.060432190420937781e-03
6.843883084999999483e+03 5.860375626511443725e-01 3.060432190420937781e-03
6.851880054999999629e+03 5.881407801457727569e-01 3.060432190420937781e-03
6.859877024999999776e+03 5.838384872480857357e-01 3.060432190420937781e-03
6.867873994999999923e+03 5.825340229031977790e-01 3.060432190420937781e-03
6.875870965000000069e+03 5.745370671609699720e-01 3.060432190420937781e-03
6.883867935000000216e+03 5.761303270782968111e-01 3.060432190420937781e-03
6.891864904999999453e+03 5.764756052515730422e-01 3.060432190420937781e-03
6.899861874999999600e+03 5.680299057896516235e-01 3.060432190420937781e-03
6.907858844999999747e+03 5.735805361585456508e-01 3.060432190420937781e-03
6.915855814999999893e+03 5.694129859510789204e-01 3.060432190420937781e-03
6.923852784999999130e+03 5.683780584154130011e-01 3.060432190420937781e-03
6.931849754999999277e+03 5.654139942380457251e-01 3.060432190420937781e-03
6.939846724999999424e+03 5.685270557399838554e-01 3.060432190420937781e-03
6.947843694999999570e+03 5.635960680368131692e-01 3.060432190420937781e-03
6.955840664999999717e+03 5.616116163286369867e-01 3.060432190420937781e-03
6.963837634999999864e+03 5.498856674880729933e-01 3.060432190420937781e-03
6.971834605000000010e+03 5.480424457036866537e-01 3.060432190420937781e-03
6.979831575000000157e+03 5.444391248523596794e-01 3.060432190420937781e-03
6.987828544999999394e+03 5.449553421655306540e-01 3.060432190420937781e-03
6.995825514999999541e+03 5.445969367718632714e-01 3.060432190420937781e-03
