6.204125485000000481e+03 6.127670100977556933e-01 3.060432190420937781e-03
6.212122455000000627e+03 6.087430603881638369e-01 3.060432190420937781e-03
6.220119425000000774e+03 6.109111043044777034e-01 3.060432190420937781e-03
6.228116395000000011e+03 6.059026531235335300e-01 3.060432190420937781e-03
6.236113365000000158e+03 6.071469822638702052e-01 3.060432190420937781e-03
6.244110335000000305e+03 6.074261385401422686e-01 3.060432190420937781e-03
6.252107305000000451e+03 6.092548611463806107e-01 3.060432190420937781e-03
6.260104275000000598e+03 6.046825030857323480e-01 3.060432190420937781e-03
6.268101244999999835e+03 6.047606850169542358e-01 3.060432190420937781e-03
6.276098214999999982e+03 6.020649907188871941e-01 3.060432190420937781e-03
6.284095185000000129e+03 5.972525678090556678e-01 3.060432190420937781e-03
6.292092155000000275e+03 5.997026316797960943e-01 3.060432190420937781e-03
6.300089125000000422e+03 5.971059718143055806e-01 3.060432190420937781e-03
6.308086095000000569e+03 6.035409046807657107e-01 3.060432190420937781e-03
6.316083065000000715e+03 5.941638199505396845e-01 3.060432190420937781e-03
6.324080034999999953e+03 5.948818873386912953e-01 3.060432190420937781e-03
6.332077005000000099e+03 5.957360322394867902e-01 3.060432190420937781e-03
6.340073975000000246e+03 5.964589101373287683e-01 3.060432190420937781e-03
6.348070945000000393e+03 6.020036512698490050e-01 3.060432190420937781e-03
6.356067915000000539e+03 5.993159702073340700e-01 3.060432190420937781e-03
6.364064884999999776e+03 6.059645477424155935e-01 3.060432190420937781e-03
6.372061854999999923e+03 6.127267612370606020e-01 3.060432190420937781e-03
6.380058825000000070e+03 6.179478348562188472e-01 3.060432190420937781e-03
6.388055795000000217e+03 6.172980982764094682e-01 3.060432190420937781e-03
6.396052765000000363e+03 6.213905621466838669e-01 3.060432190420937781e-03
6.404049735000000510e+03 6.307573212630708248e-01 3.060432190420937781e-03
6.412046705000000657e+03 6.310600260644845250e-01 3.060432190420937781e-03
6.420043674999999894e+03 6.366870239907698181e-01 3.060432190420937781e-03
6.428040645000000040e+03 6.420452323303739162e-01 3.060432190420937781e-03
6.436037615000000187e+03 6.513826907291538904e-01 3.060432190420937781e-03
6.444034585000000334e+03 6.535676994349857161e-01 3.060432190420937781e-03
6.452031555000000481e+03 6.602129863935464194e-01 3.060432190420937781e-03
6.460028524999999718e+03 6.628683561266632829e-01 3.060432190420937781e-03
6.468025494999999864e+03 6.759570005992285857e-01 3.060432190420937781e-03
6.476022465000000011e+03 6.702939027335910183e-01 3.060432190420937781e-03
6.484019435000000158e+03 6.756583366521574652e-01 3.060432190420937781e-03
6.492016405000000304e+03 6.845708887154468014e-01 3.060432190420937781e-03
6.500013375000000451e+03 6.916415596735469018e-01 3.060432190420937781e-03
6.508010345000000598e+03 7.061379996444814289e-01 3.060432190420937781e-03
6.516007314999999835e+03 7.212375326324939051e-01 3.060432190420937781e-03
6.524004284999999982e+03 7.351907310973929688e-01 3.060432190420937781e-03
6.532001255000000128e+03 7.272894562662705065e-01 3.060432190420937781e-03
6.539998225000000275e+03 7.106417724174363126e-01 3.060432190420937781e-03
6.547995194999999512e+03 7.110643344258905652e-01 3.060432190420937781e-03
6.555992164999999659e+03 7.114805136145812003e-01 3.060432190420937781e-03
6.563989134999999806e+03 7.153192331607524101e-01 3.060432190420937781e-03
6.571986104999999952e+03 7.187365822158202633e-01 3.060432190420937781e-03
6.579983075000000099e+03 7.208449432275345625e-01 3.060432190420937781e-03
6.587980045000000246e+03 7.265687178855331219e-01 3.060432190420937781e-03
6.595977015000000392e+03 7.460460067382527205e-01 3.060432190420937781e-03
6.603973985000000539e+03 7.490762892649257543e-01 3.060432190420937781e-03
6.611970954999999776e+03 7.465928367353616979e-01 3.060432190420937781e-03
6.619967924999999923e+03 7.268441442203236180e-01 3.060432190420937781e-03
6.627964895000000070e+03 7.141518743054686702e-01 3.060432190420937781e-03
6.635961865000000216e+03 7.068115981475079357e-01 3.060432190420937781e-03
6.643958834999999453e+03 6.990703674019573821e-01 3.060432190420937781e-03
6.651955804999999600e+03 6.895918015953305114e-01 3.060432190420937781e-03
6.659952774999999747e+03 6.804797301377836227e-01 3.060432190420937781e-03
6.667949744999999893e+03 6.623875004890215079e-01 3.060432190420937781e-03
6.675946715000000040e+03 6.533414621695260438e-01 3.060432190420937781e-03
6.683943685000000187e+03 6.402392074266715083e-01 3.060432190420937781e-03
6.691940655000000334e+03 6.264598531352703059e-01 3.060432190420937781e-03
6.699937624999999571e+03 6.148471432125415248e-01 3.060432190420937781e-03
6.707934594999999717e+03 6.014009861735125639e-01 3.060432190420937781e-03
6.715931564999999864e+03 5.900147869285243818e-01 3.060432190420937781e-03
6.723928535000000011e+03 5.792169483292802790e-01 3.060432190420937781e-03
6.731925505000000157e+03 5.684176437205820109e-01 3.060432190420937781e-03
6.739922474999999395e+03 5.650471112772595950e-01 3.060432190420937781e-03
6.747919444999999541e+03 5.577029480673947326e-01 3.060432190420937781e-03
6.755916414999999688e+03 5.367957207365323669e-01 3.060432190420937781e-03
6.763913384999999835e+03 5.353449786220531026e-01 3.060432190420937781e-03
6.771910354999999981e+03 5.296197972239887752e-01 3.060432190420937781e-03
6.779907325000000128e+03 5.185134595145002301e-01 3.060432190420937781e-03
6.787904295000000275e+03 5.187640623607177037e-01 3.060432190420937781e-03
6.795901264999999512e+03 5.127791879208498660e-01 3.060432190420937781e-03
6.803898234999999659e+03 5.052300832795053598e-01 3.060432190420937781e-03
6.811895204999999805e+03 5.043670339859039897e-01 3.060432190420937781e-03
6.819892174999999952e+03 5.093175751430158993e-01 3.060432190420937781e-03
6.827889145000000099e+03 5.041603559852546601e-01 3.060432190420937781e-03
6.835886114999999336e+03 5.014061217879000054e-01 3.060432190420937781e-03
6.843883084999999483e+03 5.024282010909285612e-01 3.060432190420937781e-03
6.851880054999999629e+03 4.923875712013275896e-01 3.060432190420937781e-03
6.859877024999999776e+03 4.958986975605575998e-01 3.060432190420937781e-03
6.867873994999999923e+03 4.882304112196075296e-01 3.060432190420937781e-03
6.875870965000000069e+03 4.878399045148164581e-01 3.060432190420937781e-03
6.883867935000000216e+03 4.913190888554846980e-01 3.060432190420937781e-03
6.891864904999999453e+03 4.894507109133850453e-01 3.060432190420937781e-03
6.899861874999999600e+03 4.856187315936526527e-01 3.060432190420937781e-03
6.907858844999999747e+03 4.767288075120520441e-01 3.060432190420937781e-03
6.915855814999999893e+03 4.799610207573639098e-01 3.060432190420937781e-03
6.923852784999999130e+03 4.781840726284624643e-01 3.060432190420937781e-03
6.931849754999999277e+03 4.769798590944815952e-01 3.060432190420937781e-03
6.939846724999999424e+03 4.801512343574235731e-01 3.060432190420937781e-03
6.947843694999999570e+03 4.740073446093973075e-01 3.060432190420937781e-03
6.955840664999999717e+03 4.685691035479183086e-01 3.060432190420937781e-03
6.963837634999999864e+03 4.646006540283089681e-01 3.060432190420937781e-03
6.971834605000000010e+03 4.606953192884681858e-01 3.060432190420937781e-03
6.979831575000000157e+03 4.658756519215462855e-01 3.060432190420937781e-03
6.987828544999999394e+03 4.615799807374654229e-01 3.060432190420937781e-03
6.995825514999999541e+03 4.594635028325221859e-01 3.060432190420937781e-03
