6.204125485000000481e+03 7.308517520730816175e-01 3.060432190420937781e-03
6.212122455000000627e+03 7.248485163000997211e-01 3.060432190420937781e-03
6.220119425000000774e+03 7.241774688810737048e-01 3.060432190420937781e-03
6.228116395000000011e+03 7.287673806729608739e-01 3.060432190420937781e-03
6.236113365000000158e+03 7.199591861566980722e-01 3.060432190420937781e-03
6.244110335000000305e+03 7.198479536785351574e-01 3.060432190420937781e-03
6.252107305000000451e+03 7.143462311428718792e-01 3.060432190420937781e-03
6.260104275000000598e+03 7.161121756572086383e-01 3.060432190420937781e-03
6.268101244999999835e+03 7.222423684645788988e-01 3.060432190420937781e-03
6.276098214999999982e+03 7.167585013395296745e-01 3.060432190420937781e-03
6.284095185000000129e+03 7.184295988257229926e-01 3.060432190420937781e-03
6.292092155000000275e+03 7.131235944397745774e-01 3.060432190420937781e-03
6.300089125000000422e+03 7.066864217626271927e-01 3.060432190420937781e-03
6.308086095000000569e+03 7.108054835189188125e-01 3.060432190420937781e-03
6.316083065000000715e+03 7.134384722481554864e-01 3.060432190420937781e-03
6.324080034999999953e+03 7.056192841347691536e-01 3.060432190420937781e-03
6.332077005000000099e+03 7.074314642707597578e-01 3.060432190420937781e-03
6.340073975000000246e+03 7.122054221283693476e-01 3.060432190420937781e-03
6.348070945000000393e+03 7.123531745578696173e-01 3.060432190420937781e-03
6.356067915000000539e+03 7.125612082797396774e-01 3.060432190420937781e-03
6.364064884999999776e+03 7.152759605630585327e-01 3.060432190420937781e-03
6.372061854999999923e+03 7.216065044022220709e-01 3.060432190420937781e-03
6.380058825000000070e+03 7.263171247558982691e-01 3.060432190420937781e-03
6.388055795000000217e+03 7.322061209989535469e-01 3.060432190420937781e-03
6.396052765000000363e+03 7.365683632781953039e-01 3.060432190420937781e-03
6.404049735000000510e+03 7.397332627466569610e-01 3.060432190420937781e-03
6.412046705000000657e+03 7.416751901092869526e-01 3.060432190420937781e-03
6.420043674999999894e+03 7.454689965337026880e-01 3.060432190420937781e-03
6.428040645000000040e+03 7.504409787632912998e-01 3.060432190420937781e-03
6.436037615000000187e+03 7.661475444732225304e-01 3.060432190420937781e-03
6.444034585000000334e+03 7.684266445383949318e-01 3.060432190420937781e-03
6.452031555000000481e+03 7.729175779729051676e-01 3.060432190420937781e-03
6.460028524999999718e+03 7.812937496768835866e-01 3.060432190420937781e-03
6.468025494999999864e+03 7.841045015094034731e-01 3.060432190420937781e-03
6.476022465000000011e+03 7.864495683169946405e-01 3.060432190420937781e-03
6.484019435000000158e+03 7.919442197269799255e-01 3.060432190420937781e-03
6.492016405000000304e+03 7.930623753853310864e-01 3.060432190420937781e-03
6.500013375000000451e+03 7.934393085083886188e-01 3.060432190420937781e-03
6.508010345000000598e+03 8.161377080676108786e-01 3.060432190420937781e-03
6.516007314999999835e+03 8.254183022432665107e-01 3.060432190420937781e-03
6.524004284999999982e+03 8.391392261270096409e-01 3.060432190420937781e-03
6.532001255000000128e+03 8.348030007642417427e-01 3.060432190420937781e-03
6.539998225000000275e+03 8.176679713973448171e-01 3.060432190420937781e-03
6.547995194999999512e+03 8.233118518174007416e-01 3.060432190420937781e-03
6.555992164999999659e+03 8.109502309337349724e-01 3.060432190420937781e-03
6.563989134999999806e+03 8.181791160014226794e-01 3.060432190420937781e-03
6.571986104999999952e+03 8.223994273998970206e-01 3.060432190420937781e-03
6.579983075000000099e+03 8.309290779113821523e-01 3.060432190420937781e-03
6.587980045000000246e+03 8.357539131877319560e-01 3.060432190420937781e-03
6.595977015000000392e+03 8.460180340722789349e-01 3.060432190420937781e-03
6.603973985000000539e+03 8.498864613607649554e-01 3.060432190420937781e-03
6.611970954999999776e+03 8.501381176817374152e-01 3.060432190420937781e-03
6.619967924999999923e+03 8.285463887414891149e-01 3.060432190420937781e-03
6.627964895000000070e+03 8.134005107388575517e-01 3.060432190420937781e-03
6.635961865000000216e+03 8.122338469645338233e-01 3.060432190420937781e-03
6.643958834999999453e+03 8.026338318758170498e-01 3.060432190420937781e-03
6.651955804999999600e+03 7.929522516890827877e-01 3.060432190420937781e-03
6.659952774999999747e+03 7.819053713167390951e-01 3.060432190420937781e-03
6.667949744999999893e+03 7.751794912129668091e-01 3.060432190420937781e-03
6.675946715000000040e+03 7.611029571340043320e-01 3.060432190420937781e-03
6.683943685000000187e+03 7.389959522555161753e-01 3.060432190420937781e-03
6.691940655000000334e+03 7.296710625739906142e-01 3.060432190420937781e-03
6.699937624999999571e+03 7.119919062498917262e-01 3.060432190420937781e-03
6.707934594999999717e+03 7.043137644338489656e-01 3.060432190420937781e-03
6.715931564999999864e+03 6.920399796560070538e-01 3.060432190420937781e-03
6.723928535000000011e+03 6.818838956135427898e-01 3.060432190420937781e-03
6.731925505000000157e+03 6.704720212611070540e-01 3.060432190420937781e-03
6.739922474999999395e+03 6.626992359353468531e-01 3.060432190420937781e-03
6.747919444999999541e+03 6.585645491444933608e-01 3.060432190420937781e-03
6.755916414999999688e+03 6.385639498718269635e-01 3.060432190420937781e-03
6.763913384999999835e+03 6.364192219535255157e-01 3.060432190420937781e-03
6.771910354999999981e+03 6.280652619452102847e-01 3.060432190420937781e-03
6.779907325000000128e+03 6.237591190336069236e-01 3.060432190420937781e-03
6.787904295000000275e+03 6.123893596517088200e-01 3.060432190420937781e-03
6.795901264999999512e+03 6.148841368701752907e-01 3.060432190420937781e-03
6.803898234999999659e+03 6.005526526010306343e-01 3.060432190420937781e-03
6.811895204999999805e+03 6.023280750475825673e-01 3.060432190420937781e-03
6.819892174999999952e+03 5.969180594008264285e-01 3.060432190420937781e-03
6.827889145000000099e+03 5.929529457710808193e-01 3.060432190420937781e-03
6.835886114999999336e+03 5.958373970481469772e-01 3.060432190420937781e-03
6.843883084999999483e+03 5.915624279399759322e-01 3.060432190420937781e-03
6.851880054999999629e+03 5.916221419892186972e-01 3.060432190420937781e-03
6.859877024999999776e+03 5.938759933481959630e-01 3.060432190420937781e-03
6.867873994999999923e+03 5.827564288965032535e-01 3.060432190420937781e-03
6.875870965000000069e+03 5.871530332016353659e-01 3.060432190420937781e-03
6.883867935000000216e+03 5.844605749918220239e-01 3.060432190420937781e-03
6.891864904999999453e+03 5.734260858120795445e-01 3.060432190420937781e-03
6.899861874999999600e+03 5.699264091157939527e-01 3.060432190420937781e-03
6.907858844999999747e+03 5.708721634145750290e-01 3.060432190420937781e-03
6.915855814999999893e+03 5.678885714891120928e-01 3.060432190420937781e-03
6.923852784999999130e+03 5.670126919720991365e-01 3.060432190420937781e-03
6.931849754999999277e+03 5.651754799655457351e-01 3.060432190420937781e-03
6.939846724999999424e+03 5.649898215332103124e-01 3.060432190420937781e-03
6.947843694999999570e+03 5.585649830220215106e-01 3.060432190420937781e-03
6.955840664999999717e+03 5.542834510321185126e-01 3.060432190420937781e-03
6.963837634999999864e+03 5.574963790232146943e-01 3.060432190420937781e-03
6.971834605000000010e+03 5.556627392726872783e-01 3.060432190420937781e-03
6.979831575000000157e+03 5.511910348385755665e-01 3.060432190420937781e-03
6.987828544999999394e+03 5.506381436039556876e-01 3.060432190420937781e-03
6.995825514999999541e+03 5.416824164034652611e-01 3.060432190420937781e-03
