6.204125485000000481e+03 6.887232787903856401e-01 3.060432190420937781e-03
6.212122455000000627e+03 6.765425473788494459e-01 3.060432190420937781e-03
6.220119425000000774e+03 6.820798046484704003e-01 3.060432190420937781e-03
6.228116395000000011e+03 6.736397731897404428e-01 3.060432190420937781e-03
6.236113365000000158e+03 6.769087567240024139e-01 3.060432190420937781e-03
6.244110335000000305e+03 6.736229379435195730e-01 3.060432190420937781e-03
6.252107305000000451e+03 6.732893608376184780e-01 3.060432190420937781e-03
6.260104275000000598e+03 6.762692719276384157e-01 3.060432190420937781e-03
6.268101244999999835e+03 6.646528747174796914e-01 3.060432190420937781e-03
6.276098214999999982e+03 6.708537933907757767e-01 3.060432190420937781e-03
6.284095185000000129e+03 6.662299853392081861e-01 3.060432190420937781e-03
6.292092155000000275e+03 6.671963389322015381e-01 3.060432190420937781e-03
6.300089125000000422e+03 6.667512017961888526e-01 3.060432190420937781e-03
6.308086095000000569e+03 6.638210622627446211e-01 3.060432190420937781e-03
6.316083065000000715e+03 6.607189548315753891e-01 3.060432190420937781e-03
6.324080034999999953e+03 6.600602250152388661e-01 3.060432190420937781e-03
6.332077005000000099e+03 6.644143282682579699e-01 3.060432190420937781e-03
6.340073975000000246e+03 6.635214143736228865e-01 3.060432190420937781e-03
6.348070945000000393e+03 6.648340945659646506e-01 3.060432190420937781e-03
6.356067915000000539e+03 6.648528435683841442e-01 3.060432190420937781e-03
6.364064884999999776e+03 6.756429116415940683e-01 3.060432190420937781e-03
6.372061854999999923e+03 6.725576430200045364e-01 3.060432190420937781e-03
6.380058825000000070e+03 6.776093748406876172e-01 3.060432190420937781e-03
6.388055795000000217e+03 6.752586577670616208e-01 3.060432190420937781e-03
6.396052765000000363e+03 6.808677883428766453e-01 3.060432190420937781e-03
6.404049735000000510e+03 6.903596306029536889e-01 3.060432190420937781e-03
6.412046705000000657e+03 6.914913500210223551e-01 3.060432190420937781e-03
6.420043674999999894e+03 7.027593302231559536e-01 3.060432190420937781e-03
6.428040645000000040e+03 7.034184602584143686e-01 3.060432190420937781e-03
6.436037615000000187e+03 7.046451900228188903e-01 3.060432190420937781e-03
6.444034585000000334e+03 7.115713130439081935e-01 3.060432190420937781e-03
6.452031555000000481e+03 7.117592728089453535e-01 3.060432190420937781e-03
6.460028524999999718e+03 7.128053199280773855e-01 3.060432190420937781e-03
6.468025494999999864e+03 7.249093882256359977e-01 3.060432190420937781e-03
6.476022465000000011e+03 7.214025050153964891e-01 3.060432190420937781e-03
6.484019435000000158e+03 7.289659343756351717e-01 3.060432190420937781e-03
6.492016405000000304e+03 7.326579401709594208e-01 3.060432190420937781e-03
6.500013375000000451e+03 7.467389561453258162e-01 3.060432190420937781e-03
6.508010345000000598e+03 7.679620097759786157e-01 3.060432190420937781e-03
6.516007314999999835e+03 7.810063987706667987e-01 3.060432190420937781e-03
6.524004284999999982e+03 7.839210842947733626e-01 3.060432190420937781e-03
6.532001255000000128e+03 7.867095451708905340e-01 3.060432190420937781e-03
6.539998225000000275e+03 7.716809029796003472e-01 3.060432190420937781e-03
6.547995194999999512e+03 7.738436945090273467e-01 3.060432190420937781e-03
6.555992164999999659e+03 7.692792353809988493e-01 3.060432190420937781e-03
6.563989134999999806e+03 7.678411146110640795e-01 3.060432190420937781e-03
6.571986104999999952e+03 7.697102054046588426e-01 3.060432190420937781e-03
6.579983075000000099e+03 7.747640877706984952e-01 3.060432190420937781e-03
6.587980045000000246e+03 7.828936367104036842e-01 3.060432190420937781e-03
6.595977015000000392e+03 7.996029451993426074e-01 3.060432190420937781e-03
6.603973985000000539e+03 7.987755108143510530e-01 3.060432190420937781e-03
6.611970954999999776e+03 7.953793236387228793e-01 3.060432190420937781e-03
6.619967924999999923e+03 7.820829110941693862e-01 3.060432190420937781e-03
6.627964895000000070e+03 7.676597861037534054e-01 3.060432190420937781e-03
6.635961865000000216e+03 7.551647179538768517e-01 3.060432190420937781e-03
6.643958834999999453e+03 7.429089530658495866e-01 3.060432190420937781e-03
6.651955804999999600e+03 7.255556523675157354e-01 3.060432190420937781e-03
6.659952774999999747e+03 7.142441046535301652e-01 3.060432190420937781e-03
6.667949744999999893e+03 7.152773108622603182e-01 3.060432190420937781e-03
6.675946715000000040e+03 6.955283190466459153e-01 3.060432190420937781e-03
6.683943685000000187e+03 6.860471506953175203e-01 3.060432190420937781e-03
6.691940655000000334e+03 6.756058040186214697e-01 3.060432190420937781e-03
6.699937624999999571e+03 6.657697795573214172e-01 3.060432190420937781e-03
6.707934594999999717e+03 6.538173414068227940e-01 3.060432190420937781e-03
6.715931564999999864e+03 6.461036671746678284e-01 3.060432190420937781e-03
6.723928535000000011e+03 6.350893598233963155e-01 3.060432190420937781e-03
6.731925505000000157e+03 6.248296321194075631e-01 3.060432190420937781e-03
6.739922474999999395e+03 6.215688650407829030e-01 3.060432190420937781e-03
6.747919444999999541e+03 6.108231291394743412e-01 3.060432190420937781e-03
6.755916414999999688e+03 6.028046111627165526e-01 3.060432190420937781e-03
6.763913384999999835e+03 5.915919821321584671e-01 3.060432190420937781e-03
6.771910354999999981e+03 5.840938182916668442e-01 3.060432190420937781e-03
6.779907325000000128e+03 5.871950213310649369e-01 3.060432190420937781e-03
6.787904295000000275e+03 5.730873810759482545e-01 3.060432190420937781e-03
6.795901264999999512e+03 5.701846782178858764e-01 3.060432190420937781e-03
6.803898234999999659e+03 5.706855021411973983e-01 3.060432190420937781e-03
6.811895204999999805e+03 5.613206062386039141e-01 3.060432190420937781e-03
6.819892174999999952e+03 5.615551749534933856e-01 3.060432190420937781e-03
6.827889145000000099e+03 5.566759012772228843e-01 3.060432190420937781e-03
6.835886114999999336e+03 5.625917219333141928e-01 3.060432190420937781e-03
6.843883084999999483e+03 5.612099944608495150e-01 3.060432190420937781e-03
6.851880054999999629e+03 5.484839235981253669e-01 3.060432190420937781e-03
6.859877024999999776e+03 5.468084367770751353e-01 3.060432190420937781e-03
6.867873994999999923e+03 5.419238954239227191e-01 3.060432190420937781e-03
6.875870965000000069e+03 5.446386238667897395e-01 3.060432190420937781e-03
6.883867935000000216e+03 5.403704358888677950e-01 3.060432190420937781e-03
6.891864904999999453e+03 5.398243067666211870e-01 3.060432190420937781e-03
6.899861874999999600e+03 5.371860068446960845e-01 3.060432190420937781e-03
6.907858844999999747e+03 5.341895364252211564e-01 3.060432190420937781e-03
6.915855814999999893e+03 5.315921005994257431e-01 3.060432190420937781e-03
6.923852784999999130e+03 5.292582063353354904e-01 3.060432190420937781e-03
6.931849754999999277e+03 5.268210094929905996e-01 3.060432190420937781e-03
6.939846724999999424e+03 5.294918985824685898e-01 3.060432190420937781e-03
6.947843694999999570e+03 5.268581716605258425e-01 3.060432190420937781e-03
6.955840664999999717e+03 5.267979934346426196e-01 3.060432190420937781e-03
6.963837634999999864e+03 5.227427824159542880e-01 3.060432190420937781e-03
6.971834605000000010e+03 5.185417811754970963e-01 3.060432190420937781e-03
6.979831575000000157e+03 5.080023028217303116e-01 3.060432190420937781e-03
6.987828544999999394e+03 5.154540698561753675e-01 3.060432190420937781e-03
6.995825514999999541e+03 5.078729946900895076e-01 3.060432190420937781e-03
