6.204125485000000481e+03 5.542481976948424593e-01 3.060432190420937781e-03
6.212122455000000627e+03 5.551589292957326283e-01 3.060432190420937781e-03
6.220119425000000774e+03 5.556829462132509834e-01 3.060432190420937781e-03
6.228116395000000011e+03 5.561458902055992359e-01 3.060432190420937781e-03
6.236113365000000158e+03 5.521747694767485948e-01 3.060432190420937781e-03
6.244110335000000305e+03 5.468287318515493434e-01 3.060432190420937781e-03
6.252107305000000451e+03 5.496094887980321753e-01 3.060432190420937781e-03
6.260104275000000598e+03 5.490592361303984204e-01 3.060432190420937781e-03
6.268101244999999835e+03 5.464782257839044810e-01 3.060432190420937781e-03
6.276098214999999982e+03 5.438108068335398837e-01 3.060432190420937781e-03
6.284095185000000129e+03 5.494686155111171422e-01 3.060432190420937781e-03
6.292092155000000275e+03 5.422409463051779399e-01 3.060432190420937781e-03
6.300089125000000422e+03 5.491931516834396287e-01 3.060432190420937781e-03
6.308086095000000569e+03 5.457387457889353310e-01 3.060432190420937781e-03
6.316083065000000715e+03 5.438383785723134300e-01 3.060432190420937781e-03
6.324080034999999953e+03 5.401940213046836359e-01 3.060432190420937781e-03
6.332077005000000099e+03 5.382731520142444159e-01 3.060432190420937781e-03
6.340073975000000246e+03 5.410256468079709391e-01 3.060432190420937781e-03
6.348070945000000393e+03 5.442846859335458420e-01 3.060432190420937781e-03
6.356067915000000539e+03 5.482998438904362892e-01 3.060432190420937781e-03
6.364064884999999776e+03 5.523426209791183483e-01 3.060432190420937781e-03
6.372061854999999923e+03 5.538065893311232557e-01 3.060432190420937781e-03
6.380058825000000070e+03 5.622007933925409207e-01 3.060432190420937781e-03
6.388055795000000217e+03 5.666745436604477826e-01 3.060432190420937781e-03
6.396052765000000363e+03 5.702693349844391024e-01 3.060432190420937781e-03
6.404049735000000510e+03 5.729522412581110613e-01 3.060432190420937781e-03
6.412046705000000657e+03 5.748311723470486134e-01 3.060432190420937781e-03
6.420043674999999894e+03 5.873964603840150511e-01 3.060432190420937781e-03
6.428040645000000040e+03 5.866036808424542892e-01 3.060432190420937781e-03
6.436037615000000187e+03 6.031810052309263259e-01 3.060432190420937781e-03
6.444034585000000334e+03 5.973218359423138057e-01 3.060432190420937781e-03
6.452031555000000481e+03 6.061461076000389525e-01 3.060432190420937781e-03
6.460028524999999718e+03 6.078284907014287475e-01 3.060432190420937781e-03
6.468025494999999864e+03 6.145077369491984687e-01 3.060432190420937781e-03
6.476022465000000011e+03 6.160467129097965122e-01 3.060432190420937781e-03
6.484019435000000158e+03 6.243601939003391443e-01 3.060432190420937781e-03
6.492016405000000304e+03 6.252347260626807124e-01 3.060432190420937781e-03
6.500013375000000451e+03 6.408091006083893593e-01 3.060432190420937781e-03
6.508010345000000598e+03 6.585917967698460274e-01 3.060432190420937781e-03
6.516007314999999835e+03 6.687950832876371488e-01 3.060432190420937781e-03
6.524004284999999982e+03 6.803280857859753672e-01 3.060432190420937781e-03
6.532001255000000128e+03 6.736615348270568182e-01 3.060432190420937781e-03
6.539998225000000275e+03 6.645615202303210012e-01 3.060432190420937781e-03
6.547995194999999512e+03 6.620547339011551013e-01 3.060432190420937781e-03
6.555992164999999659e+03 6.687428092168854477e-01 3.060432190420937781e-03
6.563989134999999806e+03 6.585267685029222440e-01 3.060432190420937781e-03
6.571986104999999952e+03 6.640890400253171011e-01 3.060432190420937781e-03
6.579983075000000099e+03 6.673099783650414674e-01 3.060432190420937781e-03
6.587980045000000246e+03 6.783253110612468273e-01 3.060432190420937781e-03
6.595977015000000392e+03 6.951685221160052164e-01 3.060432190420937781e-03
6.603973985000000539e+03 6.975980354203756839e-01 3.060432190420937781e-03
6.611970954999999776e+03 6.886811912690234960e-01 3.060432190420937781e-03
6.619967924999999923e+03 6.774891980507800060e-01 3.060432190420937781e-03
6.627964895000000070e+03 6.680253318139116603e-01 3.060432190420937781e-03
6.635961865000000216e+03 6.536216543888516695e-01 3.060432190420937781e-03
6.643958834999999453e+03 6.468416975603146213e-01 3.060432190420937781e-03
6.651955804999999600e+03 6.380219280465835308e-01 3.060432190420937781e-03
6.659952774999999747e+03 6.238046876437884913e-01 3.060432190420937781e-03
6.667949744999999893e+03 6.085254047886652362e-01 3.060432190420937781e-03
6.675946715000000040e+03 5.997696650013130126e-01 3.060432190420937781e-03
6.683943685000000187e+03 5.860388954139740258e-01 3.060432190420937781e-03
6.691940655000000334e+03 5.684311535075321498e-01 3.060432190420937781e-03
6.699937624999999571e+03 5.628494169423330362e-01 3.060432190420937781e-03
6.707934594999999717e+03 5.507551782444738420e-01 3.060432190420937781e-03
6.715931564999999864e+03 5.432867090284915212e-01 3.060432190420937781e-03
6.723928535000000011e+03 5.317251239581793909e-01 3.060432190420937781e-03
6.731925505000000157e+03 5.226664383032628702e-01 3.060432190420937781e-03
6.739922474999999395e+03 5.139944838950346595e-01 3.060432190420937781e-03
6.747919444999999541e+03 5.105504215883438501e-01 3.060432190420937781e-03
6.755916414999999688e+03 4.987840885564013282e-01 3.060432190420937781e-03
6.763913384999999835e+03 4.903965044119249495e-01 3.060432190420937781e-03
6.771910354999999981e+03 4.788442920118245461e-01 3.060432190420937781e-03
6.779907325000000128e+03 4.785291141115480262e-01 3.060432190420937781e-03
6.787904295000000275e+03 4.710380289326026038e-01 3.060432190420937781e-03
6.795901264999999512e+03 4.686675498057800149e-01 3.060432190420937781e-03
6.803898234999999659e+03 4.703584854255305481e-01 3.060432190420937781e-03
6.811895204999999805e+03 4.597858256220007656e-01 3.060432190420937781e-03
6.819892174999999952e+03 4.584064254079239231e-01 3.060432190420937781e-03
6.827889145000000099e+03 4.545842550775726076e-01 3.060432190420937781e-03
6.835886114999999336e+03 4.576842900990541474e-01 3.060432190420937781e-03
6.843883084999999483e+03 4.537243420661686844e-01 3.060432190420937781e-03
6.851880054999999629e+03 4.477527695234407301e-01 3.060432190420937781e-03
6.859877024999999776e+03 4.471317844996704483e-01 3.060432190420937781e-03
6.867873994999999923e+03 4.426559164794998114e-01 3.060432190420937781e-03
6.875870965000000069e+03 4.447189394372522142e-01 3.060432190420937781e-03
6.883867935000000216e+03 4.420340564996171895e-01 3.060432190420937781e-03
6.891864904999999453e+03 4.433651927016205030e-01 3.060432190420937781e-03
6.899861874999999600e+03 4.358246720972212551e-01 3.060432190420937781e-03
6.907858844999999747e+03 4.352600995093334202e-01 3.060432190420937781e-03
6.915855814999999893e+03 4.353234152694877013e-01 3.060432190420937781e-03
6.923852784999999130e+03 4.305089168236024277e-01 3.060432190420937781e-03
6.931849754999999277e+03 4.296932417459684017e-01 3.060432190420937781e-03
6.939846724999999424e+03 4.325085387377386459e-01 3.060432190420937781e-03
6.947843694999999570e+03 4.244819812684822447e-01 3.060432190420937781e-03
6.955840664999999717e+03 4.272560125371074879e-01 3.060432190420937781e-03
6.963837634999999864e+03 4.201997294281405448e-01 3.060432190420937781e-03
6.971834605000000010e+03 4.173548828787406739e-01 3.060432190420937781e-03
6.979831575000000157e+03 4.191685573572019874e-01 3.060432190420937781e-03
6.987828544999999394e+03 4.197249910889064295e-01 3.060432190420937781e-03
6.995825514999999541e+03 4.116987433148723285e-01 3.060432190420937781e-03
