6.204125485000000481e+03 7.738377959643425452e-01 3.060432190420937781e-03
6.212122455000000627e+03 7.694163646884198959e-01 3.060432190420937781e-03
6.220119425000000774e+03 7.605859039360665097e-01 3.060432190420937781e-03
6.228116395000000011e+03 7.651267952186666665e-01 3.060432190420937781e-03
6.236113365000000158e+03 7.621583241402284381e-01 3.060432190420937781e-03
6.244110335000000305e+03 7.608393865757716590e-01 3.060432190420937781e-03
6.252107305000000451e+03 7.598236319020397200e-01 3.060432190420937781e-03
6.260104275000000598e+03 7.644279034645632409e-01 3.060432190420937781e-03
6.268101244999999835e+03 7.564085936643162311e-01 3.060432190420937781e-03
6.276098214999999982e+03 7.545802606843308169e-01 3.060432190420937781e-03
6.284095185000000129e+03 7.516265744639518687e-01 3.060432190420937781e-03
6.292092155000000275e+03 7.560445976329220885e-01 3.060432190420937781e-03
6.300089125000000422e+03 7.520242459206198937e-01 3.060432190420937781e-03
6.308086095000000569e+03 7.507590853872744274e-01 3.060432190420937781e-03
6.316083065000000715e+03 7.472608999828982412e-01 3.060432190420937781e-03
6.324080034999999953e+03 7.479462135144107071e-01 3.060432190420937781e-03
6.332077005000000099e+03 7.490760207918855107e-01 3.060432190420937781e-03
6.340073975000000246e+03 7.463355704485004072e-01 3.060432190420937781e-03
6.348070945000000393e+03 7.546696362205369546e-01 3.060432190420937781e-03
6.356067915000000539e+03 7.553803296000187739e-01 3.060432190420937781e-03
6.364064884999999776e+03 7.501199840517345230e-01 3.060432190420937781e-03
6.372061854999999923e+03 7.584250910076746344e-01 3.060432190420937781e-03
6.380058825000000070e+03 7.639552342348467917e-01 3.060432190420937781e-03
6.388055795000000217e+03 7.706314674982857049e-01 3.060432190420937781e-03
6.396052765000000363e+03 7.756750687942601807e-01 3.060432190420937781e-03
6.404049735000000510e+03 7.815959154565180755e-01 3.060432190420937781e-03
6.412046705000000657e+03 7.781259018466691879e-01 3.060432190420937781e-03
6.420043674999999894e+03 7.865822738916385948e-01 3.060432190420937781e-03
6.428040645000000040e+03 7.989968482352168833e-01 3.060432190420937781e-03
6.436037615000000187e+03 8.031957842046947293e-01 3.060432190420937781e-03
6.444034585000000334e+03 8.025771315043297438e-01 3.060432190420937781e-03
6.452031555000000481e+03 8.105622397050922245e-01 3.060432190420937781e-03
6.460028524999999718e+03 8.170180868836306454e-01 3.060432190420937781e-03
6.468025494999999864e+03 8.205883071682338326e-01 3.060432190420937781e-03
6.476022465000000011e+03 8.306770152531788298e-01 3.060432190420937781e-03
6.484019435000000158e+03 8.234814848185926239e-01 3.060432190420937781e-03
6.492016405000000304e+03 8.238934025294019081e-01 3.060432190420937781e-03
6.500013375000000451e+03 8.375486706573574969e-01 3.060432190420937781e-03
6.508010345000000598e+03 8.549769918343920194e-01 3.060432190420937781e-03
6.516007314999999835e+03 8.670445934306719726e-01 3.060432190420937781e-03
6.524004284999999982e+03 8.674108265701889753e-01 3.060432190420937781e-03
6.532001255000000128e+03 8.693819033899964355e-01 3.060432190420937781e-03
6.539998225000000275e+03 8.635642599082881121e-01 3.060432190420937781e-03
6.547995194999999512e+03 8.535397509565781915e-01 3.060432190420937781e-03
6.555992164999999659e+03 8.540684137694414257e-01 3.060432190420937781e-03
6.563989134999999806e+03 8.571596172523927581e-01 3.060432190420937781e-03
6.571986104999999952e+03 8.522201582714686863e-01 3.060432190420937781e-03
6.579983075000000099e+03 8.630339981782640946e-01 3.060432190420937781e-03
6.587980045000000246e+03 8.713120385160312287e-01 3.060432190420937781e-03
6.595977015000000392e+03 8.879057522636442101e-01 3.060432190420937781e-03
6.603973985000000539e+03 8.846973308515196921e-01 3.060432190420937781e-03
6.611970954999999776e+03 8.864885973752838488e-01 3.060432190420937781e-03
6.619967924999999923e+03 8.708110938416495639e-01 3.060432190420937781e-03
6.627964895000000070e+03 8.584546434342225085e-01 3.060432190420937781e-03
6.635961865000000216e+03 8.540907032653022313e-01 3.060432190420937781e-03
6.643958834999999453e+03 8.494500075177352505e-01 3.060432190420937781e-03
6.651955804999999600e+03 8.306411961410178346e-01 3.060432190420937781e-03
6.659952774999999747e+03 8.209043011034560244e-01 3.060432190420937781e-03
6.667949744999999893e+03 8.125896018356435491e-01 3.060432190420937781e-03
6.675946715000000040e+03 7.998191179099944925e-01 3.060432190420937781e-03
6.683943685000000187e+03 7.749561629780750138e-01 3.060432190420937781e-03
6.691940655000000334e+03 7.614821374392493070e-01 3.060432190420937781e-03
6.699937624999999571e+03 7.522864114878640152e-01 3.060432190420937781e-03
6.707934594999999717e+03 7.357005355156085447e-01 3.060432190420937781e-03
6.715931564999999864e+03 7.302541425956435850e-01 3.060432190420937781e-03
6.723928535000000011e+03 7.154070117123083605e-01 3.060432190420937781e-03
6.731925505000000157e+03 7.083822081628485812e-01 3.060432190420937781e-03
6.739922474999999395e+03 6.970978959302880362e-01 3.060432190420937781e-03
6.747919444999999541e+03 6.851807176459919768e-01 3.060432190420937781e-03
6.755916414999999688e+03 6.731659710983560752e-01 3.060432190420937781e-03
6.763913384999999835e+03 6.732274702656387833e-01 3.060432190420937781e-03
6.771910354999999981e+03 6.614026601480835765e-01 3.060432190420937781e-03
6.779907325000000128e+03 6.489371551679965489e-01 3.060432190420937781e-03
6.787904295000000275e+03 6.489223949664258972e-01 3.060432190420937781e-03
6.795901264999999512e+03 6.412709657998618695e-01 3.060432190420937781e-03
6.803898234999999659e+03 6.350531785235951077e-01 3.060432190420937781e-03
6.811895204999999805e+03 6.384725422044176257e-01 3.060432190420937781e-03
6.819892174999999952e+03 6.318341511417767675e-01 3.060432190420937781e-03
6.827889145000000099e+03 6.318808736982134411e-01 3.060432190420937781e-03
6.835886114999999336e+03 6.293013062536808588e-01 3.060432190420937781e-03
6.843883084999999483e+03 6.228285347241302450e-01 3.060432190420937781e-03
6.851880054999999629e+03 6.237247883309522400e-01 3.060432190420937781e-03
6.859877024999999776e+03 6.146555481776228014e-01 3.060432190420937781e-03
6.867873994999999923e+03 6.142102026889334487e-01 3.060432190420937781e-03
6.875870965000000069e+03 6.128657261310832549e-01 3.060432190420937781e-03
6.883867935000000216e+03 6.050503421157005235e-01 3.060432190420937781e-03
6.891864904999999453e+03 6.123238292254724602e-01 3.060432190420937781e-03
6.899861874999999600e+03 6.047045050888282258e-01 3.060432190420937781e-03
6.907858844999999747e+03 6.032058944140635814e-01 3.060432190420937781e-03
6.915855814999999893e+03 6.042609994568801657e-01 3.060432190420937781e-03
6.923852784999999130e+03 5.983681226972156209e-01 3.060432190420937781e-03
6.931849754999999277e+03 6.030677575127062484e-01 3.060432190420937781e-03
6.939846724999999424e+03 5.909335317388733078e-01 3.060432190420937781e-03
6.947843694999999570e+03 5.969403008239694275e-01 3.060432190420937781e-03
6.955840664999999717e+03 5.892640563436178924e-01 3.060432190420937781e-03
6.963837634999999864e+03 5.867800597433897591e-01 3.060432190420937781e-03
6.971834605000000010e+03 5.820844947602906716e-01 3.060432190420937781e-03
6.979831575000000157e+03 5.875084727479842339e-01 3.060432190420937781e-03
6.987828544999999394e+03 5.776160705698831777e-01 3.060432190420937781e-03
6.995825514999999541e+03 5.787530998429899487e-01 3.060432190420937781e-03
