6.204125485000000481e+03 7.312597007482172229e-01 3.060432190420937781e-03
6.212122455000000627e+03 7.266473495856634601e-01 3.060432190420937781e-03
6.220119425000000774e+03 7.287255618369382626e-01 3.060432190420937781e-03
6.228116395000000011e+03 7.257047391451999507e-01 3.060432190420937781e-03
6.236113365000000158e+03 7.258234168892628846e-01 3.060432190420937781e-03
6.244110335000000305e+03 7.241800711914710975e-01 3.060432190420937781e-03
6.252107305000000451e+03 7.290018174953926122e-01 3.060432190420937781e-03
6.260104275000000598e+03 7.250021949993119552e-01 3.060432190420937781e-03
6.268101244999999835e+03 7.167301854059202615e-01 3.060432190420937781e-03
6.276098214999999982e+03 7.176376162720858876e-01 3.060432190420937781e-03
6.284095185000000129e+03 7.154680870976711793e-01 3.060432190420937781e-03
6.292092155000000275e+03 7.174068999613061326e-01 3.060432190420937781e-03
6.300089125000000422e+03 7.152723477000485497e-01 3.060432190420937781e-03
6.308086095000000569e+03 7.135382071535366633e-01 3.060432190420937781e-03
6.316083065000000715e+03 7.124567854982261084e-01 3.060432190420937781e-03
6.324080034999999953e+03 7.127568161159014704e-01 3.060432190420937781e-03
6.332077005000000099e+03 7.107893999731847989e-01 3.060432190420937781e-03
6.340073975000000246e+03 7.160340673894751706e-01 3.060432190420937781e-03
6.348070945000000393e+03 7.190531080416239229e-01 3.060432190420937781e-03
6.356067915000000539e+03 7.163740029484978455e-01 3.060432190420937781e-03
6.364064884999999776e+03 7.250006257177805669e-01 3.060432190420937781e-03
6.372061854999999923e+03 7.254729478396323428e-01 3.060432190420937781e-03
6.380058825000000070e+03 7.266604355278473149e-01 3.060432190420937781e-03
6.388055795000000217e+03 7.325148347527897785e-01 3.060432190420937781e-03
6.396052765000000363e+03 7.310174254759599366e-01 3.060432190420937781e-03
6.404049735000000510e+03 7.455509206291385249e-01 3.060432190420937781e-03
6.412046705000000657e+03 7.477478854882405601e-01 3.060432190420937781e-03
6.420043674999999894e+03 7.481669005528766014e-01 3.060432190420937781e-03
6.428040645000000040e+03 7.551644788616680426e-01 3.060432190420937781e-03
6.436037615000000187e+03 7.608943800664720314e-01 3.060432190420937781e-03
6.444034585000000334e+03 7.677903741056569809e-01 3.060432190420937781e-03
6.452031555000000481e+03 7.743646431382376072e-01 3.060432190420937781e-03
6.460028524999999718e+03 7.838976965130395325e-01 3.060432190420937781e-03
6.468025494999999864e+03 7.795359041971574587e-01 3.060432190420937781e-03
6.476022465000000011e+03 7.845884874809581078e-01 3.060432190420937781e-03
6.484019435000000158e+03 7.830673435664415871e-01 3.060432190420937781e-03
6.492016405000000304e+03 7.972705187719295594e-01 3.060432190420937781e-03
6.500013375000000451e+03 8.061240313647486389e-01 3.060432190420937781e-03
6.508010345000000598e+03 8.256049758058677801e-01 3.060432190420937781e-03
6.516007314999999835e+03 8.378241032844391256e-01 3.060432190420937781e-03
6.524004284999999982e+03 8.418893658656745327e-01 3.060432190420937781e-03
6.532001255000000128e+03 8.395917337712008877e-01 3.060432190420937781e-03
6.539998225000000275e+03 8.276098060860748173e-01 3.060432190420937781e-03
6.547995194999999512e+03 8.184488204273870915e-01 3.060432190420937781e-03
6.555992164999999659e+03 8.242865019853448105e-01 3.060432190420937781e-03
6.563989134999999806e+03 8.181694709895409590e-01 3.060432190420937781e-03
6.571986104999999952e+03 8.289841568761646684e-01 3.060432190420937781e-03
6.579983075000000099e+03 8.272673081177897014e-01 3.060432190420937781e-03
6.587980045000000246e+03 8.371547135992533084e-01 3.060432190420937781e-03
6.595977015000000392e+03 8.571729228009021817e-01 3.060432190420937781e-03
6.603973985000000539e+03 8.539763034071455872e-01 3.060432190420937781e-03
6.611970954999999776e+03 8.524068813753834517e-01 3.060432190420937781e-03
6.619967924999999923e+03 8.411833458636951422e-01 3.060432190420937781e-03
6.627964895000000070e+03 8.315470047329965864e-01 3.060432190420937781e-03
6.635961865000000216e+03 8.215779916076056955e-01 3.060432190420937781e-03
6.643958834999999453e+03 8.103587828436231710e-01 3.060432190420937781e-03
6.651955804999999600e+03 7.993085461404898506e-01 3.060432190420937781e-03
6.659952774999999747e+03 7.827952430856212063e-01 3.060432190420937781e-03
6.667949744999999893e+03 7.666514612994007605e-01 3.060432190420937781e-03
6.675946715000000040e+03 7.590030172473997139e-01 3.060432190420937781e-03
6.683943685000000187e+03 7.423333344130137457e-01 3.060432190420937781e-03
6.691940655000000334e+03 7.295011315430779408e-01 3.060432190420937781e-03
6.699937624999999571e+03 7.210145467590501900e-01 3.060432190420937781e-03
6.707934594999999717e+03 7.054859118165952570e-01 3.060432190420937781e-03
6.715931564999999864e+03 6.950522006563427668e-01 3.060432190420937781e-03
6.723928535000000011e+03 6.860752459742825993e-01 3.060432190420937781e-03
6.731925505000000157e+03 6.761639003797018654e-01 3.060432190420937781e-03
6.739922474999999395e+03 6.643589465760907364e-01 3.060432190420937781e-03
6.747919444999999541e+03 6.535635201115393977e-01 3.060432190420937781e-03
6.755916414999999688e+03 6.448873553289546923e-01 3.060432190420937781e-03
6.763913384999999835e+03 6.376061320147443645e-01 3.060432190420937781e-03
6.771910354999999981e+03 6.385239103809001726e-01 3.060432190420937781e-03
6.779907325000000128e+03 6.234218239485701529e-01 3.060432190420937781e-03
6.787904295000000275e+03 6.157370019519777804e-01 3.060432190420937781e-03
6.795901264999999512e+03 6.098502411590805972e-01 3.060432190420937781e-03
6.803898234999999659e+03 6.093802119941311712e-01 3.060432190420937781e-03
6.811895204999999805e+03 6.020020274499677804e-01 3.060432190420937781e-03
6.819892174999999952e+03 6.013894341299852453e-01 3.060432190420937781e-03
6.827889145000000099e+03 6.036906076724931625e-01 3.060432190420937781e-03
6.835886114999999336e+03 5.943676803488147087e-01 3.060432190420937781e-03
6.843883084999999483e+03 5.961558356423869443e-01 3.060432190420937781e-03
6.851880054999999629e+03 5.951593385159850147e-01 3.060432190420937781e-03
6.859877024999999776e+03 5.926029970375330524e-01 3.060432190420937781e-03
6.867873994999999923e+03 5.812730289855732035e-01 3.060432190420937781e-03
6.875870965000000069e+03 5.883271090394952552e-01 3.060432190420937781e-03
6.883867935000000216e+03 5.848187906393856883e-01 3.060432190420937781e-03
6.891864904999999453e+03 5.755741333584252217e-01 3.060432190420937781e-03
6.899861874999999600e+03 5.762446631625101068e-01 3.060432190420937781e-03
6.907858844999999747e+03 5.704983434033685796e-01 3.060432190420937781e-03
6.915855814999999893e+03 5.764348878919012265e-01 3.060432190420937781e-03
6.923852784999999130e+03 5.736011623044637853e-01 3.060432190420937781e-03
6.931849754999999277e+03 5.745215024287977368e-01 3.060432190420937781e-03
6.939846724999999424e+03 5.727952357681250772e-01 3.060432190420937781e-03
6.947843694999999570e+03 5.635876499711449661e-01 3.060432190420937781e-03
6.955840664999999717e+03 5.638189137283354802e-01 3.060432190420937781e-03
6.963837634999999864e+03 5.537423167912775002e-01 3.060432190420937781e-03
6.971834605000000010e+03 5.535707980698050257e-01 3.060432190420937781e-03
6.979831575000000157e+03 5.590264015354252658e-01 3.060432190420937781e-03
6.987828544999999394e+03 5.542684510174274992e-01 3.060432190420937781e-03
6.995825514999999541e+03 5.445956128034161736e-01 3.060432190420937781e-03
