6.204125485000000481e+03 7.564498855653527531e-01 3.060432190420937781e-03
6.212122455000000627e+03 7.611629913547567350e-01 3.060432190420937781e-03
6.220119425000000774e+03 7.573718316351284452e-01 3.060432190420937781e-03
6.228116395000000011e+03 7.559469086671878335e-01 3.060432190420937781e-03
6.236113365000000158e+03 7.554934028747597452e-01 3.060432190420937781e-03
6.244110335000000305e+03 7.498156472403437744e-01 3.060432190420937781e-03
6.252107305000000451e+03 7.525417143855220869e-01 3.060432190420937781e-03
6.260104275000000598e+03 7.490264274629730989e-01 3.060432190420937781e-03
6.268101244999999835e+03 7.458067155376646440e-01 3.060432190420937781e-03
6.276098214999999982e+03 7.474420878516246924e-01 3.060432190420937781e-03
6.284095185000000129e+03 7.433142786780719824e-01 3.060432190420937781e-03
6.292092155000000275e+03 7.414581094885690504e-01 3.060432190420937781e-03
6.300089125000000422e+03 7.367079401969794938e-01 3.060432190420937781e-03
6.308086095000000569e+03 7.406305295956839840e-01 3.060432190420937781e-03
6.316083065000000715e+03 7.385209370959231467e-01 3.060432190420937781e-03
6.324080034999999953e+03 7.397112794428727378e-01 3.060432190420937781e-03
6.332077005000000099e+03 7.372512181761823324e-01 3.060432190420937781e-03
6.340073975000000246e+03 7.376189612999995981e-01 3.060432190420937781e-03
6.348070945000000393e+03 7.372395626132673963e-01 3.060432190420937781e-03
6.356067915000000539e+03 7.446981129979660663e-01 3.060432190420937781e-03
6.364064884999999776e+03 7.470006165599585302e-01 3.060432190420937781e-03
6.372061854999999923e+03 7.525210753949570508e-01 3.060432190420937781e-03
6.380058825000000070e+03 7.570832322371803258e-01 3.060432190420937781e-03
6.388055795000000217e+03 7.616424748846772896e-01 3.060432190420937781e-03
6.396052765000000363e+03 7.687788203243486329e-01 3.060432190420937781e-03
6.404049735000000510e+03 7.759937647945351902e-01 3.060432190420937781e-03
6.412046705000000657e+03 7.810013951888962191e-01 3.060432190420937781e-03
6.420043674999999894e+03 7.848984964000745856e-01 3.060432190420937781e-03
6.428040645000000040e+03 7.912896349928463247e-01 3.060432190420937781e-03
6.436037615000000187e+03 7.983535369160774664e-01 3.060432190420937781e-03
6.444034585000000334e+03 8.001382407627807281e-01 3.060432190420937781e-03
6.452031555000000481e+03 7.977024686707928636e-01 3.060432190420937781e-03
6.460028524999999718e+03 7.985879568591842670e-01 3.060432190420937781e-03
6.468025494999999864e+03 8.019841129058328244e-01 3.060432190420937781e-03
6.476022465000000011e+03 8.029510237134528383e-01 3.060432190420937781e-03
6.484019435000000158e+03 8.062450468534818615e-01 3.060432190420937781e-03
6.492016405000000304e+03 8.102800207211274808e-01 3.060432190420937781e-03
6.500013375000000451e+03 8.171274669288859371e-01 3.060432190420937781e-03
6.508010345000000598e+03 8.353541301018256870e-01 3.060432190420937781e-03
6.516007314999999835e+03 8.467667353656948004e-01 3.060432190420937781e-03
6.524004284999999982e+03 8.553381316097569131e-01 3.060432190420937781e-03
6.532001255000000128e+03 8.596243586706920903e-01 3.060432190420937781e-03
6.539998225000000275e+03 8.392473883717702643e-01 3.060432190420937781e-03
6.547995194999999512e+03 8.386711967441229376e-01 3.060432190420937781e-03
6.555992164999999659e+03 8.446496097677863579e-01 3.060432190420937781e-03
6.563989134999999806e+03 8.460594173306186239e-01 3.060432190420937781e-03
6.571986104999999952e+03 8.506782016298219951e-01 3.060432190420937781e-03
6.579983075000000099e+03 8.581454541716626583e-01 3.060432190420937781e-03
6.587980045000000246e+03 8.603750029853036718e-01 3.060432190420937781e-03
6.595977015000000392e+03 8.734442598718895612e-01 3.060432190420937781e-03
6.603973985000000539e+03 8.786257087112459008e-01 3.060432190420937781e-03
6.611970954999999776e+03 8.727628149503477983e-01 3.060432190420937781e-03
6.619967924999999923e+03 8.553259074574449672e-01 3.060432190420937781e-03
6.627964895000000070e+03 8.430789806484384474e-01 3.060432190420937781e-03
6.635961865000000216e+03 8.315350044094734772e-01 3.060432190420937781e-03
6.643958834999999453e+03 8.226781582774059798e-01 3.060432190420937781e-03
6.651955804999999600e+03 8.127118057108009275e-01 3.060432190420937781e-03
6.659952774999999747e+03 8.022785396540520475e-01 3.060432190420937781e-03
6.667949744999999893e+03 7.975157719980585647e-01 3.060432190420937781e-03
6.675946715000000040e+03 7.811099290164054132e-01 3.060432190420937781e-03
6.683943685000000187e+03 7.664472066336455169e-01 3.060432190420937781e-03
6.691940655000000334e+03 7.580737520008420383e-01 3.060432190420937781e-03
6.699937624999999571e+03 7.438308987154256258e-01 3.060432190420937781e-03
6.707934594999999717e+03 7.415419087373963380e-01 3.060432190420937781e-03
6.715931564999999864e+03 7.248839715113892801e-01 3.060432190420937781e-03
6.723928535000000011e+03 7.141393289875014316e-01 3.060432190420937781e-03
6.731925505000000157e+03 7.068451081672876279e-01 3.060432190420937781e-03
6.739922474999999395e+03 6.902873698486948761e-01 3.060432190420937781e-03
6.747919444999999541e+03 6.798370841773424544e-01 3.060432190420937781e-03
6.755916414999999688e+03 6.666625780212130925e-01 3.060432190420937781e-03
6.763913384999999835e+03 6.572297479558729671e-01 3.060432190420937781e-03
6.771910354999999981e+03 6.483602515603960059e-01 3.060432190420937781e-03
6.779907325000000128e+03 6.477077007439393519e-01 3.060432190420937781e-03
6.787904295000000275e+03 6.399449014794259538e-01 3.060432190420937781e-03
6.795901264999999512e+03 6.336914069230231705e-01 3.060432190420937781e-03
6.803898234999999659e+03 6.276223524632142947e-01 3.060432190420937781e-03
6.811895204999999805e+03 6.282705109535570154e-01 3.060432190420937781e-03
6.819892174999999952e+03 6.210962162873333581e-01 3.060432190420937781e-03
6.827889145000000099e+03 6.205204521473579593e-01 3.060432190420937781e-03
6.835886114999999336e+03 6.188716776994643842e-01 3.060432190420937781e-03
6.843883084999999483e+03 6.179795637370214534e-01 3.060432190420937781e-03
6.851880054999999629e+03 6.167323498042353025e-01 3.060432190420937781e-03
6.859877024999999776e+03 6.118177740056032210e-01 3.060432190420937781e-03
6.867873994999999923e+03 6.083085863750464783e-01 3.060432190420937781e-03
6.875870965000000069e+03 6.104886559078724906e-01 3.060432190420937781e-03
6.883867935000000216e+03 6.083963381901352774e-01 3.060432190420937781e-03
6.891864904999999453e+03 6.052317862875480348e-01 3.060432190420937781e-03
6.899861874999999600e+03 6.004724009303985532e-01 3.060432190420937781e-03
6.907858844999999747e+03 5.984337720243969594e-01 3.060432190420937781e-03
6.915855814999999893e+03 5.916471943697012570e-01 3.060432190420937781e-03
6.923852784999999130e+03 5.958498954208621967e-01 3.060432190420937781e-03
6.931849754999999277e+03 5.878811613788680335e-01 3.060432190420937781e-03
6.939846724999999424e+03 5.926798028087674197e-01 3.060432190420937781e-03
6.947843694999999570e+03 5.822204809892669308e-01 3.060432190420937781e-03
6.955840664999999717e+03 5.869465756149638835e-01 3.060432190420937781e-03
6.963837634999999864e+03 5.797716289508686449e-01 3.060432190420937781e-03
6.971834605000000010e+03 5.782017946759215876e-01 3.060432190420937781e-03
6.979831575000000157e+03 5.751760741040243818e-01 3.060432190420937781e-03
6.987828544999999394e+03 5.717370606846537973e-01 3.060432190420937781e-03
6.995825514999999541e+03 5.714058022730562625e-01 3.060432190420937781e-03
