6.204125485000000481e+03 5.595305932424919915e-01 3.060432190420937781e-03
6.212122455000000627e+03 5.587948361327205182e-01 3.060432190420937781e-03
6.220119425000000774e+03 5.503404216089946566e-01 3.060432190420937781e-03
6.228116395000000011e+03 5.537067795432960571e-01 3.060432190420937781e-03
6.236113365000000158e+03 5.565505292266441639e-01 3.060432190420937781e-03
6.244110335000000305e+03 5.540950344589462562e-01 3.060432190420937781e-03
6.252107305000000451e+03 5.493612178446035665e-01 3.060432190420937781e-03
6.260104275000000598e+03 5.457038880237299328e-01 3.060432190420937781e-03
6.268101244999999835e+03 5.518788256368555301e-01 3.060432190420937781e-03
6.276098214999999982e+03 5.510943101261908117e-01 3.060432190420937781e-03
6.284095185000000129e+03 5.417283709401200520e-01 3.060432190420937781e-03
6.292092155000000275e+03 5.440705817725733917e-01 3.060432190420937781e-03
6.300089125000000422e+03 5.468153951615245534e-01 3.060432190420937781e-03
6.308086095000000569e+03 5.455195877245528902e-01 3.060432190420937781e-03
6.316083065000000715e+03 5.394911976469741743e-01 3.060432190420937781e-03
6.324080034999999953e+03 5.390364755161800581e-01 3.060432190420937781e-03
6.332077005000000099e+03 5.402078266918852734e-01 3.060432190420937781e-03
6.340073975000000246e+03 5.449706301827590416e-01 3.060432190420937781e-03
6.348070945000000393e+03 5.475466446053567360e-01 3.060432190420937781e-03
6.356067915000000539e+03 5.501411976990541186e-01 3.060432190420937781e-03
6.364064884999999776e+03 5.515442895226122522e-01 3.060432190420937781e-03
6.372061854999999923e+03 5.566797830384194734e-01 3.060432190420937781e-03
6.380058825000000070e+03 5.609364884598991852e-01 3.060432190420937781e-03
6.388055795000000217e+03 5.601650159042732557e-01 3.060432190420937781e-03
6.396052765000000363e+03 5.677401365673384603e-01 3.060432190420937781e-03
6.404049735000000510e+03 5.692985146423068521e-01 3.060432190420937781e-03
6.412046705000000657e+03 5.756933678492243134e-01 3.060432190420937781e-03
6.420043674999999894e+03 5.833236125490920410e-01 3.060432190420937781e-03
6.428040645000000040e+03 5.907256857845524234e-01 3.060432190420937781e-03
6.436037615000000187e+03 5.945918411440752616e-01 3.060432190420937781e-03
6.444034585000000334e+03 5.944526835497095929e-01 3.060432190420937781e-03
6.452031555000000481e+03 5.992182637004329626e-01 3.060432190420937781e-03
6.460028524999999718e+03 6.112997911915273308e-01 3.060432190420937781e-03
6.468025494999999864e+03 6.092874892314531499e-01 3.060432190420937781e-03
6.476022465000000011e+03 6.113853222394037834e-01 3.060432190420937781e-03
6.484019435000000158e+03 6.189392760610504807e-01 3.060432190420937781e-03
6.492016405000000304e+03 6.265481968581309014e-01 3.060432190420937781e-03
6.500013375000000451e+03 6.393826651953410378e-01 3.060432190420937781e-03
6.508010345000000598e+03 6.598764893845938673e-01 3.060432190420937781e-03
6.516007314999999835e+03 6.669901503744483096e-01 3.060432190420937781e-03
6.524004284999999982e+03 6.741590146300141528e-01 3.060432190420937781e-03
6.532001255000000128e+03 6.763568776258734871e-01 3.060432190420937781e-03
6.539998225000000275e+03 6.642880699892204088e-01 3.060432190420937781e-03
6.547995194999999512e+03 6.599266481182272104e-01 3.060432190420937781e-03
6.555992164999999659e+03 6.602533693175094420e-01 3.060432190420937781e-03
6.563989134999999806e+03 6.657710114783309541e-01 3.060432190420937781e-03
6.571986104999999952e+03 6.565331909002886102e-01 3.060432190420937781e-03
6.579983075000000099e+03 6.670964414445316182e-01 3.060432190420937781e-03
6.587980045000000246e+03 6.684626315778008365e-01 3.060432190420937781e-03
6.595977015000000392e+03 6.920505599195333479e-01 3.060432190420937781e-03
6.603973985000000539e+03 6.891992669039057606e-01 3.060432190420937781e-03
6.611970954999999776e+03 6.894639634191865873e-01 3.060432190420937781e-03
6.619967924999999923e+03 6.761460658140922009e-01 3.060432190420937781e-03
6.627964895000000070e+03 6.566139529374834805e-01 3.060432190420937781e-03
6.635961865000000216e+03 6.476508763330005580e-01 3.060432190420937781e-03
6.643958834999999453e+03 6.434827685026938138e-01 3.060432190420937781e-03
6.651955804999999600e+03 6.251658214957358517e-01 3.060432190420937781e-03
6.659952774999999747e+03 6.183891887415516875e-01 3.060432190420937781e-03
6.667949744999999893e+03 6.040020056261067305e-01 3.060432190420937781e-03
6.675946715000000040e+03 5.945388035672238836e-01 3.060432190420937781e-03
6.683943685000000187e+03 5.855254901295960934e-01 3.060432190420937781e-03
6.691940655000000334e+03 5.690347025539098658e-01 3.060432190420937781e-03
6.699937624999999571e+03 5.583864952658927905e-01 3.060432190420937781e-03
6.707934594999999717e+03 5.485283276477921355e-01 3.060432190420937781e-03
6.715931564999999864e+03 5.372605951230349230e-01 3.060432190420937781e-03
6.723928535000000011e+03 5.318009643975005751e-01 3.060432190420937781e-03
6.731925505000000157e+03 5.204615080739896094e-01 3.060432190420937781e-03
6.739922474999999395e+03 5.183575160621400890e-01 3.060432190420937781e-03
6.747919444999999541e+03 5.080023442036317727e-01 3.060432190420937781e-03
6.755916414999999688e+03 4.957220324330782191e-01 3.060432190420937781e-03
6.763913384999999835e+03 4.973929470300397782e-01 3.060432190420937781e-03
6.771910354999999981e+03 4.866969349025302427e-01 3.060432190420937781e-03
6.779907325000000128e+03 4.766492406140056537e-01 3.060432190420937781e-03
6.787904295000000275e+03 4.706323001375861681e-01 3.060432190420937781e-03
6.795901264999999512e+03 4.725848442203174904e-01 3.060432190420937781e-03
6.803898234999999659e+03 4.683139467340311501e-01 3.060432190420937781e-03
6.811895204999999805e+03 4.644646719272154112e-01 3.060432190420937781e-03
6.819892174999999952e+03 4.574608622725523377e-01 3.060432190420937781e-03
6.827889145000000099e+03 4.571054455175277975e-01 3.060432190420937781e-03
6.835886114999999336e+03 4.538224121779527165e-01 3.060432190420937781e-03
6.843883084999999483e+03 4.508331394382735224e-01 3.060432190420937781e-03
6.851880054999999629e+03 4.494404934881290892e-01 3.060432190420937781e-03
6.859877024999999776e+03 4.513648994992525698e-01 3.060432190420937781e-03
6.867873994999999923e+03 4.470527311959264227e-01 3.060432190420937781e-03
6.875870965000000069e+03 4.401914884645454773e-01 3.060432190420937781e-03
6.883867935000000216e+03 4.434263349462370107e-01 3.060432190420937781e-03
6.891864904999999453e+03 4.429439195110606575e-01 3.060432190420937781e-03
6.899861874999999600e+03 4.377511732476004891e-01 3.060432190420937781e-03
6.907858844999999747e+03 4.389462745735527305e-01 3.060432190420937781e-03
6.915855814999999893e+03 4.313402530497726928e-01 3.060432190420937781e-03
6.923852784999999130e+03 4.351998549580562425e-01 3.060432190420937781e-03
6.931849754999999277e+03 4.304143746151833372e-01 3.060432190420937781e-03
6.939846724999999424e+03 4.312831389933289294e-01 3.060432190420937781e-03
6.947843694999999570e+03 4.321583672853250291e-01 3.060432190420937781e-03
6.955840664999999717e+03 4.259174149214175475e-01 3.060432190420937781e-03
6.963837634999999864e+03 4.273291952497231261e-01 3.060432190420937781e-03
6.971834605000000010e+03 4.288162904680991594e-01 3.060432190420937781e-03
6.979831575000000157e+03 4.184498865672617307e-01 3.060432190420937781e-03
6.987828544999999394e+03 4.166243304862570218e-01 3.060432190420937781e-03
6.995825514999999541e+03 4.112965168297100793e-01 3.060432190420937781e-03
