6.204125485000000481e+03 7.149420462239467478e-01 3.060432190420937781e-03
6.212122455000000627e+03 7.173770643818274673e-01 3.060432190420937781e-03
6.220119425000000774e+03 7.134679387039101206e-01 3.060432190420937781e-03
6.228116395000000011e+03 7.077369764436289845e-01 3.060432190420937781e-03
6.236113365000000158e+03 7.037604277560500776e-01 3.060432190420937781e-03
6.244110335000000305e+03 7.159081012604606720e-01 3.060432190420937781e-03
6.252107305000000451e+03 7.136592513927823012e-01 3.060432190420937781e-03
6.260104275000000598e+03 7.075525021605203468e-01 3.060432190420937781e-03
6.268101244999999835e+03 7.055943542016560599e-01 3.060432190420937781e-03
6.276098214999999982e+03 7.025862561804210316e-01 3.060432190420937781e-03
6.284095185000000129e+03 7.025079314523828833e-01 3.060432190420937781e-03
6.292092155000000275e+03 7.017201841635701820e-01 3.060432190420937781e-03
6.300089125000000422e+03 6.977134780175340278e-01 3.060432190420937781e-03
6.308086095000000569e+03 6.982507230790179209e-01 3.060432190420937781e-03
6.316083065000000715e+03 6.952554645491616503e-01 3.060432190420937781e-03
6.324080034999999953e+03 6.970383145950989068e-01 3.060432190420937781e-03
6.332077005000000099e+03 6.998245932653125445e-01 3.060432190420937781e-03
6.340073975000000246e+03 6.985255632567191064e-01 3.060432190420937781e-03
6.348070945000000393e+03 6.969575264661451719e-01 3.060432190420937781e-03
6.356067915000000539e+03 6.970993919839989506e-01 3.060432190420937781e-03
6.364064884999999776e+03 7.067999935160325098e-01 3.060432190420937781e-03
6.372061854999999923e+03 7.037838800336170264e-01 3.060432190420937781e-03
6.380058825000000070e+03 7.116396263261498545e-01 3.060432190420937781e-03
6.388055795000000217e+03 7.159431428692808463e-01 3.060432190420937781e-03
6.396052765000000363e+03 7.241136497085823853e-01 3.060432190420937781e-03
6.404049735000000510e+03 7.214479935472065675e-01 3.060432190420937781e-03
6.412046705000000657e+03 7.304673567294285297e-01 3.060432190420937781e-03
6.420043674999999894e+03 7.406087310907115695e-01 3.060432190420937781e-03
6.428040645000000040e+03 7.483909815522107323e-01 3.060432190420937781e-03
6.436037615000000187e+03 7.484183784679835361e-01 3.060432190420937781e-03
6.444034585000000334e+03 7.608628169707845057e-01 3.060432190420937781e-03
6.452031555000000481e+03 7.637167555129434904e-01 3.060432190420937781e-03
6.460028524999999718e+03 7.644144633461982252e-01 3.060432190420937781e-03
6.468025494999999864e+03 7.737452823158056381e-01 3.060432190420937781e-03
6.476022465000000011e+03 7.814157527054117480e-01 3.060432190420937781e-03
6.484019435000000158e+03 7.769058527889977084e-01 3.060432190420937781e-03
6.492016405000000304e+03 7.830657074304876453e-01 3.060432190420937781e-03
6.500013375000000451e+03 7.900049186579137794e-01 3.060432190420937781e-03
6.508010345000000598e+03 8.031515785973228905e-01 3.060432190420937781e-03
6.516007314999999835e+03 8.211048415593935612e-01 3.060432190420937781e-03
6.524004284999999982e+03 8.261802484269104019e-01 3.060432190420937781e-03
6.532001255000000128e+03 8.271573214824395892e-01 3.060432190420937781e-03
6.539998225000000275e+03 8.113854565640666872e-01 3.060432190420937781e-03
6.547995194999999512e+03 8.139340987242061898e-01 3.060432190420937781e-03
6.555992164999999659e+03 8.054793065867045243e-01 3.060432190420937781e-03
6.563989134999999806e+03 8.096392905984239885e-01 3.060432190420937781e-03
6.571986104999999952e+03 8.124960350268652931e-01 3.060432190420937781e-03
6.579983075000000099e+03 8.150268520156176422e-01 3.060432190420937781e-03
6.587980045000000246e+03 8.192281475489121556e-01 3.060432190420937781e-03
6.595977015000000392e+03 8.415340008216263268e-01 3.060432190420937781e-03
6.603973985000000539e+03 8.441811457474731606e-01 3.060432190420937781e-03
6.611970954999999776e+03 8.364994192109882487e-01 3.060432190420937781e-03
6.619967924999999923e+03 8.233490845887994070e-01 3.060432190420937781e-03
6.627964895000000070e+03 8.098878862658052125e-01 3.060432190420937781e-03
6.635961865000000216e+03 8.007715964967460076e-01 3.060432190420937781e-03
6.643958834999999453e+03 8.035574431990623046e-01 3.060432190420937781e-03
6.651955804999999600e+03 7.964234580257346652e-01 3.060432190420937781e-03
6.659952774999999747e+03 7.806999034129155079e-01 3.060432190420937781e-03
6.667949744999999893e+03 7.642163259493165439e-01 3.060432190420937781e-03
6.675946715000000040e+03 7.483157294251400193e-01 3.060432190420937781e-03
6.683943685000000187e+03 7.419679748635870098e-01 3.060432190420937781e-03
6.691940655000000334e+03 7.229594735924842475e-01 3.060432190420937781e-03
6.699937624999999571e+03 7.073039440666448741e-01 3.060432190420937781e-03
6.707934594999999717e+03 6.892280694167568500e-01 3.060432190420937781e-03
6.715931564999999864e+03 6.878956146548688144e-01 3.060432190420937781e-03
6.723928535000000011e+03 6.791770716006947373e-01 3.060432190420937781e-03
6.731925505000000157e+03 6.599956904849300088e-01 3.060432190420937781e-03
6.739922474999999395e+03 6.490631439686996851e-01 3.060432190420937781e-03
6.747919444999999541e+03 6.418436271306601215e-01 3.060432190420937781e-03
6.755916414999999688e+03 6.354230402038943959e-01 3.060432190420937781e-03
6.763913384999999835e+03 6.219388476337747163e-01 3.060432190420937781e-03
6.771910354999999981e+03 6.192945429792932055e-01 3.060432190420937781e-03
6.779907325000000128e+03 6.067888031902334278e-01 3.060432190420937781e-03
6.787904295000000275e+03 6.012269694544780663e-01 3.060432190420937781e-03
6.795901264999999512e+03 5.996688677440223936e-01 3.060432190420937781e-03
6.803898234999999659e+03 5.964038489070426774e-01 3.060432190420937781e-03
6.811895204999999805e+03 5.924444184877428743e-01 3.060432190420937781e-03
6.819892174999999952e+03 5.918841150639693183e-01 3.060432190420937781e-03
6.827889145000000099e+03 5.869511881275296661e-01 3.060432190420937781e-03
6.835886114999999336e+03 5.810757275952406209e-01 3.060432190420937781e-03
6.843883084999999483e+03 5.767620977518227443e-01 3.060432190420937781e-03
6.851880054999999629e+03 5.813506737565056204e-01 3.060432190420937781e-03
6.859877024999999776e+03 5.767633285035244084e-01 3.060432190420937781e-03
6.867873994999999923e+03 5.721181502073653391e-01 3.060432190420937781e-03
6.875870965000000069e+03 5.701653838660240003e-01 3.060432190420937781e-03
6.883867935000000216e+03 5.737193392099367850e-01 3.060432190420937781e-03
6.891864904999999453e+03 5.651547065421637095e-01 3.060432190420937781e-03
6.899861874999999600e+03 5.686004775843168657e-01 3.060432190420937781e-03
6.907858844999999747e+03 5.635157778417007046e-01 3.060432190420937781e-03
6.915855814999999893e+03 5.604666336747297084e-01 3.060432190420937781e-03
6.923852784999999130e+03 5.620992166337618334e-01 3.060432190420937781e-03
6.931849754999999277e+03 5.568248104718341862e-01 3.060432190420937781e-03
6.939846724999999424e+03 5.494623943584658887e-01 3.060432190420937781e-03
6.947843694999999570e+03 5.471502128867224979e-01 3.060432190420937781e-03
6.955840664999999717e+03 5.552946024045337658e-01 3.060432190420937781e-03
6.963837634999999864e+03 5.470210529007064615e-01 3.060432190420937781e-03
6.971834605000000010e+03 5.434908620531460066e-01 3.060432190420937781e-03
6.979831575000000157e+03 5.399992663841491902e-01 3.060432190420937781e-03
6.987828544999999394e+03 5.401038484948440521e-01 3.060432190420937781e-03
6.995825514999999541e+03 5.386456969721676868e-01 3.060432190420937781e-03
