6.204125485000000481e+03 6.211124777950243203e-01 3.060432190420937781e-03
6.212122455000000627e+03 6.181826616078921477e-01 3.060432190420937781e-03
6.220119425000000774e+03 6.189097855523493230e-01 3.060432190420937781e-03
6.228116395000000011e+03 6.196659615511117547e-01 3.060432190420937781e-03
6.236113365000000158e+03 6.175346764680026412e-01 3.060432190420937781e-03
6.244110335000000305e+03 6.119453821088604029e-01 3.060432190420937781e-03
6.252107305000000451e+03 6.087520783404181124e-01 3.060432190420937781e-03
6.260104275000000598e+03 6.119542394456828349e-01 3.060432190420937781e-03
6.268101244999999835e+03 6.149685141934660981e-01 3.060432190420937781e-03
6.276098214999999982e+03 6.145279359656369289e-01 3.060432190420937781e-03
6.284095185000000129e+03 6.104171402609348540e-01 3.060432190420937781e-03
6.292092155000000275e+03 6.063874348730378117e-01 3.060432190420937781e-03
6.300089125000000422e+03 6.061997404049759286e-01 3.060432190420937781e-03
6.308086095000000569e+03 6.107687828714314371e-01 3.060432190420937781e-03
6.316083065000000715e+03 6.082284192543533363e-01 3.060432190420937781e-03
6.324080034999999953e+03 6.027605240636602080e-01 3.060432190420937781e-03
6.332077005000000099e+03 6.087964435767978522e-01 3.060432190420937781e-03
6.340073975000000246e+03 6.062538886015504946e-01 3.060432190420937781e-03
6.348070945000000393e+03 6.135684094811306721e-01 3.060432190420937781e-03
6.356067915000000539e+03 6.138290793729604955e-01 3.060432190420937781e-03
6.364064884999999776e+03 6.121821944379842728e-01 3.060432190420937781e-03
6.372061854999999923e+03 6.235700070680831875e-01 3.060432190420937781e-03
6.380058825000000070e+03 6.187710868743631076e-01 3.060432190420937781e-03
6.388055795000000217e+03 6.284467782631112387e-01 3.060432190420937781e-03
6.396052765000000363e+03 6.267675783789872224e-01 3.060432190420937781e-03
6.404049735000000510e+03 6.294318672796290759e-01 3.060432190420937781e-03
6.412046705000000657e+03 6.326586675842424956e-01 3.060432190420937781e-03
6.420043674999999894e+03 6.460188503842181351e-01 3.060432190420937781e-03
6.428040645000000040e+03 6.481498259948647034e-01 3.060432190420937781e-03
6.436037615000000187e+03 6.479405945797648281e-01 3.060432190420937781e-03
6.444034585000000334e+03 6.552157013086973292e-01 3.060432190420937781e-03
6.452031555000000481e+03 6.563931007882322088e-01 3.060432190420937781e-03
6.460028524999999718e+03 6.607465521953329590e-01 3.060432190420937781e-03
6.468025494999999864e+03 6.606984922075745947e-01 3.060432190420937781e-03
6.476022465000000011e+03 6.715079080953236801e-01 3.060432190420937781e-03
6.484019435000000158e+03 6.806099646774320666e-01 3.060432190420937781e-03
6.492016405000000304e+03 6.828172443095706923e-01 3.060432190420937781e-03
6.500013375000000451e+03 6.882701627953734524e-01 3.060432190420937781e-03
6.508010345000000598e+03 7.125739330241123159e-01 3.060432190420937781e-03
6.516007314999999835e+03 7.309268750239045209e-01 3.060432190420937781e-03
6.524004284999999982e+03 7.374708984736755291e-01 3.060432190420937781e-03
6.532001255000000128e+03 7.376863352837401688e-01 3.060432190420937781e-03
6.539998225000000275e+03 7.230884381592147525e-01 3.060432190420937781e-03
6.547995194999999512e+03 7.182843165237058347e-01 3.060432190420937781e-03
6.555992164999999659e+03 7.191206400202575511e-01 3.060432190420937781e-03
6.563989134999999806e+03 7.240724972430276907e-01 3.060432190420937781e-03
6.571986104999999952e+03 7.285996512289170113e-01 3.060432190420937781e-03
6.579983075000000099e+03 7.256812577352749205e-01 3.060432190420937781e-03
6.587980045000000246e+03 7.356134406697845129e-01 3.060432190420937781e-03
6.595977015000000392e+03 7.478309454338845086e-01 3.060432190420937781e-03
6.603973985000000539e+03 7.451432401675812667e-01 3.060432190420937781e-03
6.611970954999999776e+03 7.477624627374989119e-01 3.060432190420937781e-03
6.619967924999999923e+03 7.268296990167879557e-01 3.060432190420937781e-03
6.627964895000000070e+03 7.184651033162882117e-01 3.060432190420937781e-03
6.635961865000000216e+03 7.048440144155302400e-01 3.060432190420937781e-03
6.643958834999999453e+03 6.884401343246537852e-01 3.060432190420937781e-03
6.651955804999999600e+03 6.733276987339708031e-01 3.060432190420937781e-03
6.659952774999999747e+03 6.679468403129271703e-01 3.060432190420937781e-03
6.667949744999999893e+03 6.525625729433548461e-01 3.060432190420937781e-03
6.675946715000000040e+03 6.504904153282500268e-01 3.060432190420937781e-03
6.683943685000000187e+03 6.383203148128304694e-01 3.060432190420937781e-03
6.691940655000000334e+03 6.306056455747495182e-01 3.060432190420937781e-03
6.699937624999999571e+03 6.166038443192249918e-01 3.060432190420937781e-03
6.707934594999999717e+03 6.077475066096275080e-01 3.060432190420937781e-03
6.715931564999999864e+03 5.984491585418477699e-01 3.060432190420937781e-03
6.723928535000000011e+03 5.848532128605756775e-01 3.060432190420937781e-03
6.731925505000000157e+03 5.845509469943529490e-01 3.060432190420937781e-03
6.739922474999999395e+03 5.741060198771172907e-01 3.060432190420937781e-03
6.747919444999999541e+03 5.586390786718712365e-01 3.060432190420937781e-03
6.755916414999999688e+03 5.513369996083935520e-01 3.060432190420937781e-03
6.763913384999999835e+03 5.517370051769941997e-01 3.060432190420937781e-03
6.771910354999999981e+03 5.379437185140703015e-01 3.060432190420937781e-03
6.779907325000000128e+03 5.371030592049821362e-01 3.060432190420937781e-03
6.787904295000000275e+03 5.309158379551798257e-01 3.060432190420937781e-03
6.795901264999999512e+03 5.186943172247852063e-01 3.060432190420937781e-03
6.803898234999999659e+03 5.152819726823175683e-01 3.060432190420937781e-03
6.811895204999999805e+03 5.167449953569469567e-01 3.060432190420937781e-03
6.819892174999999952e+03 5.130176276880470398e-01 3.060432190420937781e-03
6.827889145000000099e+03 5.088068526700193495e-01 3.060432190420937781e-03
6.835886114999999336e+03 5.070388038967751365e-01 3.060432190420937781e-03
6.843883084999999483e+03 5.048892431582105988e-01 3.060432190420937781e-03
6.851880054999999629e+03 5.020337779320551697e-01 3.060432190420937781e-03
6.859877024999999776e+03 4.985758780432500981e-01 3.060432190420937781e-03
6.867873994999999923e+03 5.030575191008668234e-01 3.060432190420937781e-03
6.875870965000000069e+03 4.970393850409765002e-01 3.060432190420937781e-03
6.883867935000000216e+03 4.917557769614606111e-01 3.060432190420937781e-03
6.891864904999999453e+03 4.949859835302626299e-01 3.060432190420937781e-03
6.899861874999999600e+03 4.938799481947133141e-01 3.060432190420937781e-03
6.907858844999999747e+03 4.868528035003416021e-01 3.060432190420937781e-03
6.915855814999999893e+03 4.859331837058896153e-01 3.060432190420937781e-03
6.923852784999999130e+03 4.806785635893189301e-01 3.060432190420937781e-03
6.931849754999999277e+03 4.834141585433106569e-01 3.060432190420937781e-03
6.939846724999999424e+03 4.820137843727077542e-01 3.060432190420937781e-03
6.947843694999999570e+03 4.807810345020669396e-01 3.060432190420937781e-03
6.955840664999999717e+03 4.768497028501139656e-01 3.060432190420937781e-03
6.963837634999999864e+03 4.702730771386993691e-01 3.060432190420937781e-03
6.971834605000000010e+03 4.727162117725344781e-01 3.060432190420937781e-03
6.979831575000000157e+03 4.664119448134684820e-01 3.060432190420937781e-03
6.987828544999999394e+03 4.672664768072112840e-01 3.060432190420937781e-03
6.995825514999999541e+03 4.695382322790443985e-01 3.060432190420937781e-03
