6.204125485000000481e+03 8.850655534283994319e-01 3.060432190420937781e-03
6.212122455000000627e+03 8.838331740161093908e-01 3.060432190420937781e-03
6.220119425000000774e+03 8.851370126435446073e-01 3.060432190420937781e-03
6.228116395000000011e+03 8.781707874314232942e-01 3.060432190420937781e-03
6.236113365000000158e+03 8.772960416818407214e-01 3.060432190420937781e-03
6.244110335000000305e+03 8.765483000947053016e-01 3.060432190420937781e-03
6.252107305000000451e+03 8.779182850505072855e-01 3.060432190420937781e-03
6.260104275000000598e+03 8.764760726873505048e-01 3.060432190420937781e-03
6.268101244999999835e+03 8.703798659107959690e-01 3.060432190420937781e-03
6.276098214999999982e+03 8.679034772117165675e-01 3.060432190420937781e-03
6.284095185000000129e+03 8.685667944219059855e-01 3.060432190420937781e-03
6.292092155000000275e+03 8.691084292609244644e-01 3.060432190420937781e-03
6.300089125000000422e+03 8.674021888703138394e-01 3.060432190420937781e-03
6.308086095000000569e+03 8.629603015396835053e-01 3.060432190420937781e-03
6.316083065000000715e+03 8.598980740666815059e-01 3.060432190420937781e-03
6.324080034999999953e+03 8.604778830012023150e-01 3.060432190420937781e-03
6.332077005000000099e+03 8.621851713388501981e-01 3.060432190420937781e-03
6.340073975000000246e+03 8.580497700459418509e-01 3.060432190420937781e-03
6.348070945000000393e+03 8.648416175066560019e-01 3.060432190420937781e-03
6.356067915000000539e+03 8.675142216034290588e-01 3.060432190420937781e-03
6.364064884999999776e+03 8.693249063254202547e-01 3.060432190420937781e-03
6.372061854999999923e+03 8.740882296356201620e-01 3.060432190420937781e-03
6.380058825000000070e+03 8.853534333682049340e-01 3.060432190420937781e-03
6.388055795000000217e+03 8.849419112676772947e-01 3.060432190420937781e-03
6.396052765000000363e+03 8.947892359687352748e-01 3.060432190420937781e-03
6.404049735000000510e+03 9.017471772615610615e-01 3.060432190420937781e-03
6.412046705000000657e+03 9.078264417970082212e-01 3.060432190420937781e-03
6.420043674999999894e+03 9.179027193912728810e-01 3.060432190420937781e-03
6.428040645000000040e+03 9.169868496343566155e-01 3.060432190420937781e-03
6.436037615000000187e+03 9.224571911848965522e-01 3.060432190420937781e-03
6.444034585000000334e+03 9.297695960731560127e-01 3.060432190420937781e-03
6.452031555000000481e+03 9.284330127953407397e-01 3.060432190420937781e-03
6.460028524999999718e+03 9.401628593707304082e-01 3.060432190420937781e-03
6.468025494999999864e+03 9.394651464853955858e-01 3.060432190420937781e-03
6.476022465000000011e+03 9.342674303738305319e-01 3.060432190420937781e-03
6.484019435000000158e+03 9.454532727561606453e-01 3.060432190420937781e-03
6.492016405000000304e+03 9.415353977062363988e-01 3.060432190420937781e-03
6.500013375000000451e+03 9.451406067246269638e-01 3.060432190420937781e-03
6.508010345000000598e+03 9.617790340825757012e-01 3.060432190420937781e-03
6.516007314999999835e+03 9.676223533965597756e-01 3.060432190420937781e-03
6.524004284999999982e+03 9.733993383724529602e-01 3.060432190420937781e-03
6.532001255000000128e+03 9.741216361705192783e-01 3.060432190420937781e-03
6.539998225000000275e+03 9.681899497677245447e-01 3.060432190420937781e-03
6.547995194999999512e+03 9.600968124270176096e-01 3.060432190420937781e-03
6.555992164999999659e+03 9.658086813527282377e-01 3.060432190420937781e-03
6.563989134999999806e+03 9.692900886740010158e-01 3.060432190420937781e-03
6.571986104999999952e+03 9.706450575500138456e-01 3.060432190420937781e-03
6.579983075000000099e+03 9.720927192319189780e-01 3.060432190420937781e-03
6.587980045000000246e+03 9.822266801124843738e-01 3.060432190420937781e-03
6.595977015000000392e+03 1.008898449827745125e+00 3.060432190420937781e-03
6.603973985000000539e+03 1.001744912613702576e+00 3.060432190420937781e-03
6.611970954999999776e+03 9.966159348079777214e-01 3.060432190420937781e-03
6.619967924999999923e+03 9.856442505876923388e-01 3.060432190420937781e-03
6.627964895000000070e+03 9.664318948923369401e-01 3.060432190420937781e-03
6.635961865000000216e+03 9.681651216093890566e-01 3.060432190420937781e-03
6.643958834999999453e+03 9.607379049879106736e-01 3.060432190420937781e-03
6.651955804999999600e+03 9.538691153711115200e-01 3.060432190420937781e-03
6.659952774999999747e+03 9.459197143324667989e-01 3.060432190420937781e-03
6.667949744999999893e+03 9.252174831599108140e-01 3.060432190420937781e-03
6.675946715000000040e+03 9.159384603753700782e-01 3.060432190420937781e-03
6.683943685000000187e+03 8.988613663507090124e-01 3.060432190420937781e-03
6.691940655000000334e+03 8.839677265866303646e-01 3.060432190420937781e-03
6.699937624999999571e+03 8.673221952500090870e-01 3.060432190420937781e-03
6.707934594999999717e+03 8.544823865094768323e-01 3.060432190420937781e-03
6.715931564999999864e+03 8.414517311390544707e-01 3.060432190420937781e-03
6.723928535000000011e+03 8.305225771444064709e-01 3.060432190420937781e-03
6.731925505000000157e+03 8.182570900064887187e-01 3.060432190420937781e-03
6.739922474999999395e+03 8.009157766590865313e-01 3.060432190420937781e-03
6.747919444999999541e+03 7.932887934724514034e-01 3.060432190420937781e-03
6.755916414999999688e+03 7.765706778905889784e-01 3.060432190420937781e-03
6.763913384999999835e+03 7.706001674247375810e-01 3.060432190420937781e-03
6.771910354999999981e+03 7.622719240492821235e-01 3.060432190420937781e-03
6.779907325000000128e+03 7.476750421214028997e-01 3.060432190420937781e-03
6.787904295000000275e+03 7.416764744718492564e-01 3.060432190420937781e-03
6.795901264999999512e+03 7.425813391504553218e-01 3.060432190420937781e-03
6.803898234999999659e+03 7.300424037055756044e-01 3.060432190420937781e-03
6.811895204999999805e+03 7.252711845615908981e-01 3.060432190420937781e-03
6.819892174999999952e+03 7.196660347944088265e-01 3.060432190420937781e-03
6.827889145000000099e+03 7.206522563563330097e-01 3.060432190420937781e-03
6.835886114999999336e+03 7.176005716975358828e-01 3.060432190420937781e-03
6.843883084999999483e+03 7.136347875451657385e-01 3.060432190420937781e-03
6.851880054999999629e+03 7.123484525492951303e-01 3.060432190420937781e-03
6.859877024999999776e+03 7.127674423240604185e-01 3.060432190420937781e-03
6.867873994999999923e+03 7.059976955269167131e-01 3.060432190420937781e-03
6.875870965000000069e+03 7.061558500591287313e-01 3.060432190420937781e-03
6.883867935000000216e+03 7.103369742510922125e-01 3.060432190420937781e-03
6.891864904999999453e+03 6.981237601516838698e-01 3.060432190420937781e-03
6.899861874999999600e+03 6.983828809810775917e-01 3.060432190420937781e-03
6.907858844999999747e+03 6.996854344692328143e-01 3.060432190420937781e-03
6.915855814999999893e+03 6.888956869540515671e-01 3.060432190420937781e-03
6.923852784999999130e+03 6.954523783288819594e-01 3.060432190420937781e-03
6.931849754999999277e+03 6.961170564413843298e-01 3.060432190420937781e-03
6.939846724999999424e+03 6.844071123958639369e-01 3.060432190420937781e-03
6.947843694999999570e+03 6.830360638380476024e-01 3.060432190420937781e-03
6.955840664999999717e+03 6.785580293587455403e-01 3.060432190420937781e-03
6.963837634999999864e+03 6.767616100654891831e-01 3.060432190420937781e-03
6.971834605000000010e+03 6.741967285311868396e-01 3.060432190420937781e-03
6.979831575000000157e+03 6.714105206134374226e-01 3.060432190420937781e-03
6.987828544999999394e+03 6.712440710037231861e-01 3.060432190420937781e-03
6.995825514999999541e+03 6.731184883603090752e-01 3.060432190420937781e-03
