6.204125485000000481e+03 1.021885811257772003e+00 3.060432190420937781e-03
6.212122455000000627e+03 1.018910620906355202e+00 3.060432190420937781e-03
6.220119425000000774e+03 1.020355103060182511e+00 3.060432190420937781e-03
6.228116395000000011e+03 1.022951036211532383e+00 3.060432190420937781e-03
6.236113365000000158e+03 1.016795237111364214e+00 3.060432190420937781e-03
6.244110335000000305e+03 1.018582696285300626e+00 3.060432190420937781e-03
6.252107305000000451e+03 1.011183593784406698e+00 3.060432190420937781e-03
6.260104275000000598e+03 1.009147209811957824e+00 3.060432190420937781e-03
6.268101244999999835e+03 1.011253722415701217e+00 3.060432190420937781e-03
6.276098214999999982e+03 1.012822777003105301e+00 3.060432190420937781e-03
6.284095185000000129e+03 1.001657357397211623e+00 3.060432190420937781e-03
6.292092155000000275e+03 1.007767017491875583e+00 3.060432190420937781e-03
6.300089125000000422e+03 1.000113334008221333e+00 3.060432190420937781e-03
6.308086095000000569e+03 1.001430467998485119e+00 3.060432190420937781e-03
6.316083065000000715e+03 9.949034990250479327e-01 3.060432190420937781e-03
6.324080034999999953e+03 9.998400529174477080e-01 3.060432190420937781e-03
6.332077005000000099e+03 9.941339994652058643e-01 3.060432190420937781e-03
6.340073975000000246e+03 9.903527069297813901e-01 3.060432190420937781e-03
6.348070945000000393e+03 9.953295645012273374e-01 3.060432190420937781e-03
6.356067915000000539e+03 1.001876993212478029e+00 3.060432190420937781e-03
6.364064884999999776e+03 1.002137362297465861e+00 3.060432190420937781e-03
6.372061854999999923e+03 1.006434936946847714e+00 3.060432190420937781e-03
6.380058825000000070e+03 1.008786914908242682e+00 3.060432190420937781e-03
6.388055795000000217e+03 1.019879489667134154e+00 3.060432190420937781e-03
6.396052765000000363e+03 1.017663584013291933e+00 3.060432190420937781e-03
6.404049735000000510e+03 1.026185225540720003e+00 3.060432190420937781e-03
6.412046705000000657e+03 1.027522135798581093e+00 3.060432190420937781e-03
6.420043674999999894e+03 1.034077111244497749e+00 3.060432190420937781e-03
6.428040645000000040e+03 1.039876269104417217e+00 3.060432190420937781e-03
6.436037615000000187e+03 1.043716935664910306e+00 3.060432190420937781e-03
6.444034585000000334e+03 1.050930293489056755e+00 3.060432190420937781e-03
6.452031555000000481e+03 1.052688826953036338e+00 3.060432190420937781e-03
6.460028524999999718e+03 1.050181539613506354e+00 3.060432190420937781e-03
6.468025494999999864e+03 1.065170902819014831e+00 3.060432190420937781e-03
6.476022465000000011e+03 1.062857357875680142e+00 3.060432190420937781e-03
6.484019435000000158e+03 1.057576778154281971e+00 3.060432190420937781e-03
6.492016405000000304e+03 1.063148546382630677e+00 3.060432190420937781e-03
6.500013375000000451e+03 1.069770051549238765e+00 3.060432190420937781e-03
6.508010345000000598e+03 1.089307204256682704e+00 3.060432190420937781e-03
6.516007314999999835e+03 1.095442883297265135e+00 3.060432190420937781e-03
6.524004284999999982e+03 1.102498195365888778e+00 3.060432190420937781e-03
6.532001255000000128e+03 1.098896071943100461e+00 3.060432190420937781e-03
6.539998225000000275e+03 1.093481541892034059e+00 3.060432190420937781e-03
6.547995194999999512e+03 1.086475646962995700e+00 3.060432190420937781e-03
6.555992164999999659e+03 1.085828433845303698e+00 3.060432190420937781e-03
6.563989134999999806e+03 1.091802197222395465e+00 3.060432190420937781e-03
6.571986104999999952e+03 1.092467356801671174e+00 3.060432190420937781e-03
6.579983075000000099e+03 1.089236834515269425e+00 3.060432190420937781e-03
6.587980045000000246e+03 1.106191808337229077e+00 3.060432190420937781e-03
6.595977015000000392e+03 1.119012453455466183e+00 3.060432190420937781e-03
6.603973985000000539e+03 1.117931165398923676e+00 3.060432190420937781e-03
6.611970954999999776e+03 1.119259883861192684e+00 3.060432190420937781e-03
6.619967924999999923e+03 1.100679561737359036e+00 3.060432190420937781e-03
6.627964895000000070e+03 1.086880714209043086e+00 3.060432190420937781e-03
6.635961865000000216e+03 1.078744843516549645e+00 3.060432190420937781e-03
6.643958834999999453e+03 1.061135248557272037e+00 3.060432190420937781e-03
6.651955804999999600e+03 1.055162158157318508e+00 3.060432190420937781e-03
6.659952774999999747e+03 1.049845561687650308e+00 3.060432190420937781e-03
6.667949744999999893e+03 1.031523382900155550e+00 3.060432190420937781e-03
6.675946715000000040e+03 1.021353561307443814e+00 3.060432190420937781e-03
6.683943685000000187e+03 1.003181035013650968e+00 3.060432190420937781e-03
6.691940655000000334e+03 9.877702602696010192e-01 3.060432190420937781e-03
6.699937624999999571e+03 9.792977067980563888e-01 3.060432190420937781e-03
6.707934594999999717e+03 9.600351411566241389e-01 3.060432190420937781e-03
6.715931564999999864e+03 9.445824487737196629e-01 3.060432190420937781e-03
6.723928535000000011e+03 9.424258832020209198e-01 3.060432190420937781e-03
6.731925505000000157e+03 9.226610325872741658e-01 3.060432190420937781e-03
6.739922474999999395e+03 9.124662066379923830e-01 3.060432190420937781e-03
6.747919444999999541e+03 9.026013349022699028e-01 3.060432190420937781e-03
6.755916414999999688e+03 8.874616972553586169e-01 3.060432190420937781e-03
6.763913384999999835e+03 8.797931886017421599e-01 3.060432190420937781e-03
6.771910354999999981e+03 8.721347468619979892e-01 3.060432190420937781e-03
6.779907325000000128e+03 8.695411833366339938e-01 3.060432190420937781e-03
6.787904295000000275e+03 8.596727770512950784e-01 3.060432190420937781e-03
6.795901264999999512e+03 8.511388485182223018e-01 3.060432190420937781e-03
6.803898234999999659e+03 8.454409805478337869e-01 3.060432190420937781e-03
6.811895204999999805e+03 8.400498525621726831e-01 3.060432190420937781e-03
6.819892174999999952e+03 8.441175416804881371e-01 3.060432190420937781e-03
6.827889145000000099e+03 8.361909449880209344e-01 3.060432190420937781e-03
6.835886114999999336e+03 8.349148150491279008e-01 3.060432190420937781e-03
6.843883084999999483e+03 8.337175648763469615e-01 3.060432190420937781e-03
6.851880054999999629e+03 8.248626122178560616e-01 3.060432190420937781e-03
6.859877024999999776e+03 8.192075780675615038e-01 3.060432190420937781e-03
6.867873994999999923e+03 8.199682195817478148e-01 3.060432190420937781e-03
6.875870965000000069e+03 8.150996253035112105e-01 3.060432190420937781e-03
6.883867935000000216e+03 8.145813367387849668e-01 3.060432190420937781e-03
6.891864904999999453e+03 8.086987175855848697e-01 3.060432190420937781e-03
6.899861874999999600e+03 8.078878780897750245e-01 3.060432190420937781e-03
6.907858844999999747e+03 8.063135921433143283e-01 3.060432190420937781e-03
6.915855814999999893e+03 7.983936954667110175e-01 3.060432190420937781e-03
6.923852784999999130e+03 8.015580121251766332e-01 3.060432190420937781e-03
6.931849754999999277e+03 7.998670579816800075e-01 3.060432190420937781e-03
6.939846724999999424e+03 7.925397130520553945e-01 3.060432190420937781e-03
6.947843694999999570e+03 7.904441408325929563e-01 3.060432190420937781e-03
6.955840664999999717e+03 7.871995917543737065e-01 3.060432190420937781e-03
6.963837634999999864e+03 7.857640611589257196e-01 3.060432190420937781e-03
6.971834605000000010e+03 7.808652043334833870e-01 3.060432190420937781e-03
6.979831575000000157e+03 7.781137214714306527e-01 3.060432190420937781e-03
6.987828544999999394e+03 7.745497699768395528e-01 3.060432190420937781e-03
6.995825514999999541e+03 7.746805263438282241e-01 3.060432190420937781e-03
