6.204125485000000481e+03 9.224726705365435819e-01 3.060432190420937781e-03
6.212122455000000627e+03 9.136641502769221601e-01 3.060432190420937781e-03
6.220119425000000774e+03 9.098357438819838494e-01 3.060432190420937781e-03
6.228116395000000011e+03 9.066807360659074888e-01 3.060432190420937781e-03
6.236113365000000158e+03 9.031413118506945725e-01 3.060432190420937781e-03
6.244110335000000305e+03 9.092086598353259497e-01 3.060432190420937781e-03
6.252107305000000451e+03 9.088295790380226391e-01 3.060432190420937781e-03
6.260104275000000598e+03 9.020599827185249442e-01 3.060432190420937781e-03
6.268101244999999835e+03 8.981569977065096966e-01 3.060432190420937781e-03
6.276098214999999982e+03 8.995057610209472587e-01 3.060432190420937781e-03
6.284095185000000129e+03 8.945023635955658969e-01 3.060432190420937781e-03
6.292092155000000275e+03 8.964234769168062389e-01 3.060432190420937781e-03
6.300089125000000422e+03 8.998429616189033142e-01 3.060432190420937781e-03
6.308086095000000569e+03 8.947215811107243066e-01 3.060432190420937781e-03
6.316083065000000715e+03 8.971697090671106878e-01 3.060432190420937781e-03
6.324080034999999953e+03 8.855391421270064622e-01 3.060432190420937781e-03
6.332077005000000099e+03 8.952173056099785864e-01 3.060432190420937781e-03
6.340073975000000246e+03 8.832092611184475528e-01 3.060432190420937781e-03
6.348070945000000393e+03 8.936189370223590611e-01 3.060432190420937781e-03
6.356067915000000539e+03 8.915766848690985791e-01 3.060432190420937781e-03
6.364064884999999776e+03 9.021065490112850638e-01 3.060432190420937781e-03
6.372061854999999923e+03 8.970140427428222596e-01 3.060432190420937781e-03
6.380058825000000070e+03 9.112580478749197077e-01 3.060432190420937781e-03
6.388055795000000217e+03 9.096036654506423069e-01 3.060432190420937781e-03
6.396052765000000363e+03 9.117404560271656910e-01 3.060432190420937781e-03
6.404049735000000510e+03 9.185586531700096202e-01 3.060432190420937781e-03
6.412046705000000657e+03 9.174228337516712184e-01 3.060432190420937781e-03
6.420043674999999894e+03 9.259594724334182514e-01 3.060432190420937781e-03
6.428040645000000040e+03 9.379518932740276149e-01 3.060432190420937781e-03
6.436037615000000187e+03 9.378872777042179809e-01 3.060432190420937781e-03
6.444034585000000334e+03 9.345098719658805342e-01 3.060432190420937781e-03
6.452031555000000481e+03 9.474599478213378001e-01 3.060432190420937781e-03
6.460028524999999718e+03 9.505906656364879748e-01 3.060432190420937781e-03
6.468025494999999864e+03 9.515972129374595800e-01 3.060432190420937781e-03
6.476022465000000011e+03 9.559262971628916805e-01 3.060432190420937781e-03
6.484019435000000158e+03 9.600170406220811525e-01 3.060432190420937781e-03
6.492016405000000304e+03 9.644302617764185515e-01 3.060432190420937781e-03
6.500013375000000451e+03 9.761508815266826122e-01 3.060432190420937781e-03
6.508010345000000598e+03 9.917892419862931463e-01 3.060432190420937781e-03
6.516007314999999835e+03 9.931129236392198800e-01 3.060432190420937781e-03
6.524004284999999982e+03 1.002127673562172028e+00 3.060432190420937781e-03
6.532001255000000128e+03 1.000559225305361233e+00 3.060432190420937781e-03
6.539998225000000275e+03 9.909289963257017497e-01 3.060432190420937781e-03
6.547995194999999512e+03 9.970108734748637236e-01 3.060432190420937781e-03
6.555992164999999659e+03 9.906763134847160757e-01 3.060432190420937781e-03
6.563989134999999806e+03 9.862869937966664002e-01 3.060432190420937781e-03
6.571986104999999952e+03 9.903026407071754411e-01 3.060432190420937781e-03
6.579983075000000099e+03 9.907552094146749866e-01 3.060432190420937781e-03
6.587980045000000246e+03 9.993540815155343982e-01 3.060432190420937781e-03
6.595977015000000392e+03 1.019037774141934971e+00 3.060432190420937781e-03
6.603973985000000539e+03 1.021626092161334043e+00 3.060432190420937781e-03
6.611970954999999776e+03 1.018440188812399727e+00 3.060432190420937781e-03
6.619967924999999923e+03 9.985763488449834746e-01 3.060432190420937781e-03
6.627964895000000070e+03 9.840735984360243771e-01 3.060432190420937781e-03
6.635961865000000216e+03 9.738346302744786964e-01 3.060432190420937781e-03
6.643958834999999453e+03 9.659226128467300887e-01 3.060432190420937781e-03
6.651955804999999600e+03 9.571493671166976247e-01 3.060432190420937781e-03
6.659952774999999747e+03 9.459913460684890030e-01 3.060432190420937781e-03
6.667949744999999893e+03 9.329860161679982555e-01 3.060432190420937781e-03
6.675946715000000040e+03 9.169276275713386104e-01 3.060432190420937781e-03
6.683943685000000187e+03 9.068589729329180615e-01 3.060432190420937781e-03
6.691940655000000334e+03 8.919282647764955607e-01 3.060432190420937781e-03
6.699937624999999571e+03 8.767480451709669387e-01 3.060432190420937781e-03
6.707934594999999717e+03 8.618770757209152089e-01 3.060432190420937781e-03
6.715931564999999864e+03 8.486795169432925778e-01 3.060432190420937781e-03
6.723928535000000011e+03 8.404270670301711155e-01 3.060432190420937781e-03
6.731925505000000157e+03 8.241464586926064984e-01 3.060432190420937781e-03
6.739922474999999395e+03 8.201709847923805974e-01 3.060432190420937781e-03
6.747919444999999541e+03 8.105225309598029781e-01 3.060432190420937781e-03
6.755916414999999688e+03 7.992922875955479345e-01 3.060432190420937781e-03
6.763913384999999835e+03 7.880755701143302705e-01 3.060432190420937781e-03
6.771910354999999981e+03 7.825214905741723070e-01 3.060432190420937781e-03
6.779907325000000128e+03 7.753943756180148306e-01 3.060432190420937781e-03
6.787904295000000275e+03 7.722346803206409094e-01 3.060432190420937781e-03
6.795901264999999512e+03 7.633428517156303217e-01 3.060432190420937781e-03
6.803898234999999659e+03 7.600554842613588269e-01 3.060432190420937781e-03
6.811895204999999805e+03 7.484242603598952881e-01 3.060432190420937781e-03
6.819892174999999952e+03 7.466469159649149478e-01 3.060432190420937781e-03
6.827889145000000099e+03 7.474917257032610562e-01 3.060432190420937781e-03
6.835886114999999336e+03 7.464808897222829920e-01 3.060432190420937781e-03
6.843883084999999483e+03 7.410343453642846967e-01 3.060432190420937781e-03
6.851880054999999629e+03 7.424721546722230503e-01 3.060432190420937781e-03
6.859877024999999776e+03 7.361981319258257273e-01 3.060432190420937781e-03
6.867873994999999923e+03 7.344252622947001763e-01 3.060432190420937781e-03
6.875870965000000069e+03 7.301106793075834434e-01 3.060432190420937781e-03
6.883867935000000216e+03 7.294685953816135715e-01 3.060432190420937781e-03
6.891864904999999453e+03 7.254579989365078641e-01 3.060432190420937781e-03
6.899861874999999600e+03 7.229679576823607734e-01 3.060432190420937781e-03
6.907858844999999747e+03 7.211692615562318442e-01 3.060432190420937781e-03
6.915855814999999893e+03 7.126907087373111072e-01 3.060432190420937781e-03
6.923852784999999130e+03 7.082190342723959642e-01 3.060432190420937781e-03
6.931849754999999277e+03 7.091891342112195407e-01 3.060432190420937781e-03
6.939846724999999424e+03 7.032219777815565953e-01 3.060432190420937781e-03
6.947843694999999570e+03 7.079080660740066921e-01 3.060432190420937781e-03
6.955840664999999717e+03 7.072356352619872943e-01 3.060432190420937781e-03
6.963837634999999864e+03 7.036551216692893407e-01 3.060432190420937781e-03
6.971834605000000010e+03 6.971590155952041012e-01 3.060432190420937781e-03
6.979831575000000157e+03 6.976707498236590643e-01 3.060432190420937781e-03
6.987828544999999394e+03 6.876535692801746258e-01 3.060432190420937781e-03
6.995825514999999541e+03 6.872544506117270746e-01 3.060432190420937781e-03
