6.204125485000000481e+03 7.801122652685230641e-01 3.060432190420937781e-03
6.212122455000000627e+03 7.801698380878143713e-01 3.060432190420937781e-03
6.220119425000000774e+03 7.756272496986339471e-01 3.060432190420937781e-03
6.228116395000000011e+03 7.711220604670789847e-01 3.060432190420937781e-03
6.236113365000000158e+03 7.723176049672300092e-01 3.060432190420937781e-03
6.244110335000000305e+03 7.675919680781276844e-01 3.060432190420937781e-03
6.252107305000000451e+03 7.724819517101779720e-01 3.060432190420937781e-03
6.260104275000000598e+03 7.651970295370532638e-01 3.060432190420937781e-03
6.268101244999999835e+03 7.648829158361214464e-01 3.060432190420937781e-03
6.276098214999999982e+03 7.598605023982192286e-01 3.060432190420937781e-03
6.284095185000000129e+03 7.649792447038002985e-01 3.060432190420937781e-03
6.292092155000000275e+03 7.632567710672261141e-01 3.060432190420937781e-03
6.300089125000000422e+03 7.595837710633606132e-01 3.060432190420937781e-03
6.308086095000000569e+03 7.571532704261239033e-01 3.060432190420937781e-03
6.316083065000000715e+03 7.591488710446721022e-01 3.060432190420937781e-03
6.324080034999999953e+03 7.559668481816117502e-01 3.060432190420937781e-03
6.332077005000000099e+03 7.525220237967532588e-01 3.060432190420937781e-03
6.340073975000000246e+03 7.537902149503555860e-01 3.060432190420937781e-03
6.348070945000000393e+03 7.623221413805798541e-01 3.060432190420937781e-03
6.356067915000000539e+03 7.561688245755175952e-01 3.060432190420937781e-03
6.364064884999999776e+03 7.671782209389561569e-01 3.060432190420937781e-03
6.372061854999999923e+03 7.694140542497411861e-01 3.060432190420937781e-03
6.380058825000000070e+03 7.762245308165213187e-01 3.060432190420937781e-03
6.388055795000000217e+03 7.791350198117452663e-01 3.060432190420937781e-03
6.396052765000000363e+03 7.806921314370937059e-01 3.060432190420937781e-03
6.404049735000000510e+03 7.918453096167565874e-01 3.060432190420937781e-03
6.412046705000000657e+03 7.950306586873248094e-01 3.060432190420937781e-03
6.420043674999999894e+03 7.950561478976436725e-01 3.060432190420937781e-03
6.428040645000000040e+03 8.032611878795031801e-01 3.060432190420937781e-03
6.436037615000000187e+03 8.110572810196701177e-01 3.060432190420937781e-03
6.444034585000000334e+03 8.122243406596981741e-01 3.060432190420937781e-03
6.452031555000000481e+03 8.203271711644148922e-01 3.060432190420937781e-03
6.460028524999999718e+03 8.219314169011082694e-01 3.060432190420937781e-03
6.468025494999999864e+03 8.284893269974283880e-01 3.060432190420937781e-03
6.476022465000000011e+03 8.276202153312335330e-01 3.060432190420937781e-03
6.484019435000000158e+03 8.305330106088815167e-01 3.060432190420937781e-03
6.492016405000000304e+03 8.395022312350768345e-01 3.060432190420937781e-03
6.500013375000000451e+03 8.395409753247280449e-01 3.060432190420937781e-03
6.508010345000000598e+03 8.574332717593439179e-01 3.060432190420937781e-03
6.516007314999999835e+03 8.642638244218318055e-01 3.060432190420937781e-03
6.524004284999999982e+03 8.728525181433477442e-01 3.060432190420937781e-03
6.532001255000000128e+03 8.803572710244690347e-01 3.060432190420937781e-03
6.539998225000000275e+03 8.760033171606275149e-01 3.060432190420937781e-03
6.547995194999999512e+03 8.591833232233971884e-01 3.060432190420937781e-03
6.555992164999999659e+03 8.620795976019225426e-01 3.060432190420937781e-03
6.563989134999999806e+03 8.639893145275077124e-01 3.060432190420937781e-03
6.571986104999999952e+03 8.676599025556334110e-01 3.060432190420937781e-03
6.579983075000000099e+03 8.641857741678820037e-01 3.060432190420937781e-03
6.587980045000000246e+03 8.730918428467676629e-01 3.060432190420937781e-03
6.595977015000000392e+03 8.915154340471985739e-01 3.060432190420937781e-03
6.603973985000000539e+03 8.966471584234875225e-01 3.060432190420937781e-03
6.611970954999999776e+03 8.964269938315698738e-01 3.060432190420937781e-03
6.619967924999999923e+03 8.777697273227947905e-01 3.060432190420937781e-03
6.627964895000000070e+03 8.706208849983577691e-01 3.060432190420937781e-03
6.635961865000000216e+03 8.582074588982001595e-01 3.060432190420937781e-03
6.643958834999999453e+03 8.543090684106452448e-01 3.060432190420937781e-03
6.651955804999999600e+03 8.388233122586218338e-01 3.060432190420937781e-03
6.659952774999999747e+03 8.279704761407732372e-01 3.060432190420937781e-03
6.667949744999999893e+03 8.153298501839085777e-01 3.060432190420937781e-03
6.675946715000000040e+03 8.063878963957165080e-01 3.060432190420937781e-03
6.683943685000000187e+03 7.861401814592409165e-01 3.060432190420937781e-03
6.691940655000000334e+03 7.706475081397634597e-01 3.060432190420937781e-03
6.699937624999999571e+03 7.602486433367613428e-01 3.060432190420937781e-03
6.707934594999999717e+03 7.415918234318508162e-01 3.060432190420937781e-03
6.715931564999999864e+03 7.351332792958457096e-01 3.060432190420937781e-03
6.723928535000000011e+03 7.282015549733280579e-01 3.060432190420937781e-03
6.731925505000000157e+03 7.171197013840633350e-01 3.060432190420937781e-03
6.739922474999999395e+03 7.038921657499774831e-01 3.060432190420937781e-03
6.747919444999999541e+03 6.964106732945055667e-01 3.060432190420937781e-03
6.755916414999999688e+03 6.826490871739199218e-01 3.060432190420937781e-03
6.763913384999999835e+03 6.788599556014087710e-01 3.060432190420937781e-03
6.771910354999999981e+03 6.676731416130282648e-01 3.060432190420937781e-03
6.779907325000000128e+03 6.566547097033099689e-01 3.060432190420937781e-03
6.787904295000000275e+03 6.523199835416146897e-01 3.060432190420937781e-03
6.795901264999999512e+03 6.480300268014952403e-01 3.060432190420937781e-03
6.803898234999999659e+03 6.492383677067323777e-01 3.060432190420937781e-03
6.811895204999999805e+03 6.439149096656771043e-01 3.060432190420937781e-03
6.819892174999999952e+03 6.438563431486946653e-01 3.060432190420937781e-03
6.827889145000000099e+03 6.356033201058953752e-01 3.060432190420937781e-03
6.835886114999999336e+03 6.344208593461252432e-01 3.060432190420937781e-03
6.843883084999999483e+03 6.325770505231183005e-01 3.060432190420937781e-03
6.851880054999999629e+03 6.266257342166234867e-01 3.060432190420937781e-03
6.859877024999999776e+03 6.266136851318397927e-01 3.060432190420937781e-03
6.867873994999999923e+03 6.249492839228719676e-01 3.060432190420937781e-03
6.875870965000000069e+03 6.165129492100310804e-01 3.060432190420937781e-03
6.883867935000000216e+03 6.153974987389585483e-01 3.060432190420937781e-03
6.891864904999999453e+03 6.213600889706386576e-01 3.060432190420937781e-03
6.899861874999999600e+03 6.106469258378655063e-01 3.060432190420937781e-03
6.907858844999999747e+03 6.125816566933197649e-01 3.060432190420937781e-03
6.915855814999999893e+03 6.025597066206468400e-01 3.060432190420937781e-03
6.923852784999999130e+03 6.078542805157538531e-01 3.060432190420937781e-03
6.931849754999999277e+03 5.988945717285769632e-01 3.060432190420937781e-03
6.939846724999999424e+03 6.019721206192731877e-01 3.060432190420937781e-03
6.947843694999999570e+03 5.965068940641435891e-01 3.060432190420937781e-03
6.955840664999999717e+03 5.941567299291684590e-01 3.060432190420937781e-03
6.963837634999999864e+03 5.926404286141789823e-01 3.060432190420937781e-03
6.971834605000000010e+03 5.922845476646896312e-01 3.060432190420937781e-03
6.979831575000000157e+03 5.889929370419502153e-01 3.060432190420937781e-03
6.987828544999999394e+03 5.880771580052573944e-01 3.060432190420937781e-03
6.995825514999999541e+03 5.836340454799725519e-01 3.060432190420937781e-03
