6.204125485000000481e+03 7.096844499838864673e-01 3.060432190420937781e-03
6.212122455000000627e+03 7.040682798942071718e-01 3.060432190420937781e-03
6.220119425000000774e+03 7.029053973744131545e-01 3.060432190420937781e-03
6.228116395000000011e+03 7.076982523745842801e-01 3.060432190420937781e-03
6.236113365000000158e+03 7.053531014956804235e-01 3.060432190420937781e-03
6.244110335000000305e+03 6.998523790672028788e-01 3.060432190420937781e-03
6.252107305000000451e+03 6.985215741551059621e-01 3.060432190420937781e-03
6.260104275000000598e+03 6.956385532856456111e-01 3.060432190420937781e-03
6.268101244999999835e+03 6.961271836208764441e-01 3.060432190420937781e-03
6.276098214999999982e+03 6.962273980922141225e-01 3.060432190420937781e-03
6.284095185000000129e+03 6.869117121590121444e-01 3.060432190420937781e-03
6.292092155000000275e+03 6.921008782740545318e-01 3.060432190420937781e-03
6.300089125000000422e+03 6.898136104815504321e-01 3.060432190420937781e-03
6.308086095000000569e+03 6.866065271115318058e-01 3.060432190420937781e-03
6.316083065000000715e+03 6.894216988114636457e-01 3.060432190420937781e-03
6.324080034999999953e+03 6.857622540055809957e-01 3.060432190420937781e-03
6.332077005000000099e+03 6.839448795655930224e-01 3.060432190420937781e-03
6.340073975000000246e+03 6.830789848113837381e-01 3.060432190420937781e-03
6.348070945000000393e+03 6.892885597938409603e-01 3.060432190420937781e-03
6.356067915000000539e+03 6.877549589865711299e-01 3.060432190420937781e-03
6.364064884999999776e+03 6.903480298116436709e-01 3.060432190420937781e-03
6.372061854999999923e+03 6.984521940795118677e-01 3.060432190420937781e-03
6.380058825000000070e+03 7.070638134985750556e-01 3.060432190420937781e-03
6.388055795000000217e+03 7.084909558036796007e-01 3.060432190420937781e-03
6.396052765000000363e+03 7.137493405844622663e-01 3.060432190420937781e-03
6.404049735000000510e+03 7.207991908769315614e-01 3.060432190420937781e-03
6.412046705000000657e+03 7.211799549322609471e-01 3.060432190420937781e-03
6.420043674999999894e+03 7.304438110061618472e-01 3.060432190420937781e-03
6.428040645000000040e+03 7.338398251960123186e-01 3.060432190420937781e-03
6.436037615000000187e+03 7.456708093820273442e-01 3.060432190420937781e-03
6.444034585000000334e+03 7.489270851085468861e-01 3.060432190420937781e-03
6.452031555000000481e+03 7.529688455863897678e-01 3.060432190420937781e-03
6.460028524999999718e+03 7.558853629774878735e-01 3.060432190420937781e-03
6.468025494999999864e+03 7.663158825384881467e-01 3.060432190420937781e-03
6.476022465000000011e+03 7.584395837744521973e-01 3.060432190420937781e-03
6.484019435000000158e+03 7.677146267340690944e-01 3.060432190420937781e-03
6.492016405000000304e+03 7.764240716035321066e-01 3.060432190420937781e-03
6.500013375000000451e+03 7.704235210749916796e-01 3.060432190420937781e-03
6.508010345000000598e+03 7.987579201532485351e-01 3.060432190420937781e-03
6.516007314999999835e+03 8.037238983142018789e-01 3.060432190420937781e-03
6.524004284999999982e+03 8.199489381024671619e-01 3.060432190420937781e-03
6.532001255000000128e+03 8.094932243503299985e-01 3.060432190420937781e-03
6.539998225000000275e+03 8.028161539768124966e-01 3.060432190420937781e-03
6.547995194999999512e+03 7.945097522098139020e-01 3.060432190420937781e-03
6.555992164999999659e+03 7.976124310996497435e-01 3.060432190420937781e-03
6.563989134999999806e+03 7.956608483344362881e-01 3.060432190420937781e-03
6.571986104999999952e+03 8.053037151681565753e-01 3.060432190420937781e-03
6.579983075000000099e+03 8.052572356856240177e-01 3.060432190420937781e-03
6.587980045000000246e+03 8.150991495235406781e-01 3.060432190420937781e-03
6.595977015000000392e+03 8.416708872786857754e-01 3.060432190420937781e-03
6.603973985000000539e+03 8.390750393161811038e-01 3.060432190420937781e-03
6.611970954999999776e+03 8.244419445578494710e-01 3.060432190420937781e-03
6.619967924999999923e+03 8.168465466014245280e-01 3.060432190420937781e-03
6.627964895000000070e+03 8.012493795246858896e-01 3.060432190420937781e-03
6.635961865000000216e+03 7.962775885968457201e-01 3.060432190420937781e-03
6.643958834999999453e+03 7.890758499387240388e-01 3.060432190420937781e-03
6.651955804999999600e+03 7.795346396878160000e-01 3.060432190420937781e-03
6.659952774999999747e+03 7.669586908983884177e-01 3.060432190420937781e-03
6.667949744999999893e+03 7.470194059607465631e-01 3.060432190420937781e-03
6.675946715000000040e+03 7.370427546913351780e-01 3.060432190420937781e-03
6.683943685000000187e+03 7.273801876249827991e-01 3.060432190420937781e-03
6.691940655000000334e+03 7.117540530380220831e-01 3.060432190420937781e-03
6.699937624999999571e+03 6.969168102660231456e-01 3.060432190420937781e-03
6.707934594999999717e+03 6.865817239740621414e-01 3.060432190420937781e-03
6.715931564999999864e+03 6.784720872036612560e-01 3.060432190420937781e-03
6.723928535000000011e+03 6.656888864264337569e-01 3.060432190420937781e-03
6.731925505000000157e+03 6.493002501696526485e-01 3.060432190420937781e-03
6.739922474999999395e+03 6.465588170595681916e-01 3.060432190420937781e-03
6.747919444999999541e+03 6.384724464855617843e-01 3.060432190420937781e-03
6.755916414999999688e+03 6.241844020622331346e-01 3.060432190420937781e-03
6.763913384999999835e+03 6.106230028191851344e-01 3.060432190420937781e-03
6.771910354999999981e+03 6.101724133076880108e-01 3.060432190420937781e-03
6.779907325000000128e+03 6.025868254219433062e-01 3.060432190420937781e-03
6.787904295000000275e+03 5.998538335417400447e-01 3.060432190420937781e-03
6.795901264999999512e+03 5.935978001237762758e-01 3.060432190420937781e-03
6.803898234999999659e+03 5.889083131660375336e-01 3.060432190420937781e-03
6.811895204999999805e+03 5.812500694890979647e-01 3.060432190420937781e-03
6.819892174999999952e+03 5.743413810921369489e-01 3.060432190420937781e-03
6.827889145000000099e+03 5.789164508156844358e-01 3.060432190420937781e-03
6.835886114999999336e+03 5.767146870820821780e-01 3.060432190420937781e-03
6.843883084999999483e+03 5.762347914113413738e-01 3.060432190420937781e-03
6.851880054999999629e+03 5.698836813182549532e-01 3.060432190420937781e-03
6.859877024999999776e+03 5.707075711107508775e-01 3.060432190420937781e-03
6.867873994999999923e+03 5.676132095525495691e-01 3.060432190420937781e-03
6.875870965000000069e+03 5.663902018157827012e-01 3.060432190420937781e-03
6.883867935000000216e+03 5.629842802206947994e-01 3.060432190420937781e-03
6.891864904999999453e+03 5.650878637445110320e-01 3.060432190420937781e-03
6.899861874999999600e+03 5.573210492518874126e-01 3.060432190420937781e-03
6.907858844999999747e+03 5.495185021671826764e-01 3.060432190420937781e-03
6.915855814999999893e+03 5.560710178233391199e-01 3.060432190420937781e-03
6.923852784999999130e+03 5.479853012521964661e-01 3.060432190420937781e-03
6.931849754999999277e+03 5.550151700193307613e-01 3.060432190420937781e-03
6.939846724999999424e+03 5.463280341942130525e-01 3.060432190420937781e-03
6.947843694999999570e+03 5.461820214464903067e-01 3.060432190420937781e-03
6.955840664999999717e+03 5.366226595782265241e-01 3.060432190420937781e-03
6.963837634999999864e+03 5.369405240644484767e-01 3.060432190420937781e-03
6.971834605000000010e+03 5.319874281242087388e-01 3.060432190420937781e-03
6.979831575000000157e+03 5.361394274589668107e-01 3.060432190420937781e-03
6.987828544999999394e+03 5.293741097679913743e-01 3.060432190420937781e-03
6.995825514999999541e+03 5.269113206235704894e-01 3.060432190420937781e-03
