6.204125485000000481e+03 8.057724126637564321e-01 3.060432190420937781e-03
6.212122455000000627e+03 8.051310601038859094e-01 3.060432190420937781e-03
6.220119425000000774e+03 7.995054854872553074e-01 3.060432190420937781e-03
6.228116395000000011e+03 7.951690410583118762e-01 3.060432190420937781e-03
6.236113365000000158e+03 8.016388838465232647e-01 3.060432190420937781e-03
6.244110335000000305e+03 7.991717180497349693e-01 3.060432190420937781e-03
6.252107305000000451e+03 7.941053935164337219e-01 3.060432190420937781e-03
6.260104275000000598e+03 7.979816870660298989e-01 3.060432190420937781e-03
6.268101244999999835e+03 7.979564871850404195e-01 3.060432190420937781e-03
6.276098214999999982e+03 7.969803287166329353e-01 3.060432190420937781e-03
6.284095185000000129e+03 7.839530734966344561e-01 3.060432190420937781e-03
6.292092155000000275e+03 7.888043022735073961e-01 3.060432190420937781e-03
6.300089125000000422e+03 7.882043187117176997e-01 3.060432190420937781e-03
6.308086095000000569e+03 7.911006292260374106e-01 3.060432190420937781e-03
6.316083065000000715e+03 7.813667096510334975e-01 3.060432190420937781e-03
6.324080034999999953e+03 7.814234050540321830e-01 3.060432190420937781e-03
6.332077005000000099e+03 7.785500144372011766e-01 3.060432190420937781e-03
6.340073975000000246e+03 7.833154723258660690e-01 3.060432190420937781e-03
6.348070945000000393e+03 7.875116042642978931e-01 3.060432190420937781e-03
6.356067915000000539e+03 7.873190982180451325e-01 3.060432190420937781e-03
6.364064884999999776e+03 7.902329165530037614e-01 3.060432190420937781e-03
6.372061854999999923e+03 7.921338713806754805e-01 3.060432190420937781e-03
6.380058825000000070e+03 7.921924284356448576e-01 3.060432190420937781e-03
6.388055795000000217e+03 8.023447109937428268e-01 3.060432190420937781e-03
6.396052765000000363e+03 8.045933101693651945e-01 3.060432190420937781e-03
6.404049735000000510e+03 8.081487291806628281e-01 3.060432190420937781e-03
6.412046705000000657e+03 8.086442546586674052e-01 3.060432190420937781e-03
6.420043674999999894e+03 8.138846222339973790e-01 3.060432190420937781e-03
6.428040645000000040e+03 8.130300402184131858e-01 3.060432190420937781e-03
6.436037615000000187e+03 8.232753754234376498e-01 3.060432190420937781e-03
6.444034585000000334e+03 8.312522421693163688e-01 3.060432190420937781e-03
6.452031555000000481e+03 8.333375101380406935e-01 3.060432190420937781e-03
6.460028524999999718e+03 8.378892582079631168e-01 3.060432190420937781e-03
6.468025494999999864e+03 8.344364376871384881e-01 3.060432190420937781e-03
6.476022465000000011e+03 8.410813039532908375e-01 3.060432190420937781e-03
6.484019435000000158e+03 8.519896217087089552e-01 3.060432190420937781e-03
6.492016405000000304e+03 8.499504761272369535e-01 3.060432190420937781e-03
6.500013375000000451e+03 8.579477735391408677e-01 3.060432190420937781e-03
6.508010345000000598e+03 8.766764952270201805e-01 3.060432190420937781e-03
6.516007314999999835e+03 8.936459078327164685e-01 3.060432190420937781e-03
6.524004284999999982e+03 9.061873860675166981e-01 3.060432190420937781e-03
6.532001255000000128e+03 8.989414645952946703e-01 3.060432190420937781e-03
6.539998225000000275e+03 8.826085435888838537e-01 3.060432190420937781e-03
6.547995194999999512e+03 8.832575496220224087e-01 3.060432190420937781e-03
6.555992164999999659e+03 8.930188702950320190e-01 3.060432190420937781e-03
6.563989134999999806e+03 8.875661698933741128e-01 3.060432190420937781e-03
6.571986104999999952e+03 8.811037999692229450e-01 3.060432190420937781e-03
6.579983075000000099e+03 8.888999002046940046e-01 3.060432190420937781e-03
6.587980045000000246e+03 8.938403684130650229e-01 3.060432190420937781e-03
6.595977015000000392e+03 9.171162829768201297e-01 3.060432190420937781e-03
6.603973985000000539e+03 9.098268089816575754e-01 3.060432190420937781e-03
6.611970954999999776e+03 9.115836348828449953e-01 3.060432190420937781e-03
6.619967924999999923e+03 8.926996970665006526e-01 3.060432190420937781e-03
6.627964895000000070e+03 8.787189760720486298e-01 3.060432190420937781e-03
6.635961865000000216e+03 8.651960612860490896e-01 3.060432190420937781e-03
6.643958834999999453e+03 8.558114165842889420e-01 3.060432190420937781e-03
6.651955804999999600e+03 8.348608185295695039e-01 3.060432190420937781e-03
6.659952774999999747e+03 8.317046296281817019e-01 3.060432190420937781e-03
6.667949744999999893e+03 8.185442684031279947e-01 3.060432190420937781e-03
6.675946715000000040e+03 8.093231393245762240e-01 3.060432190420937781e-03
6.683943685000000187e+03 7.955434610241288729e-01 3.060432190420937781e-03
6.691940655000000334e+03 7.834675467529241821e-01 3.060432190420937781e-03
6.699937624999999571e+03 7.692318355109458716e-01 3.060432190420937781e-03
6.707934594999999717e+03 7.594188990844409348e-01 3.060432190420937781e-03
6.715931564999999864e+03 7.586286077275588013e-01 3.060432190420937781e-03
6.723928535000000011e+03 7.394470080137527379e-01 3.060432190420937781e-03
6.731925505000000157e+03 7.343176019105850383e-01 3.060432190420937781e-03
6.739922474999999395e+03 7.216148525499264110e-01 3.060432190420937781e-03
6.747919444999999541e+03 7.148303604376373688e-01 3.060432190420937781e-03
6.755916414999999688e+03 7.066278556886490536e-01 3.060432190420937781e-03
6.763913384999999835e+03 6.994943436306251261e-01 3.060432190420937781e-03
6.771910354999999981e+03 6.894640309884544349e-01 3.060432190420937781e-03
6.779907325000000128e+03 6.906391556131757925e-01 3.060432190420937781e-03
6.787904295000000275e+03 6.733784573453338584e-01 3.060432190420937781e-03
6.795901264999999512e+03 6.827840744593394184e-01 3.060432190420937781e-03
6.803898234999999659e+03 6.675333077936072002e-01 3.060432190420937781e-03
6.811895204999999805e+03 6.653819785194309278e-01 3.060432190420937781e-03
6.819892174999999952e+03 6.603242657943096949e-01 3.060432190420937781e-03
6.827889145000000099e+03 6.613395921244240583e-01 3.060432190420937781e-03
6.835886114999999336e+03 6.544103435732815388e-01 3.060432190420937781e-03
6.843883084999999483e+03 6.524465489980422195e-01 3.060432190420937781e-03
6.851880054999999629e+03 6.476957508965401900e-01 3.060432190420937781e-03
6.859877024999999776e+03 6.432290556042227214e-01 3.060432190420937781e-03
6.867873994999999923e+03 6.436930988692461941e-01 3.060432190420937781e-03
6.875870965000000069e+03 6.416890856516840325e-01 3.060432190420937781e-03
6.883867935000000216e+03 6.438652283033710066e-01 3.060432190420937781e-03
6.891864904999999453e+03 6.385581940984653704e-01 3.060432190420937781e-03
6.899861874999999600e+03 6.382886766009550072e-01 3.060432190420937781e-03
6.907858844999999747e+03 6.352113018360390218e-01 3.060432190420937781e-03
6.915855814999999893e+03 6.297376650106818463e-01 3.060432190420937781e-03
6.923852784999999130e+03 6.311015349674833352e-01 3.060432190420937781e-03
6.931849754999999277e+03 6.221829711063975310e-01 3.060432190420937781e-03
6.939846724999999424e+03 6.210881225566562414e-01 3.060432190420937781e-03
6.947843694999999570e+03 6.160401785040475753e-01 3.060432190420937781e-03
6.955840664999999717e+03 6.171795527467296427e-01 3.060432190420937781e-03
6.963837634999999864e+03 6.134912774679845970e-01 3.060432190420937781e-03
6.971834605000000010e+03 6.115837682465159464e-01 3.060432190420937781e-03
6.979831575000000157e+03 6.019817697064840933e-01 3.060432190420937781e-03
6.987828544999999394e+03 6.072631553224601131e-01 3.060432190420937781e-03
6.995825514999999541e+03 6.056853052070413357e-01 3.060432190420937781e-03
