6.204125485000000481e+03 6.394613355181326675e-01 3.060432190420937781e-03
6.212122455000000627e+03 6.328206283416659694e-01 3.060432190420937781e-03
6.220119425000000774e+03 6.348548446471726781e-01 3.060432190420937781e-03
6.228116395000000011e+03 6.342897459099351432e-01 3.060432190420937781e-03
6.236113365000000158e+03 6.371360784074214800e-01 3.060432190420937781e-03
6.244110335000000305e+03 6.290015147202066004e-01 3.060432190420937781e-03
6.252107305000000451e+03 6.236160569387954045e-01 3.060432190420937781e-03
6.260104275000000598e+03 6.293512784891973633e-01 3.060432190420937781e-03
6.268101244999999835e+03 6.306806605586261494e-01 3.060432190420937781e-03
6.276098214999999982e+03 6.291433032609881071e-01 3.060432190420937781e-03
6.284095185000000129e+03 6.213790005240876768e-01 3.060432190420937781e-03
6.292092155000000275e+03 6.224962361733157312e-01 3.060432190420937781e-03
6.300089125000000422e+03 6.198751797697357180e-01 3.060432190420937781e-03
6.308086095000000569e+03 6.264881165937000729e-01 3.060432190420937781e-03
6.316083065000000715e+03 6.204886944959551176e-01 3.060432190420937781e-03
6.324080034999999953e+03 6.188205638112935780e-01 3.060432190420937781e-03
6.332077005000000099e+03 6.205887517375052731e-01 3.060432190420937781e-03
6.340073975000000246e+03 6.165911766550328243e-01 3.060432190420937781e-03
6.348070945000000393e+03 6.257197630648876352e-01 3.060432190420937781e-03
6.356067915000000539e+03 6.290632869576529007e-01 3.060432190420937781e-03
6.364064884999999776e+03 6.345273711120340554e-01 3.060432190420937781e-03
6.372061854999999923e+03 6.302343567888424314e-01 3.060432190420937781e-03
6.380058825000000070e+03 6.400204860766997017e-01 3.060432190420937781e-03
6.388055795000000217e+03 6.416221697043688055e-01 3.060432190420937781e-03
6.396052765000000363e+03 6.514375807224276338e-01 3.060432190420937781e-03
6.404049735000000510e+03 6.481948598847599996e-01 3.060432190420937781e-03
6.412046705000000657e+03 6.596587917442755522e-01 3.060432190420937781e-03
6.420043674999999894e+03 6.598271495378486007e-01 3.060432190420937781e-03
6.428040645000000040e+03 6.665932754913370673e-01 3.060432190420937781e-03
6.436037615000000187e+03 6.715519074644243913e-01 3.060432190420937781e-03
6.444034585000000334e+03 6.806543253663371873e-01 3.060432190420937781e-03
6.452031555000000481e+03 6.842671342253849875e-01 3.060432190420937781e-03
6.460028524999999718e+03 6.939735327682304833e-01 3.060432190420937781e-03
6.468025494999999864e+03 6.917732788384959308e-01 3.060432190420937781e-03
6.476022465000000011e+03 6.930729111720576041e-01 3.060432190420937781e-03
6.484019435000000158e+03 7.056575668080379282e-01 3.060432190420937781e-03
6.492016405000000304e+03 7.021275908205871774e-01 3.060432190420937781e-03
6.500013375000000451e+03 7.178973410370128594e-01 3.060432190420937781e-03
6.508010345000000598e+03 7.344366364043541928e-01 3.060432190420937781e-03
6.516007314999999835e+03 7.462802690089083146e-01 3.060432190420937781e-03
6.524004284999999982e+03 7.529974750655116233e-01 3.060432190420937781e-03
6.532001255000000128e+03 7.555985133226793549e-01 3.060432190420937781e-03
6.539998225000000275e+03 7.373005419122665716e-01 3.060432190420937781e-03
6.547995194999999512e+03 7.375105831186649086e-01 3.060432190420937781e-03
6.555992164999999659e+03 7.325554478788719459e-01 3.060432190420937781e-03
6.563989134999999806e+03 7.327565178592951867e-01 3.060432190420937781e-03
6.571986104999999952e+03 7.436555294199747035e-01 3.060432190420937781e-03
6.579983075000000099e+03 7.428776466430109249e-01 3.060432190420937781e-03
6.587980045000000246e+03 7.519049766449156236e-01 3.060432190420937781e-03
6.595977015000000392e+03 7.722154664453936279e-01 3.060432190420937781e-03
6.603973985000000539e+03 7.746400343816334244e-01 3.060432190420937781e-03
6.611970954999999776e+03 7.694662392465163592e-01 3.060432190420937781e-03
6.619967924999999923e+03 7.547431908793247324e-01 3.060432190420937781e-03
6.627964895000000070e+03 7.401432629627837656e-01 3.060432190420937781e-03
6.635961865000000216e+03 7.387201587890952492e-01 3.060432190420937781e-03
6.643958834999999453e+03 7.288590428069084970e-01 3.060432190420937781e-03
6.651955804999999600e+03 7.132962650738765564e-01 3.060432190420937781e-03
6.659952774999999747e+03 6.948537791122181284e-01 3.060432190420937781e-03
6.667949744999999893e+03 6.848089863843179748e-01 3.060432190420937781e-03
6.675946715000000040e+03 6.794543239671368973e-01 3.060432190420937781e-03
6.683943685000000187e+03 6.646481088504145873e-01 3.060432190420937781e-03
6.691940655000000334e+03 6.512890285387231692e-01 3.060432190420937781e-03
6.699937624999999571e+03 6.317866099688579373e-01 3.060432190420937781e-03
6.707934594999999717e+03 6.286870470175621728e-01 3.060432190420937781e-03
6.715931564999999864e+03 6.197751968609221951e-01 3.060432190420937781e-03
6.723928535000000011e+03 6.044759917526826287e-01 3.060432190420937781e-03
6.731925505000000157e+03 5.904212438224675230e-01 3.060432190420937781e-03
6.739922474999999395e+03 5.866384663608439354e-01 3.060432190420937781e-03
6.747919444999999541e+03 5.725747485822082483e-01 3.060432190420937781e-03
6.755916414999999688e+03 5.639575783537092990e-01 3.060432190420937781e-03
6.763913384999999835e+03 5.587276730162760163e-01 3.060432190420937781e-03
6.771910354999999981e+03 5.527781296666058886e-01 3.060432190420937781e-03
6.779907325000000128e+03 5.418093159308924323e-01 3.060432190420937781e-03
6.787904295000000275e+03 5.404282777720154085e-01 3.060432190420937781e-03
6.795901264999999512e+03 5.349867643474393031e-01 3.060432190420937781e-03
6.803898234999999659e+03 5.308062600495394578e-01 3.060432190420937781e-03
6.811895204999999805e+03 5.266457315194236211e-01 3.060432190420937781e-03
6.819892174999999952e+03 5.260884443755704520e-01 3.060432190420937781e-03
6.827889145000000099e+03 5.237076463015103434e-01 3.060432190420937781e-03
6.835886114999999336e+03 5.197791929869545191e-01 3.060432190420937781e-03
6.843883084999999483e+03 5.198826216431680081e-01 3.060432190420937781e-03
6.851880054999999629e+03 5.116650921722398770e-01 3.060432190420937781e-03
6.859877024999999776e+03 5.082797138438303053e-01 3.060432190420937781e-03
6.867873994999999923e+03 5.075807230176253571e-01 3.060432190420937781e-03
6.875870965000000069e+03 5.109583287711226829e-01 3.060432190420937781e-03
6.883867935000000216e+03 5.036625818229220064e-01 3.060432190420937781e-03
6.891864904999999453e+03 5.063746706707967782e-01 3.060432190420937781e-03
6.899861874999999600e+03 5.057349660207680619e-01 3.060432190420937781e-03
6.907858844999999747e+03 4.989720197757521736e-01 3.060432190420937781e-03
6.915855814999999893e+03 4.994831062216668061e-01 3.060432190420937781e-03
6.923852784999999130e+03 4.946416885406059727e-01 3.060432190420937781e-03
6.931849754999999277e+03 4.944254790660236321e-01 3.060432190420937781e-03
6.939846724999999424e+03 4.862737391079482996e-01 3.060432190420937781e-03
6.947843694999999570e+03 4.899769699922481014e-01 3.060432190420937781e-03
6.955840664999999717e+03 4.872126964691849138e-01 3.060432190420937781e-03
6.963837634999999864e+03 4.849414586734742683e-01 3.060432190420937781e-03
6.971834605000000010e+03 4.794768186171665114e-01 3.060432190420937781e-03
6.979831575000000157e+03 4.838571103575541321e-01 3.060432190420937781e-03
6.987828544999999394e+03 4.816345628549887348e-01 3.060432190420937781e-03
6.995825514999999541e+03 4.815344263440370920e-01 3.060432190420937781e-03
