6.204125485000000481e+03 8.311647220929114788e-01 3.060432190420937781e-03
6.212122455000000627e+03 8.304919992448600574e-01 3.060432190420937781e-03
6.220119425000000774e+03 8.271080624087013833e-01 3.060432190420937781e-03
6.228116395000000011e+03 8.241476462798000835e-01 3.060432190420937781e-03
6.236113365000000158e+03 8.239893088951285582e-01 3.060432190420937781e-03
6.244110335000000305e+03 8.200562236422943574e-01 3.060432190420937781e-03
6.252107305000000451e+03 8.177455242712590167e-01 3.060432190420937781e-03
6.260104275000000598e+03 8.191158273539125290e-01 3.060432190420937781e-03
6.268101244999999835e+03 8.223910505281256667e-01 3.060432190420937781e-03
6.276098214999999982e+03 8.141680732934114539e-01 3.060432190420937781e-03
6.284095185000000129e+03 8.068523676330314753e-01 3.060432190420937781e-03
6.292092155000000275e+03 8.184242352572441703e-01 3.060432190420937781e-03
6.300089125000000422e+03 8.068474916347153636e-01 3.060432190420937781e-03
6.308086095000000569e+03 8.124727485965559381e-01 3.060432190420937781e-03
6.316083065000000715e+03 8.115268279675591501e-01 3.060432190420937781e-03
6.324080034999999953e+03 8.051396203032709087e-01 3.060432190420937781e-03
6.332077005000000099e+03 8.048737428629971769e-01 3.060432190420937781e-03
6.340073975000000246e+03 8.042447938107769589e-01 3.060432190420937781e-03
6.348070945000000393e+03 8.042675582316822780e-01 3.060432190420937781e-03
6.356067915000000539e+03 8.086625406762889545e-01 3.060432190420937781e-03
6.364064884999999776e+03 8.152098704301858900e-01 3.060432190420937781e-03
6.372061854999999923e+03 8.133119563671028507e-01 3.060432190420937781e-03
6.380058825000000070e+03 8.165036151800855180e-01 3.060432190420937781e-03
6.388055795000000217e+03 8.318171794304248801e-01 3.060432190420937781e-03
6.396052765000000363e+03 8.300600476471265976e-01 3.060432190420937781e-03
6.404049735000000510e+03 8.348485272107184496e-01 3.060432190420937781e-03
6.412046705000000657e+03 8.390618247302592536e-01 3.060432190420937781e-03
6.420043674999999894e+03 8.438422683707024197e-01 3.060432190420937781e-03
6.428040645000000040e+03 8.439022446289961010e-01 3.060432190420937781e-03
6.436037615000000187e+03 8.506397189363718025e-01 3.060432190420937781e-03
6.444034585000000334e+03 8.542084979459221294e-01 3.060432190420937781e-03
6.452031555000000481e+03 8.532725015910087585e-01 3.060432190420937781e-03
6.460028524999999718e+03 8.549524432584342248e-01 3.060432190420937781e-03
6.468025494999999864e+03 8.611091928824028408e-01 3.060432190420937781e-03
6.476022465000000011e+03 8.728040485193433451e-01 3.060432190420937781e-03
6.484019435000000158e+03 8.668818867665799566e-01 3.060432190420937781e-03
6.492016405000000304e+03 8.740323704563782714e-01 3.060432190420937781e-03
6.500013375000000451e+03 8.804526234093483783e-01 3.060432190420937781e-03
6.508010345000000598e+03 9.022317255486176357e-01 3.060432190420937781e-03
6.516007314999999835e+03 9.101799780626766978e-01 3.060432190420937781e-03
6.524004284999999982e+03 9.265051544203417588e-01 3.060432190420937781e-03
6.532001255000000128e+03 9.174964929550118997e-01 3.060432190420937781e-03
6.539998225000000275e+03 9.054795396845448652e-01 3.060432190420937781e-03
6.547995194999999512e+03 9.076520745578851024e-01 3.060432190420937781e-03
6.555992164999999659e+03 9.067233279401466506e-01 3.060432190420937781e-03
6.563989134999999806e+03 9.056043973978658013e-01 3.060432190420937781e-03
6.571986104999999952e+03 9.072750360307505479e-01 3.060432190420937781e-03
6.579983075000000099e+03 9.118270140801276735e-01 3.060432190420937781e-03
6.587980045000000246e+03 9.251047407567908332e-01 3.060432190420937781e-03
6.595977015000000392e+03 9.316833439846055054e-01 3.060432190420937781e-03
6.603973985000000539e+03 9.366018756594332029e-01 3.060432190420937781e-03
6.611970954999999776e+03 9.266556360742801424e-01 3.060432190420937781e-03
6.619967924999999923e+03 9.181800504010185771e-01 3.060432190420937781e-03
6.627964895000000070e+03 9.000379461020540095e-01 3.060432190420937781e-03
6.635961865000000216e+03 8.933529848556721609e-01 3.060432190420937781e-03
6.643958834999999453e+03 8.821388912127064996e-01 3.060432190420937781e-03
6.651955804999999600e+03 8.714595047823859852e-01 3.060432190420937781e-03
6.659952774999999747e+03 8.521871219073018366e-01 3.060432190420937781e-03
6.667949744999999893e+03 8.467809843721141316e-01 3.060432190420937781e-03
6.675946715000000040e+03 8.381937093064542044e-01 3.060432190420937781e-03
6.683943685000000187e+03 8.255832762722495888e-01 3.060432190420937781e-03
6.691940655000000334e+03 8.109456624130412239e-01 3.060432190420937781e-03
6.699937624999999571e+03 8.030666766812560864e-01 3.060432190420937781e-03
6.707934594999999717e+03 7.879167290261100964e-01 3.060432190420937781e-03
6.715931564999999864e+03 7.786457748443088578e-01 3.060432190420937781e-03
6.723928535000000011e+03 7.731428389180640126e-01 3.060432190420937781e-03
6.731925505000000157e+03 7.594643074262957816e-01 3.060432190420937781e-03
6.739922474999999395e+03 7.435767225037228645e-01 3.060432190420937781e-03
6.747919444999999541e+03 7.357875987869670897e-01 3.060432190420937781e-03
6.755916414999999688e+03 7.248840562777443264e-01 3.060432190420937781e-03
6.763913384999999835e+03 7.219991412665675012e-01 3.060432190420937781e-03
6.771910354999999981e+03 7.066740959693179613e-01 3.060432190420937781e-03
6.779907325000000128e+03 7.024927590869549654e-01 3.060432190420937781e-03
6.787904295000000275e+03 6.968633099155473465e-01 3.060432190420937781e-03
6.795901264999999512e+03 6.906575859353474289e-01 3.060432190420937781e-03
6.803898234999999659e+03 6.895176119849724117e-01 3.060432190420937781e-03
6.811895204999999805e+03 6.812947463924824421e-01 3.060432190420937781e-03
6.819892174999999952e+03 6.842689458149432413e-01 3.060432190420937781e-03
6.827889145000000099e+03 6.771283196784964042e-01 3.060432190420937781e-03
6.835886114999999336e+03 6.792648322965797458e-01 3.060432190420937781e-03
6.843883084999999483e+03 6.775198217862322680e-01 3.060432190420937781e-03
6.851880054999999629e+03 6.634308080827485687e-01 3.060432190420937781e-03
6.859877024999999776e+03 6.623488046159066167e-01 3.060432190420937781e-03
6.867873994999999923e+03 6.643583364285137183e-01 3.060432190420937781e-03
6.875870965000000069e+03 6.626977524695133459e-01 3.060432190420937781e-03
6.883867935000000216e+03 6.603583947083091488e-01 3.060432190420937781e-03
6.891864904999999453e+03 6.564331522389985629e-01 3.060432190420937781e-03
6.899861874999999600e+03 6.580074124644803568e-01 3.060432190420937781e-03
6.907858844999999747e+03 6.461163511299431450e-01 3.060432190420937781e-03
6.915855814999999893e+03 6.539582302397536351e-01 3.060432190420937781e-03
6.923852784999999130e+03 6.452051976237577202e-01 3.060432190420937781e-03
6.931849754999999277e+03 6.523589295973719615e-01 3.060432190420937781e-03
6.939846724999999424e+03 6.414036876659794384e-01 3.060432190420937781e-03
6.947843694999999570e+03 6.426747621118727993e-01 3.060432190420937781e-03
6.955840664999999717e+03 6.405311034191789599e-01 3.060432190420937781e-03
6.963837634999999864e+03 6.335455615045251232e-01 3.060432190420937781e-03
6.971834605000000010e+03 6.328117172484469810e-01 3.060432190420937781e-03
6.979831575000000157e+03 6.260694628613908685e-01 3.060432190420937781e-03
6.987828544999999394e+03 6.245210825049675174e-01 3.060432190420937781e-03
6.995825514999999541e+03 6.267624961049993448e-01 3.060432190420937781e-03
