6.204125485000000481e+03 6.794330366628180684e-01 3.060432190420937781e-03
6.212122455000000627e+03 6.771318960837136025e-01 3.060432190420937781e-03
6.220119425000000774e+03 6.778949066955050062e-01 3.060432190420937781e-03
6.228116395000000011e+03 6.761018168031669440e-01 3.060432190420937781e-03
6.236113365000000158e+03 6.774556788173953237e-01 3.060432190420937781e-03
6.244110335000000305e+03 6.781067665356359520e-01 3.060432190420937781e-03
6.252107305000000451e+03 6.692203253635258253e-01 3.060432190420937781e-03
6.260104275000000598e+03 6.753102125105006071e-01 3.060432190420937781e-03
6.268101244999999835e+03 6.710232788725488673e-01 3.060432190420937781e-03
6.276098214999999982e+03 6.706658535325913384e-01 3.060432190420937781e-03
6.284095185000000129e+03 6.670593593131121102e-01 3.060432190420937781e-03
6.292092155000000275e+03 6.679209225429179053e-01 3.060432190420937781e-03
6.300089125000000422e+03 6.629945444133797938e-01 3.060432190420937781e-03
6.308086095000000569e+03 6.682419998180822995e-01 3.060432190420937781e-03
6.316083065000000715e+03 6.572228025498196846e-01 3.060432190420937781e-03
6.324080034999999953e+03 6.575171473909668940e-01 3.060432190420937781e-03
6.332077005000000099e+03 6.597620339281576873e-01 3.060432190420937781e-03
6.340073975000000246e+03 6.591798320077977280e-01 3.060432190420937781e-03
6.348070945000000393e+03 6.606965436005587389e-01 3.060432190420937781e-03
6.356067915000000539e+03 6.689792986365692418e-01 3.060432190420937781e-03
6.364064884999999776e+03 6.749951857978508940e-01 3.060432190420937781e-03
6.372061854999999923e+03 6.825030981767555849e-01 3.060432190420937781e-03
6.380058825000000070e+03 6.816996103848398381e-01 3.060432190420937781e-03
6.388055795000000217e+03 6.895511864785106582e-01 3.060432190420937781e-03
6.396052765000000363e+03 6.942096188337345541e-01 3.060432190420937781e-03
6.404049735000000510e+03 6.965945752528419632e-01 3.060432190420937781e-03
6.412046705000000657e+03 7.038829249305357250e-01 3.060432190420937781e-03
6.420043674999999894e+03 7.053580163106895062e-01 3.060432190420937781e-03
6.428040645000000040e+03 7.121626149392664695e-01 3.060432190420937781e-03
6.436037615000000187e+03 7.168933285340860495e-01 3.060432190420937781e-03
6.444034585000000334e+03 7.199131500681410500e-01 3.060432190420937781e-03
6.452031555000000481e+03 7.340177588011109755e-01 3.060432190420937781e-03
6.460028524999999718e+03 7.328628415582485456e-01 3.060432190420937781e-03
6.468025494999999864e+03 7.372118626529926555e-01 3.060432190420937781e-03
6.476022465000000011e+03 7.386548147463133374e-01 3.060432190420937781e-03
6.484019435000000158e+03 7.497938737251607089e-01 3.060432190420937781e-03
6.492016405000000304e+03 7.510269576463703967e-01 3.060432190420937781e-03
6.500013375000000451e+03 7.536468850815914999e-01 3.060432190420937781e-03
6.508010345000000598e+03 7.680576866199561037e-01 3.060432190420937781e-03
6.516007314999999835e+03 7.785390710175416062e-01 3.060432190420937781e-03
6.524004284999999982e+03 7.855482241994996562e-01 3.060432190420937781e-03
6.532001255000000128e+03 7.905483983559107308e-01 3.060432190420937781e-03
6.539998225000000275e+03 7.805608967180340807e-01 3.060432190420937781e-03
6.547995194999999512e+03 7.765445368151747685e-01 3.060432190420937781e-03
6.555992164999999659e+03 7.772958958014667408e-01 3.060432190420937781e-03
6.563989134999999806e+03 7.785784899381731350e-01 3.060432190420937781e-03
6.571986104999999952e+03 7.731211043447342446e-01 3.060432190420937781e-03
6.579983075000000099e+03 7.758475915980852511e-01 3.060432190420937781e-03
6.587980045000000246e+03 7.890507406877919072e-01 3.060432190420937781e-03
6.595977015000000392e+03 8.112985333960349710e-01 3.060432190420937781e-03
6.603973985000000539e+03 8.103587940460814654e-01 3.060432190420937781e-03
6.611970954999999776e+03 8.122498481932498571e-01 3.060432190420937781e-03
6.619967924999999923e+03 8.038575107980109324e-01 3.060432190420937781e-03
6.627964895000000070e+03 7.806294903596238122e-01 3.060432190420937781e-03
6.635961865000000216e+03 7.748852674886277381e-01 3.060432190420937781e-03
6.643958834999999453e+03 7.698839331082485415e-01 3.060432190420937781e-03
6.651955804999999600e+03 7.633675513820961100e-01 3.060432190420937781e-03
6.659952774999999747e+03 7.467102787012895870e-01 3.060432190420937781e-03
6.667949744999999893e+03 7.309607685971298840e-01 3.060432190420937781e-03
6.675946715000000040e+03 7.217726279409923951e-01 3.060432190420937781e-03
6.683943685000000187e+03 7.028960357276713422e-01 3.060432190420937781e-03
6.691940655000000334e+03 6.935626626100011016e-01 3.060432190420937781e-03
6.699937624999999571e+03 6.855117307033911089e-01 3.060432190420937781e-03
6.707934594999999717e+03 6.686583864823023582e-01 3.060432190420937781e-03
6.715931564999999864e+03 6.582786456144166243e-01 3.060432190420937781e-03
6.723928535000000011e+03 6.437754352358862064e-01 3.060432190420937781e-03
6.731925505000000157e+03 6.388712547619029847e-01 3.060432190420937781e-03
6.739922474999999395e+03 6.259795676997719216e-01 3.060432190420937781e-03
6.747919444999999541e+03 6.192390591914577191e-01 3.060432190420937781e-03
6.755916414999999688e+03 6.019524972496029802e-01 3.060432190420937781e-03
6.763913384999999835e+03 5.932441471278308009e-01 3.060432190420937781e-03
6.771910354999999981e+03 5.867244985030074522e-01 3.060432190420937781e-03
6.779907325000000128e+03 5.796534648039884940e-01 3.060432190420937781e-03
6.787904295000000275e+03 5.696948244299822051e-01 3.060432190420937781e-03
6.795901264999999512e+03 5.746515209349644104e-01 3.060432190420937781e-03
6.803898234999999659e+03 5.632926047434050343e-01 3.060432190420937781e-03
6.811895204999999805e+03 5.686487155016870521e-01 3.060432190420937781e-03
6.819892174999999952e+03 5.607898338492977031e-01 3.060432190420937781e-03
6.827889145000000099e+03 5.536426584113083305e-01 3.060432190420937781e-03
6.835886114999999336e+03 5.579236830699387806e-01 3.060432190420937781e-03
6.843883084999999483e+03 5.560505379701297102e-01 3.060432190420937781e-03
6.851880054999999629e+03 5.454455778711597702e-01 3.060432190420937781e-03
6.859877024999999776e+03 5.505823703950538661e-01 3.060432190420937781e-03
6.867873994999999923e+03 5.413645985933076554e-01 3.060432190420937781e-03
6.875870965000000069e+03 5.415078523632512741e-01 3.060432190420937781e-03
6.883867935000000216e+03 5.436471080567888414e-01 3.060432190420937781e-03
6.891864904999999453e+03 5.372434838208366426e-01 3.060432190420937781e-03
6.899861874999999600e+03 5.312045779917640154e-01 3.060432190420937781e-03
6.907858844999999747e+03 5.305794533809863323e-01 3.060432190420937781e-03
6.915855814999999893e+03 5.350359818435009851e-01 3.060432190420937781e-03
6.923852784999999130e+03 5.288059864740032312e-01 3.060432190420937781e-03
6.931849754999999277e+03 5.286247814527146316e-01 3.060432190420937781e-03
6.939846724999999424e+03 5.242277367603417337e-01 3.060432190420937781e-03
6.947843694999999570e+03 5.270484692904079393e-01 3.060432190420937781e-03
6.955840664999999717e+03 5.253094961572337684e-01 3.060432190420937781e-03
6.963837634999999864e+03 5.226898512264005481e-01 3.060432190420937781e-03
6.971834605000000010e+03 5.171609512760956262e-01 3.060432190420937781e-03
6.979831575000000157e+03 5.090152128362886996e-01 3.060432190420937781e-03
6.987828544999999394e+03 5.108562930829414483e-01 3.060432190420937781e-03
6.995825514999999541e+03 5.098110843877163845e-01 3.060432190420937781e-03
