6.204125485000000481e+03 7.628460733425130869e-01 3.060432190420937781e-03
6.212122455000000627e+03 7.589445177794167385e-01 3.060432190420937781e-03
6.220119425000000774e+03 7.519118360600614004e-01 3.060432190420937781e-03
6.228116395000000011e+03 7.556068180379046373e-01 3.060432190420937781e-03
6.236113365000000158e+03 7.503381491466590836e-01 3.060432190420937781e-03
6.244110335000000305e+03 7.533970862597332285e-01 3.060432190420937781e-03
6.252107305000000451e+03 7.475472305359629477e-01 3.060432190420937781e-03
6.260104275000000598e+03 7.489197062300911867e-01 3.060432190420937781e-03
6.268101244999999835e+03 7.477778426227813524e-01 3.060432190420937781e-03
6.276098214999999982e+03 7.473532492647546599e-01 3.060432190420937781e-03
6.284095185000000129e+03 7.456471954789206658e-01 3.060432190420937781e-03
6.292092155000000275e+03 7.463591957571528157e-01 3.060432190420937781e-03
6.300089125000000422e+03 7.448053842045041506e-01 3.060432190420937781e-03
6.308086095000000569e+03 7.362454086573269052e-01 3.060432190420937781e-03
6.316083065000000715e+03 7.379870145380186264e-01 3.060432190420937781e-03
6.324080034999999953e+03 7.390341050643213228e-01 3.060432190420937781e-03
6.332077005000000099e+03 7.445209451064137562e-01 3.060432190420937781e-03
6.340073975000000246e+03 7.378862864648768616e-01 3.060432190420937781e-03
6.348070945000000393e+03 7.461742661430293966e-01 3.060432190420937781e-03
6.356067915000000539e+03 7.448234945621982073e-01 3.060432190420937781e-03
6.364064884999999776e+03 7.526773388778049689e-01 3.060432190420937781e-03
6.372061854999999923e+03 7.488047211081810817e-01 3.060432190420937781e-03
6.380058825000000070e+03 7.543352138766905579e-01 3.060432190420937781e-03
6.388055795000000217e+03 7.592465758965850631e-01 3.060432190420937781e-03
6.396052765000000363e+03 7.597836728065450185e-01 3.060432190420937781e-03
6.404049735000000510e+03 7.698749279279636371e-01 3.060432190420937781e-03
6.412046705000000657e+03 7.711099516227554185e-01 3.060432190420937781e-03
6.420043674999999894e+03 7.815972760817685439e-01 3.060432190420937781e-03
6.428040645000000040e+03 7.859033418832663820e-01 3.060432190420937781e-03
6.436037615000000187e+03 7.905496850462002678e-01 3.060432190420937781e-03
6.444034585000000334e+03 7.935527166434517277e-01 3.060432190420937781e-03
6.452031555000000481e+03 8.033680065382720059e-01 3.060432190420937781e-03
6.460028524999999718e+03 8.004516571413111681e-01 3.060432190420937781e-03
6.468025494999999864e+03 8.098715334420266698e-01 3.060432190420937781e-03
6.476022465000000011e+03 8.135600532931790418e-01 3.060432190420937781e-03
6.484019435000000158e+03 8.085376065889811059e-01 3.060432190420937781e-03
6.492016405000000304e+03 8.178920118046758558e-01 3.060432190420937781e-03
6.500013375000000451e+03 8.289854843592991962e-01 3.060432190420937781e-03
6.508010345000000598e+03 8.453050328653902712e-01 3.060432190420937781e-03
6.516007314999999835e+03 8.534609618880792947e-01 3.060432190420937781e-03
6.524004284999999982e+03 8.642145899300207601e-01 3.060432190420937781e-03
6.532001255000000128e+03 8.594364114747780059e-01 3.060432190420937781e-03
6.539998225000000275e+03 8.466361691605885920e-01 3.060432190420937781e-03
6.547995194999999512e+03 8.468063887913077625e-01 3.060432190420937781e-03
6.555992164999999659e+03 8.472720605386619974e-01 3.060432190420937781e-03
6.563989134999999806e+03 8.488840034181960315e-01 3.060432190420937781e-03
6.571986104999999952e+03 8.441806420157331736e-01 3.060432190420937781e-03
6.579983075000000099e+03 8.521652081440366233e-01 3.060432190420937781e-03
6.587980045000000246e+03 8.604807448490614519e-01 3.060432190420937781e-03
6.595977015000000392e+03 8.828308949662087013e-01 3.060432190420937781e-03
6.603973985000000539e+03 8.822984419095428743e-01 3.060432190420937781e-03
6.611970954999999776e+03 8.797854578776996837e-01 3.060432190420937781e-03
6.619967924999999923e+03 8.596089171456730016e-01 3.060432190420937781e-03
6.627964895000000070e+03 8.497922571923871571e-01 3.060432190420937781e-03
6.635961865000000216e+03 8.434889496011445109e-01 3.060432190420937781e-03
6.643958834999999453e+03 8.345662308625401149e-01 3.060432190420937781e-03
6.651955804999999600e+03 8.290622955316426790e-01 3.060432190420937781e-03
6.659952774999999747e+03 8.102769887805650884e-01 3.060432190420937781e-03
6.667949744999999893e+03 7.986713567606330555e-01 3.060432190420937781e-03
6.675946715000000040e+03 7.853833998564463403e-01 3.060432190420937781e-03
6.683943685000000187e+03 7.701654290665633784e-01 3.060432190420937781e-03
6.691940655000000334e+03 7.544937270033750254e-01 3.060432190420937781e-03
6.699937624999999571e+03 7.365976230592802265e-01 3.060432190420937781e-03
6.707934594999999717e+03 7.358580449254751299e-01 3.060432190420937781e-03
6.715931564999999864e+03 7.224576352663886203e-01 3.060432190420937781e-03
6.723928535000000011e+03 7.129238373574021681e-01 3.060432190420937781e-03
6.731925505000000157e+03 6.934977723021786833e-01 3.060432190420937781e-03
6.739922474999999395e+03 6.851748900391181341e-01 3.060432190420937781e-03
6.747919444999999541e+03 6.766887309153215568e-01 3.060432190420937781e-03
6.755916414999999688e+03 6.702227631667102559e-01 3.060432190420937781e-03
6.763913384999999835e+03 6.574065168711208385e-01 3.060432190420937781e-03
6.771910354999999981e+03 6.506102448539096139e-01 3.060432190420937781e-03
6.779907325000000128e+03 6.482006948693647130e-01 3.060432190420937781e-03
6.787904295000000275e+03 6.377114594339953202e-01 3.060432190420937781e-03
6.795901264999999512e+03 6.321187895153079772e-01 3.060432190420937781e-03
6.803898234999999659e+03 6.364920640828072296e-01 3.060432190420937781e-03
6.811895204999999805e+03 6.330094341946937986e-01 3.060432190420937781e-03
6.819892174999999952e+03 6.212408557449166091e-01 3.060432190420937781e-03
6.827889145000000099e+03 6.214510173428785533e-01 3.060432190420937781e-03
6.835886114999999336e+03 6.160112335130886185e-01 3.060432190420937781e-03
6.843883084999999483e+03 6.190734008190031945e-01 3.060432190420937781e-03
6.851880054999999629e+03 6.152375849598855639e-01 3.060432190420937781e-03
6.859877024999999776e+03 6.089490476548857778e-01 3.060432190420937781e-03
6.867873994999999923e+03 6.083223865793753182e-01 3.060432190420937781e-03
6.875870965000000069e+03 6.149244370078532640e-01 3.060432190420937781e-03
6.883867935000000216e+03 6.029035428682444353e-01 3.060432190420937781e-03
6.891864904999999453e+03 5.976114418573070797e-01 3.060432190420937781e-03
6.899861874999999600e+03 5.953043850510799651e-01 3.060432190420937781e-03
6.907858844999999747e+03 5.951094960075217211e-01 3.060432190420937781e-03
6.915855814999999893e+03 5.980876314425228601e-01 3.060432190420937781e-03
6.923852784999999130e+03 5.930378188488137914e-01 3.060432190420937781e-03
6.931849754999999277e+03 5.876485100141323192e-01 3.060432190420937781e-03
6.939846724999999424e+03 5.829699286508075451e-01 3.060432190420937781e-03
6.947843694999999570e+03 5.787833175270402641e-01 3.060432190420937781e-03
6.955840664999999717e+03 5.799369889105417952e-01 3.060432190420937781e-03
6.963837634999999864e+03 5.797546155037737181e-01 3.060432190420937781e-03
6.971834605000000010e+03 5.743088284508595098e-01 3.060432190420937781e-03
6.979831575000000157e+03 5.791291659852052520e-01 3.060432190420937781e-03
6.987828544999999394e+03 5.688583154362343297e-01 3.060432190420937781e-03
6.995825514999999541e+03 5.722452834908571262e-01 3.060432190420937781e-03
