6.204125485000000481e+03 8.336170815704062598e-01 3.060432190420937781e-03
6.212122455000000627e+03 8.338524882185229803e-01 3.060432190420937781e-03
6.220119425000000774e+03 8.259282034617985158e-01 3.060432190420937781e-03
6.228116395000000011e+03 8.273790826269883381e-01 3.060432190420937781e-03
6.236113365000000158e+03 8.287412268396416870e-01 3.060432190420937781e-03
6.244110335000000305e+03 8.271439254103647443e-01 3.060432190420937781e-03
6.252107305000000451e+03 8.237986881142935758e-01 3.060432190420937781e-03
6.260104275000000598e+03 8.228089352327486727e-01 3.060432190420937781e-03
6.268101244999999835e+03 8.247959175248198438e-01 3.060432190420937781e-03
6.276098214999999982e+03 8.221251601614218973e-01 3.060432190420937781e-03
6.284095185000000129e+03 8.167365361172952420e-01 3.060432190420937781e-03
6.292092155000000275e+03 8.174710397427040753e-01 3.060432190420937781e-03
6.300089125000000422e+03 8.117594250197369687e-01 3.060432190420937781e-03
6.308086095000000569e+03 8.157781445931234776e-01 3.060432190420937781e-03
6.316083065000000715e+03 8.096997088170131418e-01 3.060432190420937781e-03
6.324080034999999953e+03 8.108481144989413414e-01 3.060432190420937781e-03
6.332077005000000099e+03 8.078464623847131376e-01 3.060432190420937781e-03
6.340073975000000246e+03 8.124529555969880468e-01 3.060432190420937781e-03
6.348070945000000393e+03 8.126205144928632107e-01 3.060432190420937781e-03
6.356067915000000539e+03 8.116369891779643408e-01 3.060432190420937781e-03
6.364064884999999776e+03 8.171439802043131140e-01 3.060432190420937781e-03
6.372061854999999923e+03 8.201022428435925660e-01 3.060432190420937781e-03
6.380058825000000070e+03 8.262340047860220471e-01 3.060432190420937781e-03
6.388055795000000217e+03 8.365220414475061927e-01 3.060432190420937781e-03
6.396052765000000363e+03 8.356359710866864132e-01 3.060432190420937781e-03
6.404049735000000510e+03 8.419364900120110962e-01 3.060432190420937781e-03
6.412046705000000657e+03 8.445596810423293688e-01 3.060432190420937781e-03
6.420043674999999894e+03 8.462134900217604949e-01 3.060432190420937781e-03
6.428040645000000040e+03 8.548683337981078934e-01 3.060432190420937781e-03
6.436037615000000187e+03 8.571898196285032689e-01 3.060432190420937781e-03
6.444034585000000334e+03 8.680141656728629362e-01 3.060432190420937781e-03
6.452031555000000481e+03 8.693803809746836198e-01 3.060432190420937781e-03
6.460028524999999718e+03 8.765080348190357196e-01 3.060432190420937781e-03
6.468025494999999864e+03 8.826268311762689445e-01 3.060432190420937781e-03
6.476022465000000011e+03 8.743621973726832808e-01 3.060432190420937781e-03
6.484019435000000158e+03 8.801939621813221759e-01 3.060432190420937781e-03
6.492016405000000304e+03 8.911289267742020792e-01 3.060432190420937781e-03
6.500013375000000451e+03 8.873347001825272473e-01 3.060432190420937781e-03
6.508010345000000598e+03 9.046592969397971862e-01 3.060432190420937781e-03
6.516007314999999835e+03 9.093008663463593155e-01 3.060432190420937781e-03
6.524004284999999982e+03 9.189159144044193317e-01 3.060432190420937781e-03
6.532001255000000128e+03 9.293475049993210613e-01 3.060432190420937781e-03
6.539998225000000275e+03 9.123743931868636414e-01 3.060432190420937781e-03
6.547995194999999512e+03 9.097514411551986813e-01 3.060432190420937781e-03
6.555992164999999659e+03 9.086993994755574455e-01 3.060432190420937781e-03
6.563989134999999806e+03 9.111002989421148612e-01 3.060432190420937781e-03
6.571986104999999952e+03 9.106529241225365112e-01 3.060432190420937781e-03
6.579983075000000099e+03 9.191513215628899225e-01 3.060432190420937781e-03
6.587980045000000246e+03 9.175556740644447151e-01 3.060432190420937781e-03
6.595977015000000392e+03 9.458622127148418324e-01 3.060432190420937781e-03
6.603973985000000539e+03 9.459903868628186663e-01 3.060432190420937781e-03
6.611970954999999776e+03 9.406559586390054184e-01 3.060432190420937781e-03
6.619967924999999923e+03 9.214526630582633437e-01 3.060432190420937781e-03
6.627964895000000070e+03 9.081094666224442946e-01 3.060432190420937781e-03
6.635961865000000216e+03 9.033009339748523381e-01 3.060432190420937781e-03
6.643958834999999453e+03 8.970175555345306639e-01 3.060432190420937781e-03
6.651955804999999600e+03 8.889704565305046602e-01 3.060432190420937781e-03
6.659952774999999747e+03 8.720121602517295623e-01 3.060432190420937781e-03
6.667949744999999893e+03 8.627011641844751777e-01 3.060432190420937781e-03
6.675946715000000040e+03 8.472614533129889658e-01 3.060432190420937781e-03
6.683943685000000187e+03 8.359292629153394216e-01 3.060432190420937781e-03
6.691940655000000334e+03 8.210481784513906645e-01 3.060432190420937781e-03
6.699937624999999571e+03 8.052920798594527252e-01 3.060432190420937781e-03
6.707934594999999717e+03 7.953404354382955788e-01 3.060432190420937781e-03
6.715931564999999864e+03 7.796832022098765247e-01 3.060432190420937781e-03
6.723928535000000011e+03 7.687442249984940412e-01 3.060432190420937781e-03
6.731925505000000157e+03 7.571275017421497111e-01 3.060432190420937781e-03
6.739922474999999395e+03 7.493106604788976055e-01 3.060432190420937781e-03
6.747919444999999541e+03 7.372826799082314864e-01 3.060432190420937781e-03
6.755916414999999688e+03 7.332434251228832078e-01 3.060432190420937781e-03
6.763913384999999835e+03 7.176508424603321723e-01 3.060432190420937781e-03
6.771910354999999981e+03 7.140601699747932685e-01 3.060432190420937781e-03
6.779907325000000128e+03 6.996132610761105486e-01 3.060432190420937781e-03
6.787904295000000275e+03 6.992695298261449866e-01 3.060432190420937781e-03
6.795901264999999512e+03 6.893014355833974038e-01 3.060432190420937781e-03
6.803898234999999659e+03 6.917851727951220830e-01 3.060432190420937781e-03
6.811895204999999805e+03 6.911807887531838945e-01 3.060432190420937781e-03
6.819892174999999952e+03 6.805224973616883499e-01 3.060432190420937781e-03
6.827889145000000099e+03 6.780772320257558716e-01 3.060432190420937781e-03
6.835886114999999336e+03 6.777372824213077074e-01 3.060432190420937781e-03
6.843883084999999483e+03 6.743252065068883194e-01 3.060432190420937781e-03
6.851880054999999629e+03 6.669833483911979943e-01 3.060432190420937781e-03
6.859877024999999776e+03 6.700056954218405192e-01 3.060432190420937781e-03
6.867873994999999923e+03 6.701575870019769177e-01 3.060432190420937781e-03
6.875870965000000069e+03 6.599973683783108003e-01 3.060432190420937781e-03
6.883867935000000216e+03 6.609428696130678071e-01 3.060432190420937781e-03
6.891864904999999453e+03 6.618569355311281210e-01 3.060432190420937781e-03
6.899861874999999600e+03 6.584185530694816046e-01 3.060432190420937781e-03
6.907858844999999747e+03 6.538193403942763604e-01 3.060432190420937781e-03
6.915855814999999893e+03 6.462417729484608575e-01 3.060432190420937781e-03
6.923852784999999130e+03 6.456029001926913979e-01 3.060432190420937781e-03
6.931849754999999277e+03 6.465081411613234907e-01 3.060432190420937781e-03
6.939846724999999424e+03 6.497364313585416440e-01 3.060432190420937781e-03
6.947843694999999570e+03 6.358869693759936492e-01 3.060432190420937781e-03
6.955840664999999717e+03 6.413192870799795386e-01 3.060432190420937781e-03
6.963837634999999864e+03 6.360467299241496786e-01 3.060432190420937781e-03
6.971834605000000010e+03 6.298533919058791897e-01 3.060432190420937781e-03
6.979831575000000157e+03 6.342185193054975523e-01 3.060432190420937781e-03
6.987828544999999394e+03 6.276232298237799379e-01 3.060432190420937781e-03
6.995825514999999541e+03 6.284523577196969857e-01 3.060432190420937781e-03
