6.204125485000000481e+03 7.572893737924565327e-01 3.060432190420937781e-03
6.212122455000000627e+03 7.582810365721224244e-01 3.060432190420937781e-03
6.220119425000000774e+03 7.557511029827647109e-01 3.060432190420937781e-03
6.228116395000000011e+03 7.500863295585422641e-01 3.060432190420937781e-03
6.236113365000000158e+03 7.497377579042894258e-01 3.060432190420937781e-03
6.244110335000000305e+03 7.415154994974739733e-01 3.060432190420937781e-03
6.252107305000000451e+03 7.467016704396777227e-01 3.060432190420937781e-03
6.260104275000000598e+03 7.469631845763354816e-01 3.060432190420937781e-03
6.268101244999999835e+03 7.449161121396613572e-01 3.060432190420937781e-03
6.276098214999999982e+03 7.442902233580120930e-01 3.060432190420937781e-03
6.284095185000000129e+03 7.391046033198118703e-01 3.060432190420937781e-03
6.292092155000000275e+03 7.419225750258048313e-01 3.060432190420937781e-03
6.300089125000000422e+03 7.380907010489472508e-01 3.060432190420937781e-03
6.308086095000000569e+03 7.334204619328822394e-01 3.060432190420937781e-03
6.316083065000000715e+03 7.408479987987189874e-01 3.060432190420937781e-03
6.324080034999999953e+03 7.329889997208065555e-01 3.060432190420937781e-03
6.332077005000000099e+03 7.315974900396522429e-01 3.060432190420937781e-03
6.340073975000000246e+03 7.254552373074195648e-01 3.060432190420937781e-03
6.348070945000000393e+03 7.379279494328196964e-01 3.060432190420937781e-03
6.356067915000000539e+03 7.437111350773435436e-01 3.060432190420937781e-03
6.364064884999999776e+03 7.441492694868248048e-01 3.060432190420937781e-03
6.372061854999999923e+03 7.477771564831119377e-01 3.060432190420937781e-03
6.380058825000000070e+03 7.511652805872809369e-01 3.060432190420937781e-03
6.388055795000000217e+03 7.530909133698688862e-01 3.060432190420937781e-03
6.396052765000000363e+03 7.605334112601305208e-01 3.060432190420937781e-03
6.404049735000000510e+03 7.622171049021005951e-01 3.060432190420937781e-03
6.412046705000000657e+03 7.749729127138726970e-01 3.060432190420937781e-03
6.420043674999999894e+03 7.699130579908406435e-01 3.060432190420937781e-03
6.428040645000000040e+03 7.834982343725631626e-01 3.060432190420937781e-03
6.436037615000000187e+03 7.873077449302542385e-01 3.060432190420937781e-03
6.444034585000000334e+03 7.890213620474684220e-01 3.060432190420937781e-03
6.452031555000000481e+03 7.961910450980714815e-01 3.060432190420937781e-03
6.460028524999999718e+03 8.044574213689826836e-01 3.060432190420937781e-03
6.468025494999999864e+03 8.089801220966148509e-01 3.060432190420937781e-03
6.476022465000000011e+03 8.101673779858865609e-01 3.060432190420937781e-03
6.484019435000000158e+03 8.165324694048015086e-01 3.060432190420937781e-03
6.492016405000000304e+03 8.153158024227937783e-01 3.060432190420937781e-03
6.500013375000000451e+03 8.256008021621409343e-01 3.060432190420937781e-03
6.508010345000000598e+03 8.377812371176791562e-01 3.060432190420937781e-03
6.516007314999999835e+03 8.457927341205898619e-01 3.060432190420937781e-03
6.524004284999999982e+03 8.636908929459189421e-01 3.060432190420937781e-03
6.532001255000000128e+03 8.609212396289013247e-01 3.060432190420937781e-03
6.539998225000000275e+03 8.482299035529552445e-01 3.060432190420937781e-03
6.547995194999999512e+03 8.383478035229863234e-01 3.060432190420937781e-03
6.555992164999999659e+03 8.405765749645024432e-01 3.060432190420937781e-03
6.563989134999999806e+03 8.448263261261956814e-01 3.060432190420937781e-03
6.571986104999999952e+03 8.430688129427652555e-01 3.060432190420937781e-03
6.579983075000000099e+03 8.445711304944811815e-01 3.060432190420937781e-03
6.587980045000000246e+03 8.544139509943123878e-01 3.060432190420937781e-03
6.595977015000000392e+03 8.789611133610161220e-01 3.060432190420937781e-03
6.603973985000000539e+03 8.792777975450347672e-01 3.060432190420937781e-03
6.611970954999999776e+03 8.793271988360638058e-01 3.060432190420937781e-03
6.619967924999999923e+03 8.557487963691714494e-01 3.060432190420937781e-03
6.627964895000000070e+03 8.449932240424877783e-01 3.060432190420937781e-03
6.635961865000000216e+03 8.336334922397449221e-01 3.060432190420937781e-03
6.643958834999999453e+03 8.310305580884485011e-01 3.060432190420937781e-03
6.651955804999999600e+03 8.170719120943309433e-01 3.060432190420937781e-03
6.659952774999999747e+03 8.052242436108724144e-01 3.060432190420937781e-03
6.667949744999999893e+03 7.921505450677515103e-01 3.060432190420937781e-03
6.675946715000000040e+03 7.832009068073705338e-01 3.060432190420937781e-03
6.683943685000000187e+03 7.659536405237933332e-01 3.060432190420937781e-03
6.691940655000000334e+03 7.479583689430449045e-01 3.060432190420937781e-03
6.699937624999999571e+03 7.353194164506209329e-01 3.060432190420937781e-03
6.707934594999999717e+03 7.295171705012463148e-01 3.060432190420937781e-03
6.715931564999999864e+03 7.180601287968225721e-01 3.060432190420937781e-03
6.723928535000000011e+03 7.057327893863386548e-01 3.060432190420937781e-03
6.731925505000000157e+03 6.899275291026164547e-01 3.060432190420937781e-03
6.739922474999999395e+03 6.882260664998817168e-01 3.060432190420937781e-03
6.747919444999999541e+03 6.756269703042590002e-01 3.060432190420937781e-03
6.755916414999999688e+03 6.629492011125114326e-01 3.060432190420937781e-03
6.763913384999999835e+03 6.619253517099856765e-01 3.060432190420937781e-03
6.771910354999999981e+03 6.487488788586840416e-01 3.060432190420937781e-03
6.779907325000000128e+03 6.396682542618699063e-01 3.060432190420937781e-03
6.787904295000000275e+03 6.353091659331991936e-01 3.060432190420937781e-03
6.795901264999999512e+03 6.342531117353958914e-01 3.060432190420937781e-03
6.803898234999999659e+03 6.280653492664047821e-01 3.060432190420937781e-03
6.811895204999999805e+03 6.279952098047142384e-01 3.060432190420937781e-03
6.819892174999999952e+03 6.236528571470383309e-01 3.060432190420937781e-03
6.827889145000000099e+03 6.178217554685172530e-01 3.060432190420937781e-03
6.835886114999999336e+03 6.172501175876770052e-01 3.060432190420937781e-03
6.843883084999999483e+03 6.101568844712963458e-01 3.060432190420937781e-03
6.851880054999999629e+03 6.137211066374501645e-01 3.060432190420937781e-03
6.859877024999999776e+03 6.070452860828347008e-01 3.060432190420937781e-03
6.867873994999999923e+03 6.060831864833368110e-01 3.060432190420937781e-03
6.875870965000000069e+03 5.997173624663700853e-01 3.060432190420937781e-03
6.883867935000000216e+03 5.999894888610154409e-01 3.060432190420937781e-03
6.891864904999999453e+03 5.989971144985632989e-01 3.060432190420937781e-03
6.899861874999999600e+03 5.933508376338261225e-01 3.060432190420937781e-03
6.907858844999999747e+03 5.925360103655036292e-01 3.060432190420937781e-03
6.915855814999999893e+03 5.963697600590744941e-01 3.060432190420937781e-03
6.923852784999999130e+03 5.913387006895404197e-01 3.060432190420937781e-03
6.931849754999999277e+03 5.895734172990693134e-01 3.060432190420937781e-03
6.939846724999999424e+03 5.788383461790118645e-01 3.060432190420937781e-03
6.947843694999999570e+03 5.890564892344241077e-01 3.060432190420937781e-03
6.955840664999999717e+03 5.817839307709070651e-01 3.060432190420937781e-03
6.963837634999999864e+03 5.750552918983727890e-01 3.060432190420937781e-03
6.971834605000000010e+03 5.739952866728426084e-01 3.060432190420937781e-03
6.979831575000000157e+03 5.695572843175744637e-01 3.060432190420937781e-03
6.987828544999999394e+03 5.698284639713477873e-01 3.060432190420937781e-03
6.995825514999999541e+03 5.645700333149736849e-01 3.060432190420937781e-03
