6.204125485000000481e+03 8.113662694904351103e-01 3.060432190420937781e-03
6.212122455000000627e+03 8.074303815621513003e-01 3.060432190420937781e-03
6.220119425000000774e+03 8.021047296683364580e-01 3.060432190420937781e-03
6.228116395000000011e+03 8.056611123083884385e-01 3.060432190420937781e-03
6.236113365000000158e+03 8.025422668424903039e-01 3.060432190420937781e-03
6.244110335000000305e+03 8.043199412210014776e-01 3.060432190420937781e-03
6.252107305000000451e+03 7.995110918108883080e-01 3.060432190420937781e-03
6.260104275000000598e+03 7.942383790009636124e-01 3.060432190420937781e-03
6.268101244999999835e+03 7.993410099823924364e-01 3.060432190420937781e-03
6.276098214999999982e+03 7.938924081242140218e-01 3.060432190420937781e-03
6.284095185000000129e+03 7.958375916558978469e-01 3.060432190420937781e-03
6.292092155000000275e+03 7.962616102102909599e-01 3.060432190420937781e-03
6.300089125000000422e+03 7.923232221364608918e-01 3.060432190420937781e-03
6.308086095000000569e+03 7.856235575377890079e-01 3.060432190420937781e-03
6.316083065000000715e+03 7.897604836573121068e-01 3.060432190420937781e-03
6.324080034999999953e+03 7.864468504748406419e-01 3.060432190420937781e-03
6.332077005000000099e+03 7.874214429570952634e-01 3.060432190420937781e-03
6.340073975000000246e+03 7.821440395820512537e-01 3.060432190420937781e-03
6.348070945000000393e+03 7.907367650417703731e-01 3.060432190420937781e-03
6.356067915000000539e+03 7.936718227827619376e-01 3.060432190420937781e-03
6.364064884999999776e+03 7.933319225416741727e-01 3.060432190420937781e-03
6.372061854999999923e+03 7.971761612016423637e-01 3.060432190420937781e-03
6.380058825000000070e+03 8.038374274776100004e-01 3.060432190420937781e-03
6.388055795000000217e+03 8.114406990409325227e-01 3.060432190420937781e-03
6.396052765000000363e+03 8.133048203074598748e-01 3.060432190420937781e-03
6.404049735000000510e+03 8.127807717765511697e-01 3.060432190420937781e-03
6.412046705000000657e+03 8.210725272980659017e-01 3.060432190420937781e-03
6.420043674999999894e+03 8.254346908152161433e-01 3.060432190420937781e-03
6.428040645000000040e+03 8.365900189542408993e-01 3.060432190420937781e-03
6.436037615000000187e+03 8.410270537766149079e-01 3.060432190420937781e-03
6.444034585000000334e+03 8.494906571720188815e-01 3.060432190420937781e-03
6.452031555000000481e+03 8.419587585077158431e-01 3.060432190420937781e-03
6.460028524999999718e+03 8.561109534192443693e-01 3.060432190420937781e-03
6.468025494999999864e+03 8.530967921880374671e-01 3.060432190420937781e-03
6.476022465000000011e+03 8.656453562933078549e-01 3.060432190420937781e-03
6.484019435000000158e+03 8.642849009878397215e-01 3.060432190420937781e-03
6.492016405000000304e+03 8.633856066582518141e-01 3.060432190420937781e-03
6.500013375000000451e+03 8.729950688385357260e-01 3.060432190420937781e-03
6.508010345000000598e+03 8.870613354143822571e-01 3.060432190420937781e-03
6.516007314999999835e+03 8.987000404142005960e-01 3.060432190420937781e-03
6.524004284999999982e+03 9.051707087644212946e-01 3.060432190420937781e-03
6.532001255000000128e+03 9.032335881023524360e-01 3.060432190420937781e-03
6.539998225000000275e+03 8.913920332096574306e-01 3.060432190420937781e-03
6.547995194999999512e+03 8.853488940819058683e-01 3.060432190420937781e-03
6.555992164999999659e+03 8.887579963064670130e-01 3.060432190420937781e-03
6.563989134999999806e+03 8.895536285443464974e-01 3.060432190420937781e-03
6.571986104999999952e+03 8.905299654125964359e-01 3.060432190420937781e-03
6.579983075000000099e+03 8.961182985844151627e-01 3.060432190420937781e-03
6.587980045000000246e+03 9.057343887685213035e-01 3.060432190420937781e-03
6.595977015000000392e+03 9.183570159145710843e-01 3.060432190420937781e-03
6.603973985000000539e+03 9.288625265290556543e-01 3.060432190420937781e-03
6.611970954999999776e+03 9.217138365653768650e-01 3.060432190420937781e-03
6.619967924999999923e+03 9.004010510677875612e-01 3.060432190420937781e-03
6.627964895000000070e+03 8.993211044176392388e-01 3.060432190420937781e-03
6.635961865000000216e+03 8.872846961167757396e-01 3.060432190420937781e-03
6.643958834999999453e+03 8.801274120704130066e-01 3.060432190420937781e-03
6.651955804999999600e+03 8.666880362643782920e-01 3.060432190420937781e-03
6.659952774999999747e+03 8.538540559420098042e-01 3.060432190420937781e-03
6.667949744999999893e+03 8.436727174266281937e-01 3.060432190420937781e-03
6.675946715000000040e+03 8.294000972535883198e-01 3.060432190420937781e-03
6.683943685000000187e+03 8.098311634729334907e-01 3.060432190420937781e-03
6.691940655000000334e+03 7.958126402622218709e-01 3.060432190420937781e-03
6.699937624999999571e+03 7.894470691843807897e-01 3.060432190420937781e-03
6.707934594999999717e+03 7.708014157948126499e-01 3.060432190420937781e-03
6.715931564999999864e+03 7.610129441570320230e-01 3.060432190420937781e-03
6.723928535000000011e+03 7.533934243520667984e-01 3.060432190420937781e-03
6.731925505000000157e+03 7.451685778662485715e-01 3.060432190420937781e-03
6.739922474999999395e+03 7.301255469406983112e-01 3.060432190420937781e-03
6.747919444999999541e+03 7.185031925083209536e-01 3.060432190420937781e-03
6.755916414999999688e+03 7.111045220732677974e-01 3.060432190420937781e-03
6.763913384999999835e+03 7.033159575981229317e-01 3.060432190420937781e-03
6.771910354999999981e+03 6.971421099908341468e-01 3.060432190420937781e-03
6.779907325000000128e+03 6.874825802515188711e-01 3.060432190420937781e-03
6.787904295000000275e+03 6.770645437970306268e-01 3.060432190420937781e-03
6.795901264999999512e+03 6.743901670533317683e-01 3.060432190420937781e-03
6.803898234999999659e+03 6.652964059793227136e-01 3.060432190420937781e-03
6.811895204999999805e+03 6.660611118224787353e-01 3.060432190420937781e-03
6.819892174999999952e+03 6.643991708822207798e-01 3.060432190420937781e-03
6.827889145000000099e+03 6.605049330372483318e-01 3.060432190420937781e-03
6.835886114999999336e+03 6.593082742568404653e-01 3.060432190420937781e-03
6.843883084999999483e+03 6.492249537554650729e-01 3.060432190420937781e-03
6.851880054999999629e+03 6.510734107217852618e-01 3.060432190420937781e-03
6.859877024999999776e+03 6.496960895163743643e-01 3.060432190420937781e-03
6.867873994999999923e+03 6.491060428956750838e-01 3.060432190420937781e-03
6.875870965000000069e+03 6.433115500855256519e-01 3.060432190420937781e-03
6.883867935000000216e+03 6.477010564524620095e-01 3.060432190420937781e-03
6.891864904999999453e+03 6.388342232623065442e-01 3.060432190420937781e-03
6.899861874999999600e+03 6.392339042170157581e-01 3.060432190420937781e-03
6.907858844999999747e+03 6.312383224752582400e-01 3.060432190420937781e-03
6.915855814999999893e+03 6.365729514182417725e-01 3.060432190420937781e-03
6.923852784999999130e+03 6.289525710200571940e-01 3.060432190420937781e-03
6.931849754999999277e+03 6.273672952536458736e-01 3.060432190420937781e-03
6.939846724999999424e+03 6.221076804072767086e-01 3.060432190420937781e-03
6.947843694999999570e+03 6.227239956810111110e-01 3.060432190420937781e-03
6.955840664999999717e+03 6.188404806208276376e-01 3.060432190420937781e-03
6.963837634999999864e+03 6.159465184868452292e-01 3.060432190420937781e-03
6.971834605000000010e+03 6.172344455962625043e-01 3.060432190420937781e-03
6.979831575000000157e+03 6.115674473758029306e-01 3.060432190420937781e-03
6.987828544999999394e+03 6.077068443483165661e-01 3.060432190420937781e-03
6.995825514999999541e+03 6.070207261592533987e-01 3.060432190420937781e-03
