6.204125485000000481e+03 7.010873025054715768e-01 3.060432190420937781e-03
6.212122455000000627e+03 7.027205156110680750e-01 3.060432190420937781e-03
6.220119425000000774e+03 7.039737266902071910e-01 3.060432190420937781e-03
6.228116395000000011e+03 6.995954366613960085e-01 3.060432190420937781e-03
6.236113365000000158e+03 6.952736902384480944e-01 3.060432190420937781e-03
6.244110335000000305e+03 6.994401922756084966e-01 3.060432190420937781e-03
6.252107305000000451e+03 6.933132434764178731e-01 3.060432190420937781e-03
6.260104275000000598e+03 6.902427863967954824e-01 3.060432190420937781e-03
6.268101244999999835e+03 6.921221495587802641e-01 3.060432190420937781e-03
6.276098214999999982e+03 6.939127054005105322e-01 3.060432190420937781e-03
6.284095185000000129e+03 6.883567230303745399e-01 3.060432190420937781e-03
6.292092155000000275e+03 6.915352771301553902e-01 3.060432190420937781e-03
6.300089125000000422e+03 6.886840026709181162e-01 3.060432190420937781e-03
6.308086095000000569e+03 6.922166479185986043e-01 3.060432190420937781e-03
6.316083065000000715e+03 6.862052561260099104e-01 3.060432190420937781e-03
6.324080034999999953e+03 6.830545493203433738e-01 3.060432190420937781e-03
6.332077005000000099e+03 6.865843615649896980e-01 3.060432190420937781e-03
6.340073975000000246e+03 6.840261655704955590e-01 3.060432190420937781e-03
6.348070945000000393e+03 6.899116365157671460e-01 3.060432190420937781e-03
6.356067915000000539e+03 6.901674709187367585e-01 3.060432190420937781e-03
6.364064884999999776e+03 6.962746340867755901e-01 3.060432190420937781e-03
6.372061854999999923e+03 6.940843002378302984e-01 3.060432190420937781e-03
6.380058825000000070e+03 7.062988375992353962e-01 3.060432190420937781e-03
6.388055795000000217e+03 7.112241962357774838e-01 3.060432190420937781e-03
6.396052765000000363e+03 7.148407080471944619e-01 3.060432190420937781e-03
6.404049735000000510e+03 7.136306668105977247e-01 3.060432190420937781e-03
6.412046705000000657e+03 7.258887231537889395e-01 3.060432190420937781e-03
6.420043674999999894e+03 7.320378360241748261e-01 3.060432190420937781e-03
6.428040645000000040e+03 7.306611301702595762e-01 3.060432190420937781e-03
6.436037615000000187e+03 7.401624776080143464e-01 3.060432190420937781e-03
6.444034585000000334e+03 7.478805489374109605e-01 3.060432190420937781e-03
6.452031555000000481e+03 7.490913671296478560e-01 3.060432190420937781e-03
6.460028524999999718e+03 7.604167150386970109e-01 3.060432190420937781e-03
6.468025494999999864e+03 7.667932183795290735e-01 3.060432190420937781e-03
6.476022465000000011e+03 7.592053895395460827e-01 3.060432190420937781e-03
6.484019435000000158e+03 7.618000639922931638e-01 3.060432190420937781e-03
6.492016405000000304e+03 7.636238600663191045e-01 3.060432190420937781e-03
6.500013375000000451e+03 7.640629203519475610e-01 3.060432190420937781e-03
6.508010345000000598e+03 7.862338794804810682e-01 3.060432190420937781e-03
6.516007314999999835e+03 7.956287327806450538e-01 3.060432190420937781e-03
6.524004284999999982e+03 8.094371442465194688e-01 3.060432190420937781e-03
6.532001255000000128e+03 8.019217477273257177e-01 3.060432190420937781e-03
6.539998225000000275e+03 7.889048951154147282e-01 3.060432190420937781e-03
6.547995194999999512e+03 7.917621337451709040e-01 3.060432190420937781e-03
6.555992164999999659e+03 7.925261024075405114e-01 3.060432190420937781e-03
6.563989134999999806e+03 7.922721769846547968e-01 3.060432190420937781e-03
6.571986104999999952e+03 7.972373027350155850e-01 3.060432190420937781e-03
6.579983075000000099e+03 8.046275451778633903e-01 3.060432190420937781e-03
6.587980045000000246e+03 8.137738178241156195e-01 3.060432190420937781e-03
6.595977015000000392e+03 8.314632420264420620e-01 3.060432190420937781e-03
6.603973985000000539e+03 8.273369259061219561e-01 3.060432190420937781e-03
6.611970954999999776e+03 8.196956646540788372e-01 3.060432190420937781e-03
6.619967924999999923e+03 8.070086834877153725e-01 3.060432190420937781e-03
6.627964895000000070e+03 7.969502871299466440e-01 3.060432190420937781e-03
6.635961865000000216e+03 7.951077305222631342e-01 3.060432190420937781e-03
6.643958834999999453e+03 7.911324685195063600e-01 3.060432190420937781e-03
6.651955804999999600e+03 7.782437094760009666e-01 3.060432190420937781e-03
6.659952774999999747e+03 7.621589108932881329e-01 3.060432190420937781e-03
6.667949744999999893e+03 7.571274017942556389e-01 3.060432190420937781e-03
6.675946715000000040e+03 7.379572918717706154e-01 3.060432190420937781e-03
6.683943685000000187e+03 7.293010575620925140e-01 3.060432190420937781e-03
6.691940655000000334e+03 7.123228252414760542e-01 3.060432190420937781e-03
6.699937624999999571e+03 7.017657204905115575e-01 3.060432190420937781e-03
6.707934594999999717e+03 6.874251585299769873e-01 3.060432190420937781e-03
6.715931564999999864e+03 6.785104078625615598e-01 3.060432190420937781e-03
6.723928535000000011e+03 6.648102631664398743e-01 3.060432190420937781e-03
6.731925505000000157e+03 6.536701523977448414e-01 3.060432190420937781e-03
6.739922474999999395e+03 6.437551773325820292e-01 3.060432190420937781e-03
6.747919444999999541e+03 6.323696021031537384e-01 3.060432190420937781e-03
6.755916414999999688e+03 6.248138129840036248e-01 3.060432190420937781e-03
6.763913384999999835e+03 6.156364723920938475e-01 3.060432190420937781e-03
6.771910354999999981e+03 6.066353680505295332e-01 3.060432190420937781e-03
6.779907325000000128e+03 6.039536196543916491e-01 3.060432190420937781e-03
6.787904295000000275e+03 5.920487987684686093e-01 3.060432190420937781e-03
6.795901264999999512e+03 5.817984680577400480e-01 3.060432190420937781e-03
6.803898234999999659e+03 5.836213522532059939e-01 3.060432190420937781e-03
6.811895204999999805e+03 5.875941687613536191e-01 3.060432190420937781e-03
6.819892174999999952e+03 5.794252035308339321e-01 3.060432190420937781e-03
6.827889145000000099e+03 5.735855656701371874e-01 3.060432190420937781e-03
6.835886114999999336e+03 5.731816309818575927e-01 3.060432190420937781e-03
6.843883084999999483e+03 5.740851305044710751e-01 3.060432190420937781e-03
6.851880054999999629e+03 5.717132953552565011e-01 3.060432190420937781e-03
6.859877024999999776e+03 5.697925900692126788e-01 3.060432190420937781e-03
6.867873994999999923e+03 5.659414000952659451e-01 3.060432190420937781e-03
6.875870965000000069e+03 5.621912134523844307e-01 3.060432190420937781e-03
6.883867935000000216e+03 5.588520984602338704e-01 3.060432190420937781e-03
6.891864904999999453e+03 5.537823108248205450e-01 3.060432190420937781e-03
6.899861874999999600e+03 5.598795795799605957e-01 3.060432190420937781e-03
6.907858844999999747e+03 5.522407378238631814e-01 3.060432190420937781e-03
6.915855814999999893e+03 5.539877706211383535e-01 3.060432190420937781e-03
6.923852784999999130e+03 5.515070608769810923e-01 3.060432190420937781e-03
6.931849754999999277e+03 5.387687123737258110e-01 3.060432190420937781e-03
6.939846724999999424e+03 5.448740476419051681e-01 3.060432190420937781e-03
6.947843694999999570e+03 5.472724335033862797e-01 3.060432190420937781e-03
6.955840664999999717e+03 5.371464347661349947e-01 3.060432190420937781e-03
6.963837634999999864e+03 5.435304966663242476e-01 3.060432190420937781e-03
6.971834605000000010e+03 5.321257456262927787e-01 3.060432190420937781e-03
6.979831575000000157e+03 5.353690702336322271e-01 3.060432190420937781e-03
6.987828544999999394e+03 5.309234692533854050e-01 3.060432190420937781e-03
6.995825514999999541e+03 5.276762146995804814e-01 3.060432190420937781e-03
