6.204125485000000481e+03 7.136420864927892627e-01 3.060432190420937781e-03
6.212122455000000627e+03 7.165022683831943073e-01 3.060432190420937781e-03
6.220119425000000774e+03 7.144395964201761817e-01 3.060432190420937781e-03
6.228116395000000011e+03 7.095975153323828000e-01 3.060432190420937781e-03
6.236113365000000158e+03 7.165666032238378058e-01 3.060432190420937781e-03
6.244110335000000305e+03 7.088473675024703491e-01 3.060432190420937781e-03
6.252107305000000451e+03 7.140562800346005323e-01 3.060432190420937781e-03
6.260104275000000598e+03 7.125774434102952748e-01 3.060432190420937781e-03
6.268101244999999835e+03 7.051985614220122045e-01 3.060432190420937781e-03
6.276098214999999982e+03 7.070219386740035361e-01 3.060432190420937781e-03
6.284095185000000129e+03 7.023003393439083419e-01 3.060432190420937781e-03
6.292092155000000275e+03 7.035945489094732608e-01 3.060432190420937781e-03
6.300089125000000422e+03 6.994797331511056759e-01 3.060432190420937781e-03
6.308086095000000569e+03 7.036217453156472512e-01 3.060432190420937781e-03
6.316083065000000715e+03 6.974494213107548246e-01 3.060432190420937781e-03
6.324080034999999953e+03 6.964236215866832502e-01 3.060432190420937781e-03
6.332077005000000099e+03 6.992347239765798195e-01 3.060432190420937781e-03
6.340073975000000246e+03 6.979276034323526057e-01 3.060432190420937781e-03
6.348070945000000393e+03 7.022865760293024451e-01 3.060432190420937781e-03
6.356067915000000539e+03 7.025515261290113944e-01 3.060432190420937781e-03
6.364064884999999776e+03 7.043742037106325293e-01 3.060432190420937781e-03
6.372061854999999923e+03 7.062761799759580406e-01 3.060432190420937781e-03
6.380058825000000070e+03 7.137221821949691902e-01 3.060432190420937781e-03
6.388055795000000217e+03 7.165061763893258995e-01 3.060432190420937781e-03
6.396052765000000363e+03 7.288575368461895909e-01 3.060432190420937781e-03
6.404049735000000510e+03 7.308533418559550743e-01 3.060432190420937781e-03
6.412046705000000657e+03 7.361447856770325648e-01 3.060432190420937781e-03
6.420043674999999894e+03 7.484536011574429715e-01 3.060432190420937781e-03
6.428040645000000040e+03 7.485616239475835210e-01 3.060432190420937781e-03
6.436037615000000187e+03 7.470425075103294121e-01 3.060432190420937781e-03
6.444034585000000334e+03 7.532696768363216222e-01 3.060432190420937781e-03
6.452031555000000481e+03 7.615100768914899731e-01 3.060432190420937781e-03
6.460028524999999718e+03 7.665484515307422475e-01 3.060432190420937781e-03
6.468025494999999864e+03 7.742473277657885289e-01 3.060432190420937781e-03
6.476022465000000011e+03 7.766222710694485887e-01 3.060432190420937781e-03
6.484019435000000158e+03 7.811550668550713006e-01 3.060432190420937781e-03
6.492016405000000304e+03 7.787656231326027800e-01 3.060432190420937781e-03
6.500013375000000451e+03 7.929172163342377289e-01 3.060432190420937781e-03
6.508010345000000598e+03 8.038265185769404297e-01 3.060432190420937781e-03
6.516007314999999835e+03 8.157972633024008768e-01 3.060432190420937781e-03
6.524004284999999982e+03 8.228424921712410578e-01 3.060432190420937781e-03
6.532001255000000128e+03 8.211658015575005187e-01 3.060432190420937781e-03
6.539998225000000275e+03 8.133345558653782836e-01 3.060432190420937781e-03
6.547995194999999512e+03 8.052035454017382188e-01 3.060432190420937781e-03
6.555992164999999659e+03 8.086931189264977560e-01 3.060432190420937781e-03
6.563989134999999806e+03 8.063568693208789107e-01 3.060432190420937781e-03
6.571986104999999952e+03 8.122859129572764791e-01 3.060432190420937781e-03
6.579983075000000099e+03 8.184009911903662449e-01 3.060432190420937781e-03
6.587980045000000246e+03 8.234109067182424635e-01 3.060432190420937781e-03
6.595977015000000392e+03 8.418572261908707777e-01 3.060432190420937781e-03
6.603973985000000539e+03 8.477169874552348272e-01 3.060432190420937781e-03
6.611970954999999776e+03 8.435031057851869463e-01 3.060432190420937781e-03
6.619967924999999923e+03 8.220907047165492143e-01 3.060432190420937781e-03
6.627964895000000070e+03 8.093447629877521532e-01 3.060432190420937781e-03
6.635961865000000216e+03 8.038903132553719688e-01 3.060432190420937781e-03
6.643958834999999453e+03 8.000431479368311782e-01 3.060432190420937781e-03
6.651955804999999600e+03 7.874421789378683867e-01 3.060432190420937781e-03
6.659952774999999747e+03 7.735423631751422446e-01 3.060432190420937781e-03
6.667949744999999893e+03 7.671395225506528748e-01 3.060432190420937781e-03
6.675946715000000040e+03 7.473729611988371158e-01 3.060432190420937781e-03
6.683943685000000187e+03 7.355958593031068915e-01 3.060432190420937781e-03
6.691940655000000334e+03 7.196122286301045445e-01 3.060432190420937781e-03
6.699937624999999571e+03 7.117498148626898447e-01 3.060432190420937781e-03
6.707934594999999717e+03 6.889987473024971054e-01 3.060432190420937781e-03
6.715931564999999864e+03 6.849294026386615331e-01 3.060432190420937781e-03
6.723928535000000011e+03 6.749842110752396485e-01 3.060432190420937781e-03
6.731925505000000157e+03 6.660814025981538489e-01 3.060432190420937781e-03
6.739922474999999395e+03 6.459917529628540489e-01 3.060432190420937781e-03
6.747919444999999541e+03 6.400745867521951959e-01 3.060432190420937781e-03
6.755916414999999688e+03 6.305993069477026092e-01 3.060432190420937781e-03
6.763913384999999835e+03 6.249323816091565398e-01 3.060432190420937781e-03
6.771910354999999981e+03 6.176344449371211631e-01 3.060432190420937781e-03
6.779907325000000128e+03 6.115637503738042824e-01 3.060432190420937781e-03
6.787904295000000275e+03 6.066670702212819677e-01 3.060432190420937781e-03
6.795901264999999512e+03 6.005636076423230829e-01 3.060432190420937781e-03
6.803898234999999659e+03 5.954364066726891558e-01 3.060432190420937781e-03
6.811895204999999805e+03 5.958411346739826975e-01 3.060432190420937781e-03
6.819892174999999952e+03 5.919700437147028538e-01 3.060432190420937781e-03
6.827889145000000099e+03 5.928039027491521784e-01 3.060432190420937781e-03
6.835886114999999336e+03 5.905975637826730296e-01 3.060432190420937781e-03
6.843883084999999483e+03 5.854007751537255722e-01 3.060432190420937781e-03
6.851880054999999629e+03 5.821826572938747502e-01 3.060432190420937781e-03
6.859877024999999776e+03 5.757850479747678163e-01 3.060432190420937781e-03
6.867873994999999923e+03 5.808090127341781761e-01 3.060432190420937781e-03
6.875870965000000069e+03 5.717097318958987984e-01 3.060432190420937781e-03
6.883867935000000216e+03 5.678609983484986801e-01 3.060432190420937781e-03
6.891864904999999453e+03 5.707886963658629353e-01 3.060432190420937781e-03
6.899861874999999600e+03 5.627698825146442152e-01 3.060432190420937781e-03
6.907858844999999747e+03 5.674305927775455949e-01 3.060432190420937781e-03
6.915855814999999893e+03 5.607935518763794702e-01 3.060432190420937781e-03
6.923852784999999130e+03 5.562139487920465530e-01 3.060432190420937781e-03
6.931849754999999277e+03 5.555988703210068547e-01 3.060432190420937781e-03
6.939846724999999424e+03 5.580657279699555717e-01 3.060432190420937781e-03
6.947843694999999570e+03 5.517957082207091135e-01 3.060432190420937781e-03
6.955840664999999717e+03 5.458234813149458464e-01 3.060432190420937781e-03
6.963837634999999864e+03 5.483360295524841721e-01 3.060432190420937781e-03
6.971834605000000010e+03 5.461735984517248621e-01 3.060432190420937781e-03
6.979831575000000157e+03 5.445970477800106124e-01 3.060432190420937781e-03
6.987828544999999394e+03 5.404847520682427575e-01 3.060432190420937781e-03
6.995825514999999541e+03 5.441958908729935818e-01 3.060432190420937781e-03
