6.204125485000000481e+03 8.087375702417127776e-01 3.060432190420937781e-03
6.212122455000000627e+03 8.124339679755304688e-01 3.060432190420937781e-03
6.220119425000000774e+03 8.071862133427621933e-01 3.060432190420937781e-03
6.228116395000000011e+03 8.053828551583365192e-01 3.060432190420937781e-03
6.236113365000000158e+03 8.058025553876423386e-01 3.060432190420937781e-03
6.244110335000000305e+03 8.018928471774091626e-01 3.060432190420937781e-03
6.252107305000000451e+03 7.973939036001846947e-01 3.060432190420937781e-03
6.260104275000000598e+03 7.977659529023877205e-01 3.060432190420937781e-03
6.268101244999999835e+03 7.974497472628030437e-01 3.060432190420937781e-03
6.276098214999999982e+03 7.974940813267027417e-01 3.060432190420937781e-03
6.284095185000000129e+03 8.040071643481927488e-01 3.060432190420937781e-03
6.292092155000000275e+03 7.910103423148471258e-01 3.060432190420937781e-03
6.300089125000000422e+03 7.939735174050163158e-01 3.060432190420937781e-03
6.308086095000000569e+03 7.896387879100797980e-01 3.060432190420937781e-03
6.316083065000000715e+03 7.889748646284387990e-01 3.060432190420937781e-03
6.324080034999999953e+03 7.839479575473141670e-01 3.060432190420937781e-03
6.332077005000000099e+03 7.847701636497391720e-01 3.060432190420937781e-03
6.340073975000000246e+03 7.848759594711215426e-01 3.060432190420937781e-03
6.348070945000000393e+03 7.875322235204761379e-01 3.060432190420937781e-03
6.356067915000000539e+03 7.959047498596281134e-01 3.060432190420937781e-03
6.364064884999999776e+03 8.020641050862831190e-01 3.060432190420937781e-03
6.372061854999999923e+03 8.068928534165246136e-01 3.060432190420937781e-03
6.380058825000000070e+03 8.074125578577880935e-01 3.060432190420937781e-03
6.388055795000000217e+03 8.140823272896797747e-01 3.060432190420937781e-03
6.396052765000000363e+03 8.248570171838757181e-01 3.060432190420937781e-03
6.404049735000000510e+03 8.314630238940428075e-01 3.060432190420937781e-03
6.412046705000000657e+03 8.377545813754937454e-01 3.060432190420937781e-03
6.420043674999999894e+03 8.437596670974012447e-01 3.060432190420937781e-03
6.428040645000000040e+03 8.513924041607723314e-01 3.060432190420937781e-03
6.436037615000000187e+03 8.555607717418266533e-01 3.060432190420937781e-03
6.444034585000000334e+03 8.610589008205591366e-01 3.060432190420937781e-03
6.452031555000000481e+03 8.684888787699641677e-01 3.060432190420937781e-03
6.460028524999999718e+03 8.819727443559902680e-01 3.060432190420937781e-03
6.468025494999999864e+03 8.765544926396290348e-01 3.060432190420937781e-03
6.476022465000000011e+03 8.736016926144966055e-01 3.060432190420937781e-03
6.484019435000000158e+03 8.690536037567255789e-01 3.060432190420937781e-03
6.492016405000000304e+03 8.762313686151017578e-01 3.060432190420937781e-03
6.500013375000000451e+03 8.702677767038888845e-01 3.060432190420937781e-03
6.508010345000000598e+03 8.914810877765643182e-01 3.060432190420937781e-03
6.516007314999999835e+03 9.020860964869434895e-01 3.060432190420937781e-03
6.524004284999999982e+03 9.060025560295453806e-01 3.060432190420937781e-03
6.532001255000000128e+03 9.126437647490697191e-01 3.060432190420937781e-03
6.539998225000000275e+03 8.969078449960955490e-01 3.060432190420937781e-03
6.547995194999999512e+03 8.917012362528635716e-01 3.060432190420937781e-03
6.555992164999999659e+03 9.012514402907318978e-01 3.060432190420937781e-03
6.563989134999999806e+03 8.983619598589780431e-01 3.060432190420937781e-03
6.571986104999999952e+03 9.048046643852089010e-01 3.060432190420937781e-03
6.579983075000000099e+03 9.081849219502312609e-01 3.060432190420937781e-03
6.587980045000000246e+03 9.141060254747068736e-01 3.060432190420937781e-03
6.595977015000000392e+03 9.372463079061679192e-01 3.060432190420937781e-03
6.603973985000000539e+03 9.353978371263191871e-01 3.060432190420937781e-03
6.611970954999999776e+03 9.315869997326273744e-01 3.060432190420937781e-03
6.619967924999999923e+03 9.227087919317027431e-01 3.060432190420937781e-03
6.627964895000000070e+03 9.045700717064169005e-01 3.060432190420937781e-03
6.635961865000000216e+03 9.032613482253166737e-01 3.060432190420937781e-03
6.643958834999999453e+03 8.992801385847691842e-01 3.060432190420937781e-03
6.651955804999999600e+03 8.956145396908486989e-01 3.060432190420937781e-03
6.659952774999999747e+03 8.818255876765601631e-01 3.060432190420937781e-03
6.667949744999999893e+03 8.689193746163813570e-01 3.060432190420937781e-03
6.675946715000000040e+03 8.478111856241515865e-01 3.060432190420937781e-03
6.683943685000000187e+03 8.335357101860486617e-01 3.060432190420937781e-03
6.691940655000000334e+03 8.234122541579041998e-01 3.060432190420937781e-03
6.699937624999999571e+03 8.056440307937419165e-01 3.060432190420937781e-03
6.707934594999999717e+03 7.941818872578865207e-01 3.060432190420937781e-03
6.715931564999999864e+03 7.834893036350824014e-01 3.060432190420937781e-03
6.723928535000000011e+03 7.644771565794058477e-01 3.060432190420937781e-03
6.731925505000000157e+03 7.525608134673277272e-01 3.060432190420937781e-03
6.739922474999999395e+03 7.361859459403197192e-01 3.060432190420937781e-03
6.747919444999999541e+03 7.251085441230148421e-01 3.060432190420937781e-03
6.755916414999999688e+03 7.163983457122389265e-01 3.060432190420937781e-03
6.763913384999999835e+03 7.039499067883410177e-01 3.060432190420937781e-03
6.771910354999999981e+03 6.943407663048614120e-01 3.060432190420937781e-03
6.779907325000000128e+03 6.918705752540058596e-01 3.060432190420937781e-03
6.787904295000000275e+03 6.783313734880647150e-01 3.060432190420937781e-03
6.795901264999999512e+03 6.791775408817481985e-01 3.060432190420937781e-03
6.803898234999999659e+03 6.695243919916109565e-01 3.060432190420937781e-03
6.811895204999999805e+03 6.722441193998395237e-01 3.060432190420937781e-03
6.819892174999999952e+03 6.633657681509312898e-01 3.060432190420937781e-03
6.827889145000000099e+03 6.637854977063655237e-01 3.060432190420937781e-03
6.835886114999999336e+03 6.593487139994183011e-01 3.060432190420937781e-03
6.843883084999999483e+03 6.518554732138227559e-01 3.060432190420937781e-03
6.851880054999999629e+03 6.518491478361521096e-01 3.060432190420937781e-03
6.859877024999999776e+03 6.537095710922438130e-01 3.060432190420937781e-03
6.867873994999999923e+03 6.480072987554819086e-01 3.060432190420937781e-03
6.875870965000000069e+03 6.434056361593203377e-01 3.060432190420937781e-03
6.883867935000000216e+03 6.445658397786068194e-01 3.060432190420937781e-03
6.891864904999999453e+03 6.435205813011131148e-01 3.060432190420937781e-03
6.899861874999999600e+03 6.384292733978131906e-01 3.060432190420937781e-03
6.907858844999999747e+03 6.385235169215215389e-01 3.060432190420937781e-03
6.915855814999999893e+03 6.345226841356090830e-01 3.060432190420937781e-03
6.923852784999999130e+03 6.281223997495086753e-01 3.060432190420937781e-03
6.931849754999999277e+03 6.268180026095118151e-01 3.060432190420937781e-03
6.939846724999999424e+03 6.277970231797886935e-01 3.060432190420937781e-03
6.947843694999999570e+03 6.239190714786920777e-01 3.060432190420937781e-03
6.955840664999999717e+03 6.218103540508259641e-01 3.060432190420937781e-03
6.963837634999999864e+03 6.205289764333945524e-01 3.060432190420937781e-03
6.971834605000000010e+03 6.171842701358809524e-01 3.060432190420937781e-03
6.979831575000000157e+03 6.169391762278758629e-01 3.060432190420937781e-03
6.987828544999999394e+03 6.080987947727113374e-01 3.060432190420937781e-03
6.995825514999999541e+03 5.990705243412300929e-01 3.060432190420937781e-03
