6.204125485000000481e+03 7.686973956081647463e-01 3.060432190420937781e-03
6.212122455000000627e+03 7.665917236340401564e-01 3.060432190420937781e-03
6.220119425000000774e+03 7.670961566099181450e-01 3.060432190420937781e-03
6.228116395000000011e+03 7.695673927351334154e-01 3.060432190420937781e-03
6.236113365000000158e+03 7.613109322414094438e-01 3.060432190420937781e-03
6.244110335000000305e+03 7.653473712771218240e-01 3.060432190420937781e-03
6.252107305000000451e+03 7.612995838596043896e-01 3.060432190420937781e-03
6.260104275000000598e+03 7.590763485908467167e-01 3.060432190420937781e-03
6.268101244999999835e+03 7.581335946126130931e-01 3.060432190420937781e-03
6.276098214999999982e+03 7.584021706381675054e-01 3.060432190420937781e-03
6.284095185000000129e+03 7.491055958521454228e-01 3.060432190420937781e-03
6.292092155000000275e+03 7.465488437947744860e-01 3.060432190420937781e-03
6.300089125000000422e+03 7.517656554422549320e-01 3.060432190420937781e-03
6.308086095000000569e+03 7.481929744779737268e-01 3.060432190420937781e-03
6.316083065000000715e+03 7.406281466514286205e-01 3.060432190420937781e-03
6.324080034999999953e+03 7.455118329608361183e-01 3.060432190420937781e-03
6.332077005000000099e+03 7.487027897840141666e-01 3.060432190420937781e-03
6.340073975000000246e+03 7.496299045439188680e-01 3.060432190420937781e-03
6.348070945000000393e+03 7.542871432379050223e-01 3.060432190420937781e-03
6.356067915000000539e+03 7.546418468963040915e-01 3.060432190420937781e-03
6.364064884999999776e+03 7.569802496785608126e-01 3.060432190420937781e-03
6.372061854999999923e+03 7.614292394051274115e-01 3.060432190420937781e-03
6.380058825000000070e+03 7.620866584176955172e-01 3.060432190420937781e-03
6.388055795000000217e+03 7.769498039055829919e-01 3.060432190420937781e-03
6.396052765000000363e+03 7.717124694164264609e-01 3.060432190420937781e-03
6.404049735000000510e+03 7.805736238323058851e-01 3.060432190420937781e-03
6.412046705000000657e+03 7.834585854587466924e-01 3.060432190420937781e-03
6.420043674999999894e+03 7.856954780119561610e-01 3.060432190420937781e-03
6.428040645000000040e+03 7.932057188294863170e-01 3.060432190420937781e-03
6.436037615000000187e+03 8.061348748536210085e-01 3.060432190420937781e-03
6.444034585000000334e+03 8.048455190452907804e-01 3.060432190420937781e-03
6.452031555000000481e+03 8.073100481227226677e-01 3.060432190420937781e-03
6.460028524999999718e+03 8.110607143586641143e-01 3.060432190420937781e-03
6.468025494999999864e+03 8.174255152751969122e-01 3.060432190420937781e-03
6.476022465000000011e+03 8.218750317317640164e-01 3.060432190420937781e-03
6.484019435000000158e+03 8.294509423372873336e-01 3.060432190420937781e-03
6.492016405000000304e+03 8.232332755280277192e-01 3.060432190420937781e-03
6.500013375000000451e+03 8.372410191655400569e-01 3.060432190420937781e-03
6.508010345000000598e+03 8.469202424792523498e-01 3.060432190420937781e-03
6.516007314999999835e+03 8.630803530173544180e-01 3.060432190420937781e-03
6.524004284999999982e+03 8.725276516890586587e-01 3.060432190420937781e-03
6.532001255000000128e+03 8.688453464399947812e-01 3.060432190420937781e-03
6.539998225000000275e+03 8.568744397610846830e-01 3.060432190420937781e-03
6.547995194999999512e+03 8.606880880562173264e-01 3.060432190420937781e-03
6.555992164999999659e+03 8.559605044922588002e-01 3.060432190420937781e-03
6.563989134999999806e+03 8.544672824830982227e-01 3.060432190420937781e-03
6.571986104999999952e+03 8.583646925493260138e-01 3.060432190420937781e-03
6.579983075000000099e+03 8.597623727985885811e-01 3.060432190420937781e-03
6.587980045000000246e+03 8.633688154229809397e-01 3.060432190420937781e-03
6.595977015000000392e+03 8.886220448084127810e-01 3.060432190420937781e-03
6.603973985000000539e+03 8.924188078600625573e-01 3.060432190420937781e-03
6.611970954999999776e+03 8.813779741967751047e-01 3.060432190420937781e-03
6.619967924999999923e+03 8.671413831941504613e-01 3.060432190420937781e-03
6.627964895000000070e+03 8.582473657993821003e-01 3.060432190420937781e-03
6.635961865000000216e+03 8.433572380168024019e-01 3.060432190420937781e-03
6.643958834999999453e+03 8.452502193555655463e-01 3.060432190420937781e-03
6.651955804999999600e+03 8.339733539531797302e-01 3.060432190420937781e-03
6.659952774999999747e+03 8.188276531312821405e-01 3.060432190420937781e-03
6.667949744999999893e+03 8.065617539313744144e-01 3.060432190420937781e-03
6.675946715000000040e+03 7.899298462821412459e-01 3.060432190420937781e-03
6.683943685000000187e+03 7.801611547876410313e-01 3.060432190420937781e-03
6.691940655000000334e+03 7.605553649584610998e-01 3.060432190420937781e-03
6.699937624999999571e+03 7.586332131775483933e-01 3.060432190420937781e-03
6.707934594999999717e+03 7.363995991715006628e-01 3.060432190420937781e-03
6.715931564999999864e+03 7.252107947764673268e-01 3.060432190420937781e-03
6.723928535000000011e+03 7.159210218509434176e-01 3.060432190420937781e-03
6.731925505000000157e+03 7.008913250092392300e-01 3.060432190420937781e-03
6.739922474999999395e+03 7.030627061120933163e-01 3.060432190420937781e-03
6.747919444999999541e+03 6.862645067183434922e-01 3.060432190420937781e-03
6.755916414999999688e+03 6.772404378688728910e-01 3.060432190420937781e-03
6.763913384999999835e+03 6.649695881899179151e-01 3.060432190420937781e-03
6.771910354999999981e+03 6.627474090594147604e-01 3.060432190420937781e-03
6.779907325000000128e+03 6.542622452895099361e-01 3.060432190420937781e-03
6.787904295000000275e+03 6.493429237443454349e-01 3.060432190420937781e-03
6.795901264999999512e+03 6.451959854280809870e-01 3.060432190420937781e-03
6.803898234999999659e+03 6.405780770464142293e-01 3.060432190420937781e-03
6.811895204999999805e+03 6.330664082612194044e-01 3.060432190420937781e-03
6.819892174999999952e+03 6.318669729762229625e-01 3.060432190420937781e-03
6.827889145000000099e+03 6.364060013027654783e-01 3.060432190420937781e-03
6.835886114999999336e+03 6.238564651084627100e-01 3.060432190420937781e-03
6.843883084999999483e+03 6.145023305197815366e-01 3.060432190420937781e-03
6.851880054999999629e+03 6.192835945452090929e-01 3.060432190420937781e-03
6.859877024999999776e+03 6.172971373305583542e-01 3.060432190420937781e-03
6.867873994999999923e+03 6.170754197596347579e-01 3.060432190420937781e-03
6.875870965000000069e+03 6.115545106882552817e-01 3.060432190420937781e-03
6.883867935000000216e+03 6.147491629243362343e-01 3.060432190420937781e-03
6.891864904999999453e+03 6.004582857614984004e-01 3.060432190420937781e-03
6.899861874999999600e+03 6.031119073347496196e-01 3.060432190420937781e-03
6.907858844999999747e+03 6.027234518029509491e-01 3.060432190420937781e-03
6.915855814999999893e+03 6.032234381369707688e-01 3.060432190420937781e-03
6.923852784999999130e+03 5.999921547031655811e-01 3.060432190420937781e-03
6.931849754999999277e+03 5.994686457757902875e-01 3.060432190420937781e-03
6.939846724999999424e+03 5.930825795241880805e-01 3.060432190420937781e-03
6.947843694999999570e+03 5.930402808116465030e-01 3.060432190420937781e-03
6.955840664999999717e+03 5.916077758692268596e-01 3.060432190420937781e-03
6.963837634999999864e+03 5.866220866479745499e-01 3.060432190420937781e-03
6.971834605000000010e+03 5.860499831670689108e-01 3.060432190420937781e-03
6.979831575000000157e+03 5.821222642560751614e-01 3.060432190420937781e-03
6.987828544999999394e+03 5.798808035387252868e-01 3.060432190420937781e-03
6.995825514999999541e+03 5.774221891894000258e-01 3.060432190420937781e-03
