6.204125485000000481e+03 7.026515778826810665e-01 3.060432190420937781e-03
6.212122455000000627e+03 7.069491542230462722e-01 3.060432190420937781e-03
6.220119425000000774e+03 7.021579350298492450e-01 3.060432190420937781e-03
6.228116395000000011e+03 7.004236883960611726e-01 3.060432190420937781e-03
6.236113365000000158e+03 6.966893961462200524e-01 3.060432190420937781e-03
6.244110335000000305e+03 6.996116312370490586e-01 3.060432190420937781e-03
6.252107305000000451e+03 6.992216774996647954e-01 3.060432190420937781e-03
6.260104275000000598e+03 6.953139620337143167e-01 3.060432190420937781e-03
6.268101244999999835e+03 6.946145699921714156e-01 3.060432190420937781e-03
6.276098214999999982e+03 6.928445048172575671e-01 3.060432190420937781e-03
6.284095185000000129e+03 6.899641976942023636e-01 3.060432190420937781e-03
6.292092155000000275e+03 6.871684875559881389e-01 3.060432190420937781e-03
6.300089125000000422e+03 6.889234975324601828e-01 3.060432190420937781e-03
6.308086095000000569e+03 6.923476025405231882e-01 3.060432190420937781e-03
6.316083065000000715e+03 6.887623013601039679e-01 3.060432190420937781e-03
6.324080034999999953e+03 6.839954615014889328e-01 3.060432190420937781e-03
6.332077005000000099e+03 6.868658029594221226e-01 3.060432190420937781e-03
6.340073975000000246e+03 6.875358761807387475e-01 3.060432190420937781e-03
6.348070945000000393e+03 6.814737926615401786e-01 3.060432190420937781e-03
6.356067915000000539e+03 6.931187178122911741e-01 3.060432190420937781e-03
6.364064884999999776e+03 6.975334921244955577e-01 3.060432190420937781e-03
6.372061854999999923e+03 7.004756779636556185e-01 3.060432190420937781e-03
6.380058825000000070e+03 7.050794465645157105e-01 3.060432190420937781e-03
6.388055795000000217e+03 7.070459331901802758e-01 3.060432190420937781e-03
6.396052765000000363e+03 7.180711540069221188e-01 3.060432190420937781e-03
6.404049735000000510e+03 7.176735436319601202e-01 3.060432190420937781e-03
6.412046705000000657e+03 7.219970022847829183e-01 3.060432190420937781e-03
6.420043674999999894e+03 7.249042347031529054e-01 3.060432190420937781e-03
6.428040645000000040e+03 7.334918464673905181e-01 3.060432190420937781e-03
6.436037615000000187e+03 7.309269679236362061e-01 3.060432190420937781e-03
6.444034585000000334e+03 7.485933765585214283e-01 3.060432190420937781e-03
6.452031555000000481e+03 7.515766354211714795e-01 3.060432190420937781e-03
6.460028524999999718e+03 7.553001300688618747e-01 3.060432190420937781e-03
6.468025494999999864e+03 7.658745706816271204e-01 3.060432190420937781e-03
6.476022465000000011e+03 7.691146717468366756e-01 3.060432190420937781e-03
6.484019435000000158e+03 7.703336637107935925e-01 3.060432190420937781e-03
6.492016405000000304e+03 7.778883596374178699e-01 3.060432190420937781e-03
6.500013375000000451e+03 7.837234722028590950e-01 3.060432190420937781e-03
6.508010345000000598e+03 8.076999640143718295e-01 3.060432190420937781e-03
6.516007314999999835e+03 8.155456967668188728e-01 3.060432190420937781e-03
6.524004284999999982e+03 8.153678867012156273e-01 3.060432190420937781e-03
6.532001255000000128e+03 8.157380327035579359e-01 3.060432190420937781e-03
6.539998225000000275e+03 8.051167908458188860e-01 3.060432190420937781e-03
6.547995194999999512e+03 8.003511294968308487e-01 3.060432190420937781e-03
6.555992164999999659e+03 7.973842690757814156e-01 3.060432190420937781e-03
6.563989134999999806e+03 7.913721931687395239e-01 3.060432190420937781e-03
6.571986104999999952e+03 8.026653900342883841e-01 3.060432190420937781e-03
6.579983075000000099e+03 8.043720989677402011e-01 3.060432190420937781e-03
6.587980045000000246e+03 8.069731591417821370e-01 3.060432190420937781e-03
6.595977015000000392e+03 8.327305709740618900e-01 3.060432190420937781e-03
6.603973985000000539e+03 8.326360727316818311e-01 3.060432190420937781e-03
6.611970954999999776e+03 8.315545314486427753e-01 3.060432190420937781e-03
6.619967924999999923e+03 8.225955802070935574e-01 3.060432190420937781e-03
6.627964895000000070e+03 8.068975843916526003e-01 3.060432190420937781e-03
6.635961865000000216e+03 8.037535567326842267e-01 3.060432190420937781e-03
6.643958834999999453e+03 7.888700059002303755e-01 3.060432190420937781e-03
6.651955804999999600e+03 7.785518187096809317e-01 3.060432190420937781e-03
6.659952774999999747e+03 7.663619293160854884e-01 3.060432190420937781e-03
6.667949744999999893e+03 7.505879237110631985e-01 3.060432190420937781e-03
6.675946715000000040e+03 7.309984644231113382e-01 3.060432190420937781e-03
6.683943685000000187e+03 7.237346252321460449e-01 3.060432190420937781e-03
6.691940655000000334e+03 7.082468905496396294e-01 3.060432190420937781e-03
6.699937624999999571e+03 6.932305757642789334e-01 3.060432190420937781e-03
6.707934594999999717e+03 6.859324943509137462e-01 3.060432190420937781e-03
6.715931564999999864e+03 6.680326521240547155e-01 3.060432190420937781e-03
6.723928535000000011e+03 6.643757286707219212e-01 3.060432190420937781e-03
6.731925505000000157e+03 6.463891985585575872e-01 3.060432190420937781e-03
6.739922474999999395e+03 6.466121706623216836e-01 3.060432190420937781e-03
6.747919444999999541e+03 6.311555767791570126e-01 3.060432190420937781e-03
6.755916414999999688e+03 6.232774212076473974e-01 3.060432190420937781e-03
6.763913384999999835e+03 6.151921428748837739e-01 3.060432190420937781e-03
6.771910354999999981e+03 6.062202419716385959e-01 3.060432190420937781e-03
6.779907325000000128e+03 6.004724587020718873e-01 3.060432190420937781e-03
6.787904295000000275e+03 5.891973617650566597e-01 3.060432190420937781e-03
6.795901264999999512e+03 5.861634372773697477e-01 3.060432190420937781e-03
6.803898234999999659e+03 5.826696705785796571e-01 3.060432190420937781e-03
6.811895204999999805e+03 5.791321953827737179e-01 3.060432190420937781e-03
6.819892174999999952e+03 5.813386440745594852e-01 3.060432190420937781e-03
6.827889145000000099e+03 5.779338653288716987e-01 3.060432190420937781e-03
6.835886114999999336e+03 5.703799344273060568e-01 3.060432190420937781e-03
6.843883084999999483e+03 5.736154826401230755e-01 3.060432190420937781e-03
6.851880054999999629e+03 5.648106778332371292e-01 3.060432190420937781e-03
6.859877024999999776e+03 5.668582171652045698e-01 3.060432190420937781e-03
6.867873994999999923e+03 5.622356644056710762e-01 3.060432190420937781e-03
6.875870965000000069e+03 5.627470714786997341e-01 3.060432190420937781e-03
6.883867935000000216e+03 5.610080011993054949e-01 3.060432190420937781e-03
6.891864904999999453e+03 5.569266334406227648e-01 3.060432190420937781e-03
6.899861874999999600e+03 5.547146170858033853e-01 3.060432190420937781e-03
6.907858844999999747e+03 5.510477224981621402e-01 3.060432190420937781e-03
6.915855814999999893e+03 5.555002246238160968e-01 3.060432190420937781e-03
6.923852784999999130e+03 5.553316277522946098e-01 3.060432190420937781e-03
6.931849754999999277e+03 5.496227479025517226e-01 3.060432190420937781e-03
6.939846724999999424e+03 5.463965401842887371e-01 3.060432190420937781e-03
6.947843694999999570e+03 5.472764903191763564e-01 3.060432190420937781e-03
6.955840664999999717e+03 5.410458705949888758e-01 3.060432190420937781e-03
6.963837634999999864e+03 5.428003014408446791e-01 3.060432190420937781e-03
6.971834605000000010e+03 5.366478018525773219e-01 3.060432190420937781e-03
6.979831575000000157e+03 5.395120025787634166e-01 3.060432190420937781e-03
6.987828544999999394e+03 5.241693052613370929e-01 3.060432190420937781e-03
6.995825514999999541e+03 5.257678985085671997e-01 3.060432190420937781e-03
