6.204125485000000481e+03 5.356906549700964915e-01 3.060432190420937781e-03
6.212122455000000627e+03 5.338786747418560186e-01 3.060432190420937781e-03
6.220119425000000774e+03 5.335161343320694582e-01 3.060432190420937781e-03
6.228116395000000011e+03 5.309381343890883231e-01 3.060432190420937781e-03
6.236113365000000158e+03 5.274548795320204153e-01 3.060432190420937781e-03
6.244110335000000305e+03 5.324538738920366887e-01 3.060432190420937781e-03
6.252107305000000451e+03 5.263973276242088772e-01 3.060432190420937781e-03
6.260104275000000598e+03 5.258762451379066505e-01 3.060432190420937781e-03
6.268101244999999835e+03 5.275731637016096709e-01 3.060432190420937781e-03
6.276098214999999982e+03 5.248626548569476080e-01 3.060432190420937781e-03
6.284095185000000129e+03 5.236086283213978732e-01 3.060432190420937781e-03
6.292092155000000275e+03 5.274123475347999301e-01 3.060432190420937781e-03
6.300089125000000422e+03 5.272501908267421822e-01 3.060432190420937781e-03
6.308086095000000569e+03 5.207268766827192197e-01 3.060432190420937781e-03
6.316083065000000715e+03 5.267723411532072575e-01 3.060432190420937781e-03
6.324080034999999953e+03 5.203689323810239964e-01 3.060432190420937781e-03
6.332077005000000099e+03 5.208474662571871416e-01 3.060432190420937781e-03
6.340073975000000246e+03 5.229056092150650148e-01 3.060432190420937781e-03
6.348070945000000393e+03 5.225677782055402343e-01 3.060432190420937781e-03
6.356067915000000539e+03 5.301637354587634965e-01 3.060432190420937781e-03
6.364064884999999776e+03 5.306002055212890589e-01 3.060432190420937781e-03
6.372061854999999923e+03 5.361923487034230273e-01 3.060432190420937781e-03
6.380058825000000070e+03 5.338707413861654150e-01 3.060432190420937781e-03
6.388055795000000217e+03 5.431987399222814039e-01 3.060432190420937781e-03
6.396052765000000363e+03 5.454904679897761843e-01 3.060432190420937781e-03
6.404049735000000510e+03 5.529396159686614798e-01 3.060432190420937781e-03
6.412046705000000657e+03 5.492252790127676310e-01 3.060432190420937781e-03
6.420043674999999894e+03 5.638584421521319889e-01 3.060432190420937781e-03
6.428040645000000040e+03 5.683051777272515315e-01 3.060432190420937781e-03
6.436037615000000187e+03 5.666063071548063101e-01 3.060432190420937781e-03
6.444034585000000334e+03 5.763725033501363448e-01 3.060432190420937781e-03
6.452031555000000481e+03 5.822171292501562290e-01 3.060432190420937781e-03
6.460028524999999718e+03 5.880675716168285438e-01 3.060432190420937781e-03
6.468025494999999864e+03 5.892044024151372739e-01 3.060432190420937781e-03
6.476022465000000011e+03 5.951441806964091752e-01 3.060432190420937781e-03
6.484019435000000158e+03 6.076611452273212866e-01 3.060432190420937781e-03
6.492016405000000304e+03 6.044750782080674512e-01 3.060432190420937781e-03
6.500013375000000451e+03 6.219817153498619078e-01 3.060432190420937781e-03
6.508010345000000598e+03 6.362484032847687265e-01 3.060432190420937781e-03
6.516007314999999835e+03 6.538841533442706355e-01 3.060432190420937781e-03
6.524004284999999982e+03 6.597628897492756606e-01 3.060432190420937781e-03
6.532001255000000128e+03 6.598481412175125627e-01 3.060432190420937781e-03
6.539998225000000275e+03 6.440709747885250414e-01 3.060432190420937781e-03
6.547995194999999512e+03 6.395532353585288154e-01 3.060432190420937781e-03
6.555992164999999659e+03 6.400177764586639784e-01 3.060432190420937781e-03
6.563989134999999806e+03 6.418444716878981549e-01 3.060432190420937781e-03
6.571986104999999952e+03 6.458339618632725765e-01 3.060432190420937781e-03
6.579983075000000099e+03 6.475183765962163607e-01 3.060432190420937781e-03
6.587980045000000246e+03 6.520591580144955435e-01 3.060432190420937781e-03
6.595977015000000392e+03 6.730898758593442111e-01 3.060432190420937781e-03
6.603973985000000539e+03 6.719406174035574830e-01 3.060432190420937781e-03
6.611970954999999776e+03 6.699339711991130208e-01 3.060432190420937781e-03
6.619967924999999923e+03 6.531552686401735919e-01 3.060432190420937781e-03
6.627964895000000070e+03 6.404313008110745775e-01 3.060432190420937781e-03
6.635961865000000216e+03 6.313755233886809703e-01 3.060432190420937781e-03
6.643958834999999453e+03 6.176270781274716404e-01 3.060432190420937781e-03
6.651955804999999600e+03 6.082125276186605145e-01 3.060432190420937781e-03
6.659952774999999747e+03 6.044915733452599360e-01 3.060432190420937781e-03
6.667949744999999893e+03 5.844974462736678422e-01 3.060432190420937781e-03
6.675946715000000040e+03 5.781472385483055199e-01 3.060432190420937781e-03
6.683943685000000187e+03 5.662404644743131987e-01 3.060432190420937781e-03
6.691940655000000334e+03 5.560656345776843201e-01 3.060432190420937781e-03
6.699937624999999571e+03 5.377250554442232211e-01 3.060432190420937781e-03
6.707934594999999717e+03 5.283211711876500960e-01 3.060432190420937781e-03
6.715931564999999864e+03 5.193307742295366625e-01 3.060432190420937781e-03
6.723928535000000011e+03 5.128544742239672383e-01 3.060432190420937781e-03
6.731925505000000157e+03 5.037651612082295616e-01 3.060432190420937781e-03
6.739922474999999395e+03 4.956926836119466828e-01 3.060432190420937781e-03
6.747919444999999541e+03 4.864120755452261968e-01 3.060432190420937781e-03
6.755916414999999688e+03 4.821777676040652771e-01 3.060432190420937781e-03
6.763913384999999835e+03 4.707611833092523179e-01 3.060432190420937781e-03
6.771910354999999981e+03 4.617736729400511719e-01 3.060432190420937781e-03
6.779907325000000128e+03 4.631669452874904169e-01 3.060432190420937781e-03
6.787904295000000275e+03 4.536606207350990516e-01 3.060432190420937781e-03
6.795901264999999512e+03 4.510094510157496295e-01 3.060432190420937781e-03
6.803898234999999659e+03 4.480023033720308967e-01 3.060432190420937781e-03
6.811895204999999805e+03 4.391422243843855489e-01 3.060432190420937781e-03
6.819892174999999952e+03 4.434997002363785246e-01 3.060432190420937781e-03
6.827889145000000099e+03 4.341330272535451895e-01 3.060432190420937781e-03
6.835886114999999336e+03 4.381533290248896262e-01 3.060432190420937781e-03
6.843883084999999483e+03 4.362606489971589396e-01 3.060432190420937781e-03
6.851880054999999629e+03 4.332627320367885004e-01 3.060432190420937781e-03
6.859877024999999776e+03 4.335397481734188929e-01 3.060432190420937781e-03
6.867873994999999923e+03 4.249680167138377707e-01 3.060432190420937781e-03
6.875870965000000069e+03 4.240689829327672355e-01 3.060432190420937781e-03
6.883867935000000216e+03 4.225909427944820607e-01 3.060432190420937781e-03
6.891864904999999453e+03 4.200019004339614059e-01 3.060432190420937781e-03
6.899861874999999600e+03 4.225783809277131042e-01 3.060432190420937781e-03
6.907858844999999747e+03 4.192675644745855745e-01 3.060432190420937781e-03
6.915855814999999893e+03 4.164000998377286877e-01 3.060432190420937781e-03
6.923852784999999130e+03 4.106242646060070944e-01 3.060432190420937781e-03
6.931849754999999277e+03 4.130877349547484867e-01 3.060432190420937781e-03
6.939846724999999424e+03 4.101661480959871708e-01 3.060432190420937781e-03
6.947843694999999570e+03 4.090181963884779726e-01 3.060432190420937781e-03
6.955840664999999717e+03 4.070975857359142025e-01 3.060432190420937781e-03
6.963837634999999864e+03 4.101730731674073649e-01 3.060432190420937781e-03
6.971834605000000010e+03 4.009746489989042817e-01 3.060432190420937781e-03
6.979831575000000157e+03 4.044644009643073579e-01 3.060432190420937781e-03
6.987828544999999394e+03 4.033045448570306557e-01 3.060432190420937781e-03
6.995825514999999541e+03 3.996417629604303023e-01 3.060432190420937781e-03
