6.204125485000000481e+03 7.112111251400828893e-01 3.060432190420937781e-03
6.212122455000000627e+03 7.085041723372359490e-01 3.060432190420937781e-03
6.220119425000000774e+03 7.022203751788766990e-01 3.060432190420937781e-03
6.228116395000000011e+03 7.044523846061711003e-01 3.060432190420937781e-03
6.236113365000000158e+03 7.079280395365036282e-01 3.060432190420937781e-03
6.244110335000000305e+03 7.005135802052162575e-01 3.060432190420937781e-03
6.252107305000000451e+03 6.970606402733400264e-01 3.060432190420937781e-03
6.260104275000000598e+03 6.950250477971881002e-01 3.060432190420937781e-03
6.268101244999999835e+03 6.999375928340847430e-01 3.060432190420937781e-03
6.276098214999999982e+03 6.960028978595720339e-01 3.060432190420937781e-03
6.284095185000000129e+03 6.943749288982509205e-01 3.060432190420937781e-03
6.292092155000000275e+03 6.989793557518712008e-01 3.060432190420937781e-03
6.300089125000000422e+03 6.941421542703611891e-01 3.060432190420937781e-03
6.308086095000000569e+03 6.916524313329230900e-01 3.060432190420937781e-03
6.316083065000000715e+03 6.907029884151669741e-01 3.060432190420937781e-03
6.324080034999999953e+03 6.939730355078609358e-01 3.060432190420937781e-03
6.332077005000000099e+03 6.890653544166963629e-01 3.060432190420937781e-03
6.340073975000000246e+03 6.911164278904983194e-01 3.060432190420937781e-03
6.348070945000000393e+03 6.941890057346687959e-01 3.060432190420937781e-03
6.356067915000000539e+03 6.928782440908582974e-01 3.060432190420937781e-03
6.364064884999999776e+03 7.023146537098130526e-01 3.060432190420937781e-03
6.372061854999999923e+03 7.074070370136481545e-01 3.060432190420937781e-03
6.380058825000000070e+03 7.131693175798540230e-01 3.060432190420937781e-03
6.388055795000000217e+03 7.228668554528261403e-01 3.060432190420937781e-03
6.396052765000000363e+03 7.298554687107378092e-01 3.060432190420937781e-03
6.404049735000000510e+03 7.322116825014177710e-01 3.060432190420937781e-03
6.412046705000000657e+03 7.328271687807887957e-01 3.060432190420937781e-03
6.420043674999999894e+03 7.476156031302194638e-01 3.060432190420937781e-03
6.428040645000000040e+03 7.534384749799349912e-01 3.060432190420937781e-03
6.436037615000000187e+03 7.609400566595075910e-01 3.060432190420937781e-03
6.444034585000000334e+03 7.663443899719893926e-01 3.060432190420937781e-03
6.452031555000000481e+03 7.809345674330336884e-01 3.060432190420937781e-03
6.460028524999999718e+03 7.867278270666075990e-01 3.060432190420937781e-03
6.468025494999999864e+03 7.793190912503744627e-01 3.060432190420937781e-03
6.476022465000000011e+03 7.797455157783198532e-01 3.060432190420937781e-03
6.484019435000000158e+03 7.827086908353768635e-01 3.060432190420937781e-03
6.492016405000000304e+03 7.870111616990306258e-01 3.060432190420937781e-03
6.500013375000000451e+03 7.852062900153694569e-01 3.060432190420937781e-03
6.508010345000000598e+03 7.988244134776021355e-01 3.060432190420937781e-03
6.516007314999999835e+03 8.088938362147652938e-01 3.060432190420937781e-03
6.524004284999999982e+03 8.175034240191616508e-01 3.060432190420937781e-03
6.532001255000000128e+03 8.216938631149752759e-01 3.060432190420937781e-03
6.539998225000000275e+03 8.037631537611944488e-01 3.060432190420937781e-03
6.547995194999999512e+03 8.036336700761230745e-01 3.060432190420937781e-03
6.555992164999999659e+03 8.048332988424312662e-01 3.060432190420937781e-03
6.563989134999999806e+03 8.063063547183156876e-01 3.060432190420937781e-03
6.571986104999999952e+03 8.175929359999124513e-01 3.060432190420937781e-03
6.579983075000000099e+03 8.185525377091192878e-01 3.060432190420937781e-03
6.587980045000000246e+03 8.286320954191688237e-01 3.060432190420937781e-03
6.595977015000000392e+03 8.487548347869361409e-01 3.060432190420937781e-03
6.603973985000000539e+03 8.487654229747627621e-01 3.060432190420937781e-03
6.611970954999999776e+03 8.461427165757778868e-01 3.060432190420937781e-03
6.619967924999999923e+03 8.305622728239908659e-01 3.060432190420937781e-03
6.627964895000000070e+03 8.197942057035647601e-01 3.060432190420937781e-03
6.635961865000000216e+03 8.209626466621516849e-01 3.060432190420937781e-03
6.643958834999999453e+03 8.134079860577642096e-01 3.060432190420937781e-03
6.651955804999999600e+03 8.084834928080747440e-01 3.060432190420937781e-03
6.659952774999999747e+03 7.963683194259022491e-01 3.060432190420937781e-03
6.667949744999999893e+03 7.790081919805721400e-01 3.060432190420937781e-03
6.675946715000000040e+03 7.697840685719788967e-01 3.060432190420937781e-03
6.683943685000000187e+03 7.539216221267305285e-01 3.060432190420937781e-03
6.691940655000000334e+03 7.362712690259463066e-01 3.060432190420937781e-03
6.699937624999999571e+03 7.198220450568794115e-01 3.060432190420937781e-03
6.707934594999999717e+03 7.104537852146761701e-01 3.060432190420937781e-03
6.715931564999999864e+03 6.985987958036320444e-01 3.060432190420937781e-03
6.723928535000000011e+03 6.772701703403971596e-01 3.060432190420937781e-03
6.731925505000000157e+03 6.654384831343861384e-01 3.060432190420937781e-03
6.739922474999999395e+03 6.485503816609551331e-01 3.060432190420937781e-03
6.747919444999999541e+03 6.399222862674760481e-01 3.060432190420937781e-03
6.755916414999999688e+03 6.303914588341500425e-01 3.060432190420937781e-03
6.763913384999999835e+03 6.152770467875311455e-01 3.060432190420937781e-03
6.771910354999999981e+03 6.090066603044531623e-01 3.060432190420937781e-03
6.779907325000000128e+03 6.014858958545488132e-01 3.060432190420937781e-03
6.787904295000000275e+03 5.971287287726098070e-01 3.060432190420937781e-03
6.795901264999999512e+03 5.956606687814332002e-01 3.060432190420937781e-03
6.803898234999999659e+03 5.949086288609730655e-01 3.060432190420937781e-03
6.811895204999999805e+03 5.915445022576657497e-01 3.060432190420937781e-03
6.819892174999999952e+03 5.801789936208049392e-01 3.060432190420937781e-03
6.827889145000000099e+03 5.817269317030165920e-01 3.060432190420937781e-03
6.835886114999999336e+03 5.814888888586826621e-01 3.060432190420937781e-03
6.843883084999999483e+03 5.774705074616258704e-01 3.060432190420937781e-03
6.851880054999999629e+03 5.708613572376302070e-01 3.060432190420937781e-03
6.859877024999999776e+03 5.710581427112613184e-01 3.060432190420937781e-03
6.867873994999999923e+03 5.681628209902934712e-01 3.060432190420937781e-03
6.875870965000000069e+03 5.588464113049981252e-01 3.060432190420937781e-03
6.883867935000000216e+03 5.674538821435776148e-01 3.060432190420937781e-03
6.891864904999999453e+03 5.627297444759034040e-01 3.060432190420937781e-03
6.899861874999999600e+03 5.581396933203632837e-01 3.060432190420937781e-03
6.907858844999999747e+03 5.506468675729760953e-01 3.060432190420937781e-03
6.915855814999999893e+03 5.540531394717294056e-01 3.060432190420937781e-03
6.923852784999999130e+03 5.501627189591801192e-01 3.060432190420937781e-03
6.931849754999999277e+03 5.515312014749540470e-01 3.060432190420937781e-03
6.939846724999999424e+03 5.491969956237314765e-01 3.060432190420937781e-03
6.947843694999999570e+03 5.422836541473282645e-01 3.060432190420937781e-03
6.955840664999999717e+03 5.455210276212785203e-01 3.060432190420937781e-03
6.963837634999999864e+03 5.378454285532041634e-01 3.060432190420937781e-03
6.971834605000000010e+03 5.397771020015397214e-01 3.060432190420937781e-03
6.979831575000000157e+03 5.370385935350487916e-01 3.060432190420937781e-03
6.987828544999999394e+03 5.334536760402840416e-01 3.060432190420937781e-03
6.995825514999999541e+03 5.372093022937496354e-01 3.060432190420937781e-03
