6.204125485000000481e+03 7.030595953446059365e-01 3.060432190420937781e-03
6.212122455000000627e+03 7.106376571021491007e-01 3.060432190420937781e-03
6.220119425000000774e+03 7.090003162763452993e-01 3.060432190420937781e-03
6.228116395000000011e+03 7.049076312003967892e-01 3.060432190420937781e-03
6.236113365000000158e+03 7.102527587625051542e-01 3.060432190420937781e-03
6.244110335000000305e+03 6.956379484121052448e-01 3.060432190420937781e-03
6.252107305000000451e+03 7.041599989824329775e-01 3.060432190420937781e-03
6.260104275000000598e+03 6.985442539851821619e-01 3.060432190420937781e-03
6.268101244999999835e+03 6.950364184246428101e-01 3.060432190420937781e-03
6.276098214999999982e+03 7.015003926075480400e-01 3.060432190420937781e-03
6.284095185000000129e+03 6.955733252323659244e-01 3.060432190420937781e-03
6.292092155000000275e+03 6.949106751636983104e-01 3.060432190420937781e-03
6.300089125000000422e+03 6.971286135145339236e-01 3.060432190420937781e-03
6.308086095000000569e+03 6.944064772028119004e-01 3.060432190420937781e-03
6.316083065000000715e+03 6.909761631592435949e-01 3.060432190420937781e-03
6.324080034999999953e+03 6.945386985676056391e-01 3.060432190420937781e-03
6.332077005000000099e+03 6.856430093803550507e-01 3.060432190420937781e-03
6.340073975000000246e+03 6.882525364097137333e-01 3.060432190420937781e-03
6.348070945000000393e+03 6.974773277902266422e-01 3.060432190420937781e-03
6.356067915000000539e+03 6.949274800070143199e-01 3.060432190420937781e-03
6.364064884999999776e+03 7.015420291565201971e-01 3.060432190420937781e-03
6.372061854999999923e+03 7.015184211327516461e-01 3.060432190420937781e-03
6.380058825000000070e+03 7.048218123480760600e-01 3.060432190420937781e-03
6.388055795000000217e+03 7.102084152605918632e-01 3.060432190420937781e-03
6.396052765000000363e+03 7.135881682962129657e-01 3.060432190420937781e-03
6.404049735000000510e+03 7.146092598217075320e-01 3.060432190420937781e-03
6.412046705000000657e+03 7.237757211792642531e-01 3.060432190420937781e-03
6.420043674999999894e+03 7.303985474261257549e-01 3.060432190420937781e-03
6.428040645000000040e+03 7.357860772601299004e-01 3.060432190420937781e-03
6.436037615000000187e+03 7.412526337270068932e-01 3.060432190420937781e-03
6.444034585000000334e+03 7.492074728586129995e-01 3.060432190420937781e-03
6.452031555000000481e+03 7.550467054256071453e-01 3.060432190420937781e-03
6.460028524999999718e+03 7.558128409925882751e-01 3.060432190420937781e-03
6.468025494999999864e+03 7.620330288707043431e-01 3.060432190420937781e-03
6.476022465000000011e+03 7.656860540507826052e-01 3.060432190420937781e-03
6.484019435000000158e+03 7.697540682392471911e-01 3.060432190420937781e-03
6.492016405000000304e+03 7.769288353077986597e-01 3.060432190420937781e-03
6.500013375000000451e+03 7.889146006082297102e-01 3.060432190420937781e-03
6.508010345000000598e+03 8.010862725685142793e-01 3.060432190420937781e-03
6.516007314999999835e+03 8.138251476831656062e-01 3.060432190420937781e-03
6.524004284999999982e+03 8.219231221849668811e-01 3.060432190420937781e-03
6.532001255000000128e+03 8.231024573306524594e-01 3.060432190420937781e-03
6.539998225000000275e+03 8.090914721057581582e-01 3.060432190420937781e-03
6.547995194999999512e+03 8.063490928835715943e-01 3.060432190420937781e-03
6.555992164999999659e+03 8.059308331643019185e-01 3.060432190420937781e-03
6.563989134999999806e+03 8.045351659828380297e-01 3.060432190420937781e-03
6.571986104999999952e+03 8.054478874676814781e-01 3.060432190420937781e-03
6.579983075000000099e+03 8.081813780504386591e-01 3.060432190420937781e-03
6.587980045000000246e+03 8.142942959665822045e-01 3.060432190420937781e-03
6.595977015000000392e+03 8.342389562240030143e-01 3.060432190420937781e-03
6.603973985000000539e+03 8.386473916749724866e-01 3.060432190420937781e-03
6.611970954999999776e+03 8.338365963811491532e-01 3.060432190420937781e-03
6.619967924999999923e+03 8.241213525584106803e-01 3.060432190420937781e-03
6.627964895000000070e+03 8.109432585358742340e-01 3.060432190420937781e-03
6.635961865000000216e+03 8.020266111387572838e-01 3.060432190420937781e-03
6.643958834999999453e+03 7.909924477449936653e-01 3.060432190420937781e-03
6.651955804999999600e+03 7.781407954347303590e-01 3.060432190420937781e-03
6.659952774999999747e+03 7.678487821550453729e-01 3.060432190420937781e-03
6.667949744999999893e+03 7.500113624807932533e-01 3.060432190420937781e-03
6.675946715000000040e+03 7.372872114721287229e-01 3.060432190420937781e-03
6.683943685000000187e+03 7.282349177884245295e-01 3.060432190420937781e-03
6.691940655000000334e+03 7.160945199629829006e-01 3.060432190420937781e-03
6.699937624999999571e+03 7.008361627288720586e-01 3.060432190420937781e-03
6.707934594999999717e+03 6.885446873966099002e-01 3.060432190420937781e-03
6.715931564999999864e+03 6.707440056859503841e-01 3.060432190420937781e-03
6.723928535000000011e+03 6.660648892144795941e-01 3.060432190420937781e-03
6.731925505000000157e+03 6.557154351121888824e-01 3.060432190420937781e-03
6.739922474999999395e+03 6.485257550558211070e-01 3.060432190420937781e-03
6.747919444999999541e+03 6.396087909752609102e-01 3.060432190420937781e-03
6.755916414999999688e+03 6.297935357702824088e-01 3.060432190420937781e-03
6.763913384999999835e+03 6.165488332689007533e-01 3.060432190420937781e-03
6.771910354999999981e+03 6.165573949949992860e-01 3.060432190420937781e-03
6.779907325000000128e+03 6.041272403327024865e-01 3.060432190420937781e-03
6.787904295000000275e+03 5.975280162350694591e-01 3.060432190420937781e-03
6.795901264999999512e+03 5.947097851527716195e-01 3.060432190420937781e-03
6.803898234999999659e+03 5.876698551137145010e-01 3.060432190420937781e-03
6.811895204999999805e+03 5.828939030587068082e-01 3.060432190420937781e-03
6.819892174999999952e+03 5.857190514246157775e-01 3.060432190420937781e-03
6.827889145000000099e+03 5.816211590963332734e-01 3.060432190420937781e-03
6.835886114999999336e+03 5.768091278018213641e-01 3.060432190420937781e-03
6.843883084999999483e+03 5.728971384593292138e-01 3.060432190420937781e-03
6.851880054999999629e+03 5.727443835400036765e-01 3.060432190420937781e-03
6.859877024999999776e+03 5.719343156363110303e-01 3.060432190420937781e-03
6.867873994999999923e+03 5.709915471603502768e-01 3.060432190420937781e-03
6.875870965000000069e+03 5.715398221346470464e-01 3.060432190420937781e-03
6.883867935000000216e+03 5.607479954101441955e-01 3.060432190420937781e-03
6.891864904999999453e+03 5.631644795171718565e-01 3.060432190420937781e-03
6.899861874999999600e+03 5.576896415151296749e-01 3.060432190420937781e-03
6.907858844999999747e+03 5.593379306583345922e-01 3.060432190420937781e-03
6.915855814999999893e+03 5.516601747845748527e-01 3.060432190420937781e-03
6.923852784999999130e+03 5.557425974068735952e-01 3.060432190420937781e-03
6.931849754999999277e+03 5.532706066195043348e-01 3.060432190420937781e-03
6.939846724999999424e+03 5.541859014100585235e-01 3.060432190420937781e-03
6.947843694999999570e+03 5.462300445411168992e-01 3.060432190420937781e-03
6.955840664999999717e+03 5.399074377047606843e-01 3.060432190420937781e-03
6.963837634999999864e+03 5.423200094004448912e-01 3.060432190420937781e-03
6.971834605000000010e+03 5.424441494127552055e-01 3.060432190420937781e-03
6.979831575000000157e+03 5.372960556552524025e-01 3.060432190420937781e-03
6.987828544999999394e+03 5.366852475081230756e-01 3.060432190420937781e-03
6.995825514999999541e+03 5.315587234444429932e-01 3.060432190420937781e-03
