6.204125485000000481e+03 7.111240230413344854e-01 3.060432190420937781e-03
6.212122455000000627e+03 7.088076475505320495e-01 3.060432190420937781e-03
6.220119425000000774e+03 7.092215719743270030e-01 3.060432190420937781e-03
6.228116395000000011e+03 7.084260469273733207e-01 3.060432190420937781e-03
6.236113365000000158e+03 7.095930218858719218e-01 3.060432190420937781e-03
6.244110335000000305e+03 7.080365620009356764e-01 3.060432190420937781e-03
6.252107305000000451e+03 7.039354156985702105e-01 3.060432190420937781e-03
6.260104275000000598e+03 7.043235672920842294e-01 3.060432190420937781e-03
6.268101244999999835e+03 7.041961489133465868e-01 3.060432190420937781e-03
6.276098214999999982e+03 7.003223325055328852e-01 3.060432190420937781e-03
6.284095185000000129e+03 7.000745396356430339e-01 3.060432190420937781e-03
6.292092155000000275e+03 7.012299436271395292e-01 3.060432190420937781e-03
6.300089125000000422e+03 6.911035589114596922e-01 3.060432190420937781e-03
6.308086095000000569e+03 6.920960215563281004e-01 3.060432190420937781e-03
6.316083065000000715e+03 6.964387928414108586e-01 3.060432190420937781e-03
6.324080034999999953e+03 6.862233939179950282e-01 3.060432190420937781e-03
6.332077005000000099e+03 6.933567919182567207e-01 3.060432190420937781e-03
6.340073975000000246e+03 6.893269349911989030e-01 3.060432190420937781e-03
6.348070945000000393e+03 6.953220138486426727e-01 3.060432190420937781e-03
6.356067915000000539e+03 6.903363106829371043e-01 3.060432190420937781e-03
6.364064884999999776e+03 6.993389980391491179e-01 3.060432190420937781e-03
6.372061854999999923e+03 7.063363737668185705e-01 3.060432190420937781e-03
6.380058825000000070e+03 7.064296787366380892e-01 3.060432190420937781e-03
6.388055795000000217e+03 7.160159473722391699e-01 3.060432190420937781e-03
6.396052765000000363e+03 7.146562811834901163e-01 3.060432190420937781e-03
6.404049735000000510e+03 7.225806581276384977e-01 3.060432190420937781e-03
6.412046705000000657e+03 7.251740180351549103e-01 3.060432190420937781e-03
6.420043674999999894e+03 7.351655084020497499e-01 3.060432190420937781e-03
6.428040645000000040e+03 7.318404595939401736e-01 3.060432190420937781e-03
6.436037615000000187e+03 7.392668819578821493e-01 3.060432190420937781e-03
6.444034585000000334e+03 7.545926122147051940e-01 3.060432190420937781e-03
6.452031555000000481e+03 7.569265268018059434e-01 3.060432190420937781e-03
6.460028524999999718e+03 7.626652247598720846e-01 3.060432190420937781e-03
6.468025494999999864e+03 7.682645337881202074e-01 3.060432190420937781e-03
6.476022465000000011e+03 7.746154956674309311e-01 3.060432190420937781e-03
6.484019435000000158e+03 7.851094455257500160e-01 3.060432190420937781e-03
6.492016405000000304e+03 7.912009358005185344e-01 3.060432190420937781e-03
6.500013375000000451e+03 7.959344865146646963e-01 3.060432190420937781e-03
6.508010345000000598e+03 8.085957588879366664e-01 3.060432190420937781e-03
6.516007314999999835e+03 8.156662067577580277e-01 3.060432190420937781e-03
6.524004284999999982e+03 8.213334632626243526e-01 3.060432190420937781e-03
6.532001255000000128e+03 8.227651336237700175e-01 3.060432190420937781e-03
6.539998225000000275e+03 8.132587911254433033e-01 3.060432190420937781e-03
6.547995194999999512e+03 8.077790339414399057e-01 3.060432190420937781e-03
6.555992164999999659e+03 8.028310806635391428e-01 3.060432190420937781e-03
6.563989134999999806e+03 8.066417619249474091e-01 3.060432190420937781e-03
6.571986104999999952e+03 8.020123778597896269e-01 3.060432190420937781e-03
6.579983075000000099e+03 8.105036840363137873e-01 3.060432190420937781e-03
6.587980045000000246e+03 8.236686746689221295e-01 3.060432190420937781e-03
6.595977015000000392e+03 8.407193694144010632e-01 3.060432190420937781e-03
6.603973985000000539e+03 8.446841477634216000e-01 3.060432190420937781e-03
6.611970954999999776e+03 8.376477613484216711e-01 3.060432190420937781e-03
6.619967924999999923e+03 8.279554978150790445e-01 3.060432190420937781e-03
6.627964895000000070e+03 8.196523445487162718e-01 3.060432190420937781e-03
6.635961865000000216e+03 8.111689043808857358e-01 3.060432190420937781e-03
6.643958834999999453e+03 8.008536811425175372e-01 3.060432190420937781e-03
6.651955804999999600e+03 7.918301675432123377e-01 3.060432190420937781e-03
6.659952774999999747e+03 7.760101666976063628e-01 3.060432190420937781e-03
6.667949744999999893e+03 7.522407879488870464e-01 3.060432190420937781e-03
6.675946715000000040e+03 7.434803741742466165e-01 3.060432190420937781e-03
6.683943685000000187e+03 7.302925743266133196e-01 3.060432190420937781e-03
6.691940655000000334e+03 7.155122216089045972e-01 3.060432190420937781e-03
6.699937624999999571e+03 7.018489269252632390e-01 3.060432190420937781e-03
6.707934594999999717e+03 6.878428154562034047e-01 3.060432190420937781e-03
6.715931564999999864e+03 6.737131274416562343e-01 3.060432190420937781e-03
6.723928535000000011e+03 6.603024048731531703e-01 3.060432190420937781e-03
6.731925505000000157e+03 6.534936461126396035e-01 3.060432190420937781e-03
6.739922474999999395e+03 6.480422011342097388e-01 3.060432190420937781e-03
6.747919444999999541e+03 6.372463589588092114e-01 3.060432190420937781e-03
6.755916414999999688e+03 6.275038678957404192e-01 3.060432190420937781e-03
6.763913384999999835e+03 6.176632041168785836e-01 3.060432190420937781e-03
6.771910354999999981e+03 6.158751876483850030e-01 3.060432190420937781e-03
6.779907325000000128e+03 6.046057607374756282e-01 3.060432190420937781e-03
6.787904295000000275e+03 5.995354375174045680e-01 3.060432190420937781e-03
6.795901264999999512e+03 5.956288413086520128e-01 3.060432190420937781e-03
6.803898234999999659e+03 5.896441289966171118e-01 3.060432190420937781e-03
6.811895204999999805e+03 5.838789268844045699e-01 3.060432190420937781e-03
6.819892174999999952e+03 5.858563470169969589e-01 3.060432190420937781e-03
6.827889145000000099e+03 5.837155469328600965e-01 3.060432190420937781e-03
6.835886114999999336e+03 5.774149817261530204e-01 3.060432190420937781e-03
6.843883084999999483e+03 5.770382740325233906e-01 3.060432190420937781e-03
6.851880054999999629e+03 5.764512767372563795e-01 3.060432190420937781e-03
6.859877024999999776e+03 5.731740731451109294e-01 3.060432190420937781e-03
6.867873994999999923e+03 5.695808524258668681e-01 3.060432190420937781e-03
6.875870965000000069e+03 5.722724863885936264e-01 3.060432190420937781e-03
6.883867935000000216e+03 5.596909454657302829e-01 3.060432190420937781e-03
6.891864904999999453e+03 5.625585309670907419e-01 3.060432190420937781e-03
6.899861874999999600e+03 5.589231612694381957e-01 3.060432190420937781e-03
6.907858844999999747e+03 5.588302034049212885e-01 3.060432190420937781e-03
6.915855814999999893e+03 5.562327264952701134e-01 3.060432190420937781e-03
6.923852784999999130e+03 5.554472246387169854e-01 3.060432190420937781e-03
6.931849754999999277e+03 5.544503977858890043e-01 3.060432190420937781e-03
6.939846724999999424e+03 5.445307823757454813e-01 3.060432190420937781e-03
6.947843694999999570e+03 5.437323637301082480e-01 3.060432190420937781e-03
6.955840664999999717e+03 5.460393547383965984e-01 3.060432190420937781e-03
6.963837634999999864e+03 5.461362562905338613e-01 3.060432190420937781e-03
6.971834605000000010e+03 5.413774964480762009e-01 3.060432190420937781e-03
6.979831575000000157e+03 5.320482729976879765e-01 3.060432190420937781e-03
6.987828544999999394e+03 5.281023025710003260e-01 3.060432190420937781e-03
6.995825514999999541e+03 5.404766033314158946e-01 3.060432190420937781e-03
