         0
8.8567e+14
9.3955e+14
9.9671e+14
1.0573e+15
1.1217e+15
1.1899e+15
1.2623e+15
1.3391e+15
1.4206e+15
 1.507e+15
1.5987e+15
1.6959e+15
1.7991e+15
1.9085e+15
2.0246e+15
2.1478e+15
2.2785e+15
2.4171e+15
2.5641e+15
2.7201e+15
2.8856e+15
3.0612e+15
3.2474e+15
 3.445e+15
3.6545e+15
3.8769e+15
4.1127e+15
4.3629e+15
4.6283e+15
4.9099e+15
5.2086e+15
5.5255e+15
5.8616e+15
6.2182e+15
6.5965e+15
6.9978e+15
7.4236e+15
7.8752e+15
8.3543e+15
8.8625e+15
9.4017e+15
9.9736e+15
 1.058e+16
1.1224e+16
1.1907e+16
1.2631e+16
  1.34e+16
1.4215e+16
 1.508e+16
1.5997e+16
 1.697e+16
1.8003e+16
1.9098e+16
 2.026e+16
2.1492e+16
  2.28e+16
2.4187e+16
2.5658e+16
2.7219e+16
2.8875e+16
3.0632e+16
3.2495e+16
3.4472e+16
3.6569e+16
3.8794e+16
4.1154e+16
4.3658e+16
4.6314e+16
4.9131e+16
 5.212e+16
5.5291e+16
5.8655e+16
6.2223e+16
6.6009e+16
7.0025e+16
7.4285e+16
7.8804e+16
8.3598e+16
8.8684e+16
9.4079e+16
9.9802e+16
1.0587e+17
1.1231e+17
1.1915e+17
 1.264e+17
1.3409e+17
1.4224e+17
 1.509e+17
1.6008e+17
1.6981e+17
1.8015e+17
1.9111e+17
2.0273e+17
2.1506e+17
2.2815e+17
2.4203e+17
2.5675e+17
2.7237e+17
2.8894e+17
3.0652e+17
3.2517e+17
3.4495e+17
3.6594e+17
 3.882e+17
4.1181e+17
4.3687e+17
4.6344e+17
4.9164e+17
5.2155e+17
5.5328e+17
5.8694e+17
6.2264e+17
6.6052e+17
7.0071e+17
7.4334e+17
7.8856e+17
8.3653e+17
8.8742e+17
9.4141e+17
9.9868e+17
1.0594e+18
1.1239e+18
1.1923e+18
1.2648e+18
1.3417e+18
1.4234e+18
  1.51e+18
1.6018e+18
1.6993e+18
1.8026e+18
1.9123e+18
2.0287e+18
2.1521e+18
 2.283e+18
2.4219e+18
2.5692e+18
2.7255e+18
2.8913e+18
3.0672e+18
3.2538e+18
3.4518e+18
3.6618e+18
3.8845e+18
4.1209e+18
4.3716e+18
4.6375e+18
4.9196e+18
5.2189e+18
5.5364e+18
5.8732e+18
6.2306e+18
6.6096e+18
7.0117e+18
7.4383e+18
7.8908e+18
8.3708e+18
8.8801e+18
9.4203e+18
9.9934e+18
1.0601e+19
1.1246e+19
 1.193e+19
1.2656e+19
1.3426e+19
1.4243e+19
 1.511e+19
1.6029e+19
1.7004e+19
1.8038e+19
1.9136e+19
  2.03e+19
2.1535e+19
2.2845e+19
2.4235e+19
2.5709e+19
2.7273e+19
2.8932e+19
3.0693e+19
 3.256e+19
3.4541e+19
3.6642e+19
3.8871e+19
4.1236e+19
4.3744e+19
4.6406e+19
4.9229e+19
5.2224e+19
5.5401e+19
5.8771e+19
6.2347e+19
 6.614e+19
7.0163e+19
7.4432e+19
 7.896e+19
8.3764e+19
8.8859e+19
9.4265e+19
     1e+20
1.0608e+20
         0
