         0
4.4283e+16
4.6054e+16
4.7895e+16
 4.981e+16
5.1801e+16
5.3872e+16
5.6025e+16
5.8265e+16
6.0595e+16
6.3017e+16
6.5536e+16
6.8156e+16
7.0881e+16
7.3715e+16
7.6662e+16
7.9727e+16
8.2914e+16
8.6229e+16
8.9676e+16
9.3261e+16
9.6989e+16
1.0087e+17
 1.049e+17
1.0909e+17
1.1345e+17
1.1799e+17
1.2271e+17
1.2761e+17
1.3271e+17
1.3802e+17
1.4354e+17
1.4928e+17
1.5524e+17
1.6145e+17
 1.679e+17
1.7462e+17
 1.816e+17
1.8886e+17
1.9641e+17
2.0426e+17
2.1243e+17
2.2092e+17
2.2975e+17
2.3893e+17
2.4849e+17
2.5842e+17
2.6875e+17
 2.795e+17
2.9067e+17
3.0229e+17
3.1438e+17
3.2694e+17
3.4001e+17
3.5361e+17
3.6774e+17
3.8245e+17
3.9773e+17
4.1364e+17
4.3017e+17
4.4737e+17
4.6525e+17
4.8385e+17
 5.032e+17
5.2331e+17
5.4424e+17
5.6599e+17
5.8862e+17
6.1215e+17
6.3662e+17
6.6208e+17
6.8854e+17
7.1607e+17
 7.447e+17
7.7447e+17
8.0543e+17
8.3763e+17
8.7112e+17
9.0594e+17
9.4216e+17
9.7983e+17
 1.019e+18
1.0597e+18
1.1021e+18
1.1462e+18
 1.192e+18
1.2396e+18
1.2892e+18
1.3407e+18
1.3943e+18
1.4501e+18
 1.508e+18
1.5683e+18
 1.631e+18
1.6962e+18
1.7641e+18
1.8346e+18
1.9079e+18
1.9842e+18
2.0635e+18
 2.146e+18
2.2318e+18
 2.321e+18
2.4138e+18
2.5103e+18
2.6107e+18
 2.715e+18
2.8236e+18
2.9365e+18
3.0539e+18
 3.176e+18
3.3029e+18
 3.435e+18
3.5723e+18
3.7151e+18
3.8636e+18
4.0181e+18
4.1787e+18
4.3458e+18
4.5195e+18
4.7002e+18
4.8881e+18
5.0835e+18
5.2867e+18
5.4981e+18
5.7179e+18
5.9465e+18
6.1842e+18
6.4314e+18
6.6886e+18
 6.956e+18
 7.234e+18
7.5232e+18
 7.824e+18
8.1368e+18
8.4621e+18
8.8004e+18
9.1522e+18
9.5181e+18
9.8986e+18
1.0294e+19
1.0706e+19
1.1134e+19
1.1579e+19
1.2042e+19
1.2523e+19
1.3024e+19
1.3545e+19
1.4086e+19
1.4649e+19
1.5235e+19
1.5844e+19
1.6477e+19
1.7136e+19
1.7821e+19
1.8534e+19
1.9275e+19
2.0045e+19
2.0847e+19
 2.168e+19
2.2547e+19
2.3448e+19
2.4385e+19
 2.536e+19
2.6374e+19
2.7429e+19
2.8525e+19
2.9665e+19
3.0851e+19
3.2085e+19
3.3367e+19
3.4701e+19
3.6089e+19
3.7532e+19
3.9032e+19
4.0592e+19
4.2215e+19
4.3903e+19
4.5658e+19
4.7483e+19
4.9382e+19
5.1356e+19
5.3409e+19
5.5544e+19
5.7765e+19
6.0074e+19
6.2476e+19
6.4973e+19
6.7571e+19
7.0272e+19
7.3081e+19
7.6003e+19
7.9041e+19
8.2201e+19
8.5488e+19
8.8905e+19
 9.246e+19
9.6156e+19
     1e+20
  1.04e+20
         0
